10

16000 4500

30 55 80

1

0 72850 19190 41520 73340 62080 55040 29650 92540 48020 27750 
72860 0 54140 71550 116980 85780 121860 61380 122740 111940 45250 
19200 54510 0 46220 74980 56780 68200 22870 97240 58280 9410 
41220 71540 46420 0 108350 99330 74120 66640 54790 67100 50270 
73870 116790 75080 108681 0 41710 54070 57100 153021 51330 80180 
62240 85760 56400 99610 41610 0 77120 34320 153140 67460 57400 
55140 122300 68640 74640 54180 77160 0 64950 106430 10540 77200 
29660 61390 22760 66650 57150 34500 64720 0 120180 54800 24780 
92520 122970 97720 54710 151170 152780 106650 120090 0 108580 103980 
47870 112320 58660 67370 51290 67460 10420 54970 108520 0 67220 
27660 45160 8940 50650 80350 57570 76660 24750 104220 66740 0 

0 Ciudad_0 0 0 32400 0
1 Ciudad_1 426 4340 18940 852
2 Ciudad_2 235 16688 28937 470
3 Ciudad_3 778 2478 13715 1556
4 Ciudad_4 639 11162 15369 1278
5 Ciudad_5 227 6934 14383 454
6 Ciudad_6 141 11657 23012 282
7 Ciudad_7 551 9291 22671 1102
8 Ciudad_8 421 3842 10461 842
9 Ciudad_9 126 15404 26355 252
10 Ciudad_10 346 8814 22887 692

0 -0.00892329 -0.0634504 -0.0433952 -0.0382153 -0.0310092 0.0295617 -0.0799382 0.00968664 0.036479 0.097162 
0.00892329 0 0.00424997 0.0264536 0.0970864 -0.0803343 0.0119368 0.0156208 -0.0501219 0.0900444 -0.0203339 
0.0634504 -0.00424997 0 0.0303193 -0.0610809 0.0159799 -0.00598987 0.0259326 0.0747154 0.0973047 -0.0713089 
0.0433952 -0.0264536 -0.0303193 0 0.0987144 -0.0928782 0.0942394 -0.0579925 0.096446 0.0817367 0.0400819 
0.0382153 -0.0970864 0.0610809 -0.0987144 0 0.033923 0.0516503 0.0999011 0.0915732 0.0446169 -0.0398931 
0.0310092 0.0803343 -0.0159799 0.0928782 -0.033923 0 -0.0503074 0.0227842 -0.0999061 0.0696866 0.050533 
-0.0295617 -0.0119368 0.00598987 -0.0942394 -0.0516503 0.0503074 0 -0.0746707 0.0476544 -0.0563555 0.0410325 
0.0799382 -0.0156208 -0.0259326 0.0579925 -0.0999011 -0.0227842 0.0746707 0 0.0190807 -0.0176347 -0.0925214 
-0.00968664 0.0501219 -0.0747154 -0.096446 -0.0915732 0.0999061 -0.0476544 -0.0190807 0 -0.0827913 -0.035883 
-0.036479 -0.0900444 -0.0973047 -0.0817367 -0.0446169 -0.0696866 0.0563555 0.0176347 0.0827913 0 -0.0598096 
-0.097162 0.0203339 0.0713089 -0.0400819 0.0398931 -0.050533 -0.0410325 0.0925214 0.035883 0.0598096 0 
