10

16000 4500

30 55 80

2

0 43180 9330 86920 61410 41590 21260 56270 34020 30710 39460 
43090 0 42050 83640 54420 73580 59590 95300 71420 58420 78110 
9300 41950 0 79090 53580 50080 29000 60500 41760 39310 47200 
86421 83330 78561 0 31600 126942 106121 130750 118881 112520 124321 
61340 54320 53480 31810 0 98360 81040 109240 93321 83510 99240 
41950 72490 50510 127402 98750 0 21820 44500 14210 18640 19370 
21460 58470 29330 106920 81410 21380 0 44240 13230 16110 20400 
56180 95220 60430 131230 109320 44460 44210 0 35790 54220 26740 
34180 70590 42050 119640 94130 14160 13600 35890 0 21430 9890 
31470 57690 40120 113170 83950 18220 16830 54030 20860 0 28480 
39450 77930 47320 124910 99400 19070 20760 26870 9840 28660 0 

0 Ciudad_0 0 0 32400 0
1 Ciudad_1 130 13880 28480 260
2 Ciudad_2 433 14101 26350 866
3 Ciudad_3 324 3583 14820 648
4 Ciudad_4 741 4296 8503 1482
5 Ciudad_5 821 9575 17024 1642
6 Ciudad_6 130 2224 13579 260
7 Ciudad_7 797 13054 26434 1594
8 Ciudad_8 358 14258 20877 716
9 Ciudad_9 797 6010 16961 1594
10 Ciudad_10 807 4824 18897 1614

0 -0.0112668 0.083707 0.0828239 -0.0453539 -0.00545833 -0.0882678 0.0647596 -0.0857716 -0.0270922 0.0264218 
0.0112668 0 0.0263065 -0.0425989 -0.0701746 -0.000135663 0.0718762 -0.0375817 -0.0542341 -0.0769608 0.036273 
-0.083707 -0.0263065 0 0.0223063 -0.0321582 -0.0247641 -0.0335856 0.0858386 -0.0846648 0.00395207 0.0512957 
-0.0828239 0.0425989 -0.0223063 0 0.0147549 -0.0834217 -0.0296768 -0.00388642 0.0298411 -0.0464889 0.0152735 
0.0453539 0.0701746 0.0321582 -0.0147549 0 -0.0177998 -0.0922003 0.0087325 -0.0590389 -0.0910058 -0.0662523 
0.00545833 0.000135663 0.0247641 0.0834217 0.0177998 0 0.00473883 -0.0730886 -0.0978004 -0.0867261 0.0226691 
0.0882678 -0.0718762 0.0335856 0.0296768 0.0922003 -0.00473883 0 0.0181106 0.0404196 -0.0702403 0.0187022 
-0.0647596 0.0375817 -0.0858386 0.00388642 -0.0087325 0.0730886 -0.0181106 0 -0.0201072 0.0469624 -0.00660901 
0.0857716 0.0542341 0.0846648 -0.0298411 0.0590389 0.0978004 -0.0404196 0.0201072 0 -0.0520237 0.0852614 
0.0270922 0.0769608 -0.00395207 0.0464889 0.0910058 0.0867261 0.0702403 -0.0469624 0.0520237 0 0.0151766 
-0.0264218 -0.036273 -0.0512957 -0.0152735 0.0662523 -0.0226691 -0.0187022 0.00660901 -0.0852614 -0.0151766 0 
