10

16000 4500

30 55 80

1

0 95460 68580 52820 99100 48460 87380 37160 15140 19830 65880 
95140 0 36990 57790 42280 49400 39660 61200 86191 82810 32130 
68330 37310 0 24730 32120 21180 20400 34220 63080 55830 13610 
52960 58190 24680 0 52000 9600 40510 17160 49030 38770 28610 
98170 42400 31070 51360 0 51020 13870 64060 92920 85670 43920 
48170 49230 21150 9670 51670 0 39950 13800 42920 35410 19650 
87160 39830 20060 40800 14580 40010 0 53050 81910 74660 32910 
37100 61550 34480 17090 65000 13680 53280 0 33270 23260 31970 
14820 86681 63340 48820 93860 43500 82140 33290 0 21400 59721 
19800 83130 56060 38670 86580 35260 74860 23240 21420 0 53550 
65820 32140 13750 28470 44880 20080 33160 31880 59661 53490 0 

0 Ciudad_0 0 0 32400 0
1 Ciudad_1 462 12282 26882 924
2 Ciudad_2 174 13350 25599 348
3 Ciudad_3 281 10014 21251 562
4 Ciudad_4 692 21029 25236 1384
5 Ciudad_5 132 2451 9900 264
6 Ciudad_6 347 6438 17793 694
7 Ciudad_7 170 13670 27050 340
8 Ciudad_8 669 14606 21225 1338
9 Ciudad_9 261 19043 29994 522
10 Ciudad_10 730 4368 18441 1460

0 -0.0174927 -0.0991811 0.0335472 0.0730194 -0.0808156 -0.0594711 0.0372496 0.0447662 0.074914 0.0480746 
0.0174927 0 0.0447735 0.0438697 0.0381494 0.0972978 -0.0539916 -0.0420334 0.0540062 0.0480371 -0.0111152 
0.0991811 -0.0447735 0 0.000979526 0.0753847 0.022451 -0.0080662 0.00866606 0.0514883 -0.0664511 -0.0862814 
-0.0335472 -0.0438697 -0.000979526 0 -0.0418545 0.0399982 -0.044393 0.052905 0.0629963 -0.0900912 -0.00748781 
-0.0730194 -0.0381494 -0.0753847 0.0418545 0 -0.0505414 -0.00402364 -0.0177518 0.00312182 -0.0660302 0.0978733 
0.0808156 -0.0972978 -0.022451 -0.0399982 0.0505414 0 -0.038369 -0.023916 0.0966563 -0.0224506 -0.0170464 
0.0594711 0.0539916 0.0080662 0.044393 0.00402364 0.038369 0 0.0757159 0.0877594 0.0777304 -0.0795321 
-0.0372496 0.0420334 -0.00866606 -0.052905 0.0177518 0.023916 -0.0757159 0 -0.095039 -0.0297752 -0.0404934 
-0.0447662 -0.0540062 -0.0514883 -0.0629963 -0.00312182 -0.0966563 -0.0877594 0.095039 0 -0.0129479 -0.0180715 
-0.074914 -0.0480371 0.0664511 0.0900912 0.0660302 0.0224506 -0.0777304 0.0297752 0.0129479 0 -0.0351653 
-0.0480746 0.0111152 0.0862814 0.00748781 -0.0978733 0.0170464 0.0795321 0.0404934 0.0180715 0.0351653 0 
