10

16000 4500

30 55 80

2

0 69040 31160 56090 94370 95130 93470 96650 70140 89510 87740 
68900 0 40170 17730 31620 36770 35110 38290 2640 31150 46040 
32240 40250 0 31690 65580 66340 64680 67860 41350 60720 70040 
56050 17810 31950 0 44490 45390 43730 46910 18910 39770 40920 
95500 32110 66760 45480 0 28190 26530 12930 32150 29790 73190 
95680 37020 66940 45660 28200 0 2030 17560 38100 16840 78590 
93750 35090 65010 43730 26270 2240 0 15630 36170 14910 76660 
97120 38460 68380 47100 13080 18200 16540 0 39540 20130 80030 
70000 2640 41260 18830 31400 37810 36150 39330 0 32190 44750 
89960 31300 61220 39940 29750 16340 14680 19800 32380 0 72870 
87560 45950 70030 40600 72650 78240 76580 79760 44680 72620 0 

0 Ciudad_0 0 0 32400 0
1 Ciudad_1 725 13485 28085 1450
2 Ciudad_2 459 16660 28909 918
3 Ciudad_3 665 17116 28353 1330
4 Ciudad_4 823 16613 20820 1646
5 Ciudad_5 504 19244 26693 1008
6 Ciudad_6 773 13826 25181 1546
7 Ciudad_7 401 7425 20805 802
8 Ciudad_8 822 20352 26971 1644
9 Ciudad_9 324 6277 17228 648
10 Ciudad_10 796 8429 22502 1592

0 0.0987813 -0.0181867 0.099594 0.0573135 0.00306641 0.0903092 -0.0489701 0.0392806 0.0327855 -0.0582561 
-0.0987813 0 0.0492439 0.00221172 -0.0227412 0.0695352 -0.06435 0.0325202 -0.0462342 -0.0122138 -0.0538043 
0.0181867 -0.0492439 0 0.0895823 0.00835545 -0.0447984 -0.0666244 -0.0704468 -0.0291865 0.0758791 0.00293677 
-0.099594 -0.00221172 -0.0895823 0 0.0401461 -0.0610074 -0.017522 -0.0988198 0.0371742 0.080217 0.0610562 
-0.0573135 0.0227412 -0.00835545 -0.0401461 0 0.00151025 0.059493 0.0569813 -0.0271642 0.0785418 -0.0755405 
-0.00306641 -0.0695352 0.0447984 0.0610074 -0.00151025 0 0.00140424 0.0755921 -0.0103094 0.0785058 0.0548798 
-0.0903092 0.06435 0.0666244 0.017522 -0.059493 -0.00140424 0 0.0542917 0.0665789 -0.0953746 0.0751196 
0.0489701 -0.0325202 0.0704468 0.0988198 -0.0569813 -0.0755921 -0.0542917 0 0.0160868 -0.0101383 -0.077875 
-0.0392806 0.0462342 0.0291865 -0.0371742 0.0271642 0.0103094 -0.0665789 -0.0160868 0 -0.0750723 -0.0287543 
-0.0327855 0.0122138 -0.0758791 -0.080217 -0.0785418 -0.0785058 0.0953746 0.0101383 0.0750723 0 -0.0876877 
0.0582561 0.0538043 -0.00293677 -0.0610562 0.0755405 -0.0548798 -0.0751196 0.077875 0.0287543 0.0876877 0 
