10

16000 4500

30 55 80

1

0 76470 53070 83690 35130 76280 63320 30580 79540 62990 74040 
76830 0 95100 25790 55330 141190 22120 50450 91770 77550 147500 
52820 94180 0 113250 41870 110960 91220 76050 127973 32450 97020 
84280 25590 113430 0 73390 142470 22010 53390 72320 100740 152670 
35480 55050 42600 73340 0 108382 51690 40600 96672 34780 99150 
76460 141250 110940 142510 108482 0 122490 91700 93990 130920 39450 
63420 24660 90940 25510 51450 123410 0 32670 73470 78800 129740 
31160 50460 76040 53380 40570 91350 33010 0 57650 75100 97170 
79870 92070 127413 72370 96672 93720 70060 57760 0 130492 110310 
64020 77060 32130 100820 34360 131370 79170 74800 130152 0 119150 
73640 148600 96960 153970 98910 39600 132140 96890 110650 118190 0 

0 Ciudad_0 0 0 32400 0
1 Ciudad_1 575 3476 18076 1150
2 Ciudad_2 675 9054 21303 1350
3 Ciudad_3 194 16915 28152 388
4 Ciudad_4 438 10744 14951 876
5 Ciudad_5 147 9853 17302 294
6 Ciudad_6 651 4331 15686 1302
7 Ciudad_7 712 3869 17249 1424
8 Ciudad_8 533 12680 19299 1066
9 Ciudad_9 298 9896 20847 596
10 Ciudad_10 125 10524 24597 250

0 0.0587416 -0.0462446 0.0341961 0.0254776 -0.00100379 0.096273 0.0736558 -0.0218442 -0.00699903 -0.010412 
-0.0587416 0 -0.0765862 -0.0216514 -0.0495607 0.0475299 -0.0315944 -0.0471402 -0.0769228 0.0400773 0.0480662 
0.0462446 0.0765862 0 -0.059741 -0.0729644 -0.0606329 -0.0446499 -0.0669733 0.0389289 -0.067236 0.0336928 
-0.0341961 0.0216514 0.059741 0 0.0177965 -0.0900454 0.0242779 0.00569847 0.0649329 -0.0415437 -0.0452098 
-0.0254776 0.0495607 0.0729644 -0.0177965 0 0.0526819 0.0992764 -0.0860196 -0.0651865 -0.0192773 0.0206913 
0.00100379 -0.0475299 0.0606329 0.0900454 -0.0526819 0 0.0690187 0.036394 0.0543351 0.0532791 -0.0412594 
-0.096273 0.0315944 0.0446499 -0.0242779 -0.0992764 -0.0690187 0 0.00520757 0.0900115 0.0641099 0.06918 
-0.0736558 0.0471402 0.0669733 -0.00569847 0.0860196 -0.036394 -0.00520757 0 0.0877992 0.0462533 -0.0650443 
0.0218442 0.0769228 -0.0389289 -0.0649329 0.0651865 -0.0543351 -0.0900115 -0.0877992 0 0.0868165 -0.0188595 
0.00699903 -0.0400773 0.067236 0.0415437 0.0192773 -0.0532791 -0.0641099 -0.0462533 -0.0868165 0 -0.0094983 
0.010412 -0.0480662 -0.0336928 0.0452098 -0.0206913 0.0412594 -0.06918 0.0650443 0.0188595 0.0094983 0 
