10

16000 4500

30 55 80

2

0 95250 84850 34850 81850 80870 88200 63000 68210 94950 75310 
95010 0 98700 78730 135100 162940 158870 147660 52240 186090 74640 
84690 98450 0 52830 166222 163440 78990 93781 116200 147520 24520 
34840 78660 53270 0 116430 115450 78670 70260 73890 112400 42600 
82050 134830 166890 116640 0 42520 156231 121501 90130 118312 154000 
80920 162330 163310 115510 42870 0 140312 105912 119800 77330 155970 
88300 157380 78890 78780 156461 139702 0 40540 152270 87490 90070 
62910 147710 94350 70060 121511 105182 40370 0 129200 58420 99550 
67980 51730 115873 73700 89980 119820 152080 129240 0 160410 93620 
94880 186350 147110 112690 117460 77640 87200 58530 157870 0 151150 
75410 74580 24730 42510 153990 156020 89880 99170 94180 150910 0 

0 Ciudad_0 0 0 32400 0
1 Ciudad_1 780 12150 26750 1560
2 Ciudad_2 420 15290 27539 840
3 Ciudad_3 637 14035 25272 1274
4 Ciudad_4 108 5560 9767 216
5 Ciudad_5 315 6442 13891 630
6 Ciudad_6 240 10965 22320 480
7 Ciudad_7 331 11132 24512 662
8 Ciudad_8 447 19523 26142 894
9 Ciudad_9 643 9810 20761 1286
10 Ciudad_10 607 12276 26349 1214

0 -0.0883706 -0.00177288 -0.0178178 0.0828808 -0.0523441 -0.0859667 0.0372963 0.0713236 0.0749643 0.0986665 
0.0883706 0 -0.00560277 -0.0779966 -0.0785564 0.0296259 0.075775 0.0666512 0.0365187 0.0308994 0.018842 
0.00177288 0.00560277 0 -0.0550321 -0.00681292 0.0235661 0.0356404 0.0443584 0.0757148 -0.0772364 -0.00944954 
0.0178178 0.0779966 0.0550321 0 -0.0333917 -0.08902 0.00133109 -0.0505704 0.0167168 -0.00574463 -0.00283382 
-0.0828808 0.0785564 0.00681292 0.0333917 0 -0.00536095 -0.0756522 0.0883208 0.0491906 0.0541424 -0.0174924 
0.0523441 -0.0296259 -0.0235661 0.08902 0.00536095 0 0.093709 -0.065468 -0.061631 -0.0457302 -0.0232448 
0.0859667 -0.075775 -0.0356404 -0.00133109 0.0756522 -0.093709 0 0.0600548 -0.0915006 0.0681739 -0.0822546 
-0.0372963 -0.0666512 -0.0443584 0.0505704 -0.0883208 0.065468 -0.0600548 0 0.0345758 -0.0446637 0.0398406 
-0.0713236 -0.0365187 -0.0757148 -0.0167168 -0.0491906 0.061631 0.0915006 -0.0345758 0 -0.0633288 0.0658964 
-0.0749643 -0.0308994 0.0772364 0.00574463 -0.0541424 0.0457302 -0.0681739 0.0446637 0.0633288 0 0.0358218 
-0.0986665 -0.018842 0.00944954 0.00283382 0.0174924 0.0232448 0.0822546 -0.0398406 -0.0658964 -0.0358218 0 
