10

16000 4500

30 55 80

1

0 90760 45210 35710 96690 88820 72420 63130 73770 95390 75300 
90740 0 111120 87260 144890 36210 121430 117130 31900 48520 143930 
44960 110960 0 24450 40740 90520 37550 19410 104080 94000 31280 
35380 87480 24430 0 63160 69540 38890 32360 86090 75350 61330 
97230 144870 40600 63060 0 112580 25630 48640 147370 110590 10200 
88710 36250 90440 69460 112420 0 89020 84720 57980 14600 111460 
72970 121660 37000 38800 25670 89370 0 24380 123110 92850 23450 
62800 117260 19200 33010 48540 84970 24270 0 117320 88450 46710 
74110 31750 104250 85600 147410 58090 123140 117220 0 71630 145580 
95350 48760 93900 75490 110920 14320 92480 88180 71820 0 114920 
75090 144010 31290 61160 10470 111720 23330 46730 145460 115200 0 

0 Ciudad_0 0 0 32400 0
1 Ciudad_1 486 11662 26262 972
2 Ciudad_2 682 2251 14500 1364
3 Ciudad_3 533 10565 21802 1066
4 Ciudad_4 556 6094 10301 1112
5 Ciudad_5 257 13223 20672 514
6 Ciudad_6 227 5953 17308 454
7 Ciudad_7 128 10395 23775 256
8 Ciudad_8 365 5742 12361 730
9 Ciudad_9 126 10877 21828 252
10 Ciudad_10 404 3069 17142 808

0 -0.0334466 -0.000560198 0.00178906 -0.054302 0.0907 -0.0599692 0.0829542 -0.0570578 0.022981 0.00865005 
0.0334466 0 0.0882575 0.0341543 -0.0439056 0.0222382 -0.0536963 0.0510604 -0.0852306 -0.0281493 0.0920191 
0.000560198 -0.0882575 0 0.0156259 0.087341 -0.0968734 0.0590969 -0.0514978 -0.0407132 0.0522685 -0.00632558 
-0.00178906 -0.0341543 -0.0156259 0 -0.0819558 0.0191455 0.0814573 -0.0734941 -0.0366908 0.07921 -0.0216649 
0.054302 0.0439056 -0.087341 0.0819558 0 -0.086294 0.0213745 0.0224189 -0.0303932 0.0650804 0.000708271 
-0.0907 -0.0222382 0.0968734 -0.0191455 0.086294 0 -0.0707612 0.0317573 0.0680337 0.083173 -0.0156571 
0.0599692 0.0536963 -0.0590969 -0.0814573 -0.0213745 0.0707612 0 -0.0910621 0.0996917 0.0666427 0.0796211 
-0.0829542 -0.0510604 0.0514978 0.0734941 -0.0224189 -0.0317573 0.0910621 0 0.0491547 -0.0822064 -0.0441854 
0.0570578 0.0852306 0.0407132 0.0366908 0.0303932 -0.0680337 -0.0996917 -0.0491547 0 -0.0184865 0.0730328 
-0.022981 0.0281493 -0.0522685 -0.07921 -0.0650804 -0.083173 -0.0666427 0.0822064 0.0184865 0 0.0890835 
-0.00865005 -0.0920191 0.00632558 0.0216649 -0.000708271 0.0156571 -0.0796211 0.0441854 -0.0730328 -0.0890835 0 
