10

16000 4500

30 55 80

1

0 55180 27930 59900 89770 94840 20060 63230 98000 85750 99840 
55140 0 67040 38590 108510 96980 74900 72470 85240 97780 62930 
27770 67040 0 55310 64690 70300 15700 38690 83780 61210 95250 
58640 38530 54680 0 82490 60290 68980 42590 48530 66380 41380 
89020 109080 64530 82730 0 44230 69890 41010 68110 21110 103450 
94340 96130 70130 59260 43960 0 83910 34850 25890 23500 64520 
20040 74870 15740 69620 70900 84090 0 52480 97570 75000 109560 
62120 72690 37910 42330 40420 34990 51690 0 46120 28930 72670 
98010 85190 83620 48540 67660 26690 97400 46040 0 47180 45520 
84770 97590 60560 66110 21040 23120 74340 28850 47060 0 82840 
98840 62760 94870 41300 102780 65150 109180 72280 45510 82850 0 

0 Ciudad_0 0 0 32400 0
1 Ciudad_1 304 8593 23193 608
2 Ciudad_2 524 9214 21463 1048
3 Ciudad_3 258 11410 22647 516
4 Ciudad_4 383 6320 10527 766
5 Ciudad_5 504 3940 11389 1008
6 Ciudad_6 763 12019 23374 1526
7 Ciudad_7 597 15293 28673 1194
8 Ciudad_8 345 12619 19238 690
9 Ciudad_9 192 3889 14840 384
10 Ciudad_10 352 6680 20753 704

0 -0.0577257 0.0614899 0.0522272 -0.0568102 -0.0424827 -0.0939791 0.0673674 0.0845616 0.0492362 0.018807 
0.0577257 0 -0.0249417 0.0442517 0.0463644 0.0704784 0.0985749 -0.0420727 -0.00402512 0.0148059 -0.0216529 
-0.0614899 0.0249417 0 0.0963678 -0.0502585 -0.0728694 0.0673157 0.0629527 0.0855496 0.0122507 0.0450547 
-0.0522272 -0.0442517 -0.0963678 0 0.0876402 0.0762863 0.0842836 -0.0948533 -0.0829919 -0.0467585 0.0672351 
0.0568102 -0.0463644 0.0502585 -0.0876402 0 -0.0216861 -0.0465309 -0.0823226 0.0978703 -0.039984 -0.0916988 
0.0424827 -0.0704784 0.0728694 -0.0762863 0.0216861 0 0.0666457 0.0196473 -0.0702131 -0.0999992 -0.0673751 
0.0939791 -0.0985749 -0.0673157 -0.0842836 0.0465309 -0.0666457 0 0.00864345 0.00871457 -0.0463801 0.0752951 
-0.0673674 0.0420727 -0.0629527 0.0948533 0.0823226 -0.0196473 -0.00864345 0 0.00421979 0.00101125 0.0168045 
-0.0845616 0.00402512 -0.0855496 0.0829919 -0.0978703 0.0702131 -0.00871457 -0.00421979 0 -0.0847151 -0.0206719 
-0.0492362 -0.0148059 -0.0122507 0.0467585 0.039984 0.0999992 0.0463801 -0.00101125 0.0847151 0 -0.093722 
-0.018807 0.0216529 -0.0450547 -0.0672351 0.0916988 0.0673751 -0.0752951 -0.0168045 0.0206719 0.093722 0 
