10

16000 4500

30 55 80

1

0 46560 22420 90920 90280 66560 28300 65240 83090 91950 22820 
46460 0 35540 131390 112660 71961 50750 105680 86770 96600 34930 
22390 35190 0 97550 78660 45700 48930 71870 61720 71550 3780 
91090 131610 97790 0 61000 94920 100280 25920 99800 101350 101360 
90470 113260 79250 60010 0 48411 113610 56870 49170 45030 82820 
66440 72571 45480 95130 48020 0 93020 79320 19220 29050 48920 
27980 50870 48330 99800 113720 92211 0 74120 107631 117461 46030 
65170 105690 71870 25680 57920 79440 74360 0 84710 88710 75440 
83070 86430 61820 100370 48750 19270 109161 85090 0 11790 64511 
91440 95990 71820 101270 44950 29270 117250 89520 11690 0 74511 
22820 34690 3930 101140 82250 48201 46730 75460 63621 73451 0 

0 Ciudad_0 0 0 32400 0
1 Ciudad_1 228 5195 19795 456
2 Ciudad_2 170 11355 23604 340
3 Ciudad_3 448 12752 23989 896
4 Ciudad_4 373 11265 15472 746
5 Ciudad_5 205 11129 18578 410
6 Ciudad_6 680 5414 16769 1360
7 Ciudad_7 335 6070 19450 670
8 Ciudad_8 813 13412 20031 1626
9 Ciudad_9 461 14261 25212 922
10 Ciudad_10 594 6668 20741 1188

0 -0.00360683 0.080268 -0.0823364 -0.0978805 -0.0640445 -0.0391169 -0.0390879 -0.0546971 0.0407644 -0.0823354 
0.00360683 0 0.0449006 0.0270137 -0.0247843 -0.0980139 0.0590006 -0.0866267 -0.00144004 -0.00756326 0.0713933 
-0.080268 -0.0449006 0 -0.0322685 -0.0487024 -0.00612577 0.034566 0.0986576 0.0454612 0.0302442 -0.00146547 
0.0823364 -0.0270137 0.0322685 0 0.065004 -0.0356624 0.0124336 -0.0463169 0.0920393 -0.0591945 -0.0859673 
0.0978805 0.0247843 0.0487024 -0.065004 0 -0.0929936 -0.0500792 0.0979807 -0.0579308 0.0978553 -0.00377712 
0.0640445 0.0980139 0.00612577 0.0356624 0.0929936 0 -0.0963358 -0.0760343 -0.0852448 -0.0142725 -0.0628358 
0.0391169 -0.0590006 -0.034566 -0.0124336 0.0500792 0.0963358 0 -0.0784858 -0.0491525 0.0294426 -0.00430826 
0.0390879 0.0866267 -0.0986576 0.0463169 -0.0979807 0.0760343 0.0784858 0 0.0338752 0.0977133 -0.0553938 
0.0546971 0.00144004 -0.0454612 -0.0920393 0.0579308 0.0852448 0.0491525 -0.0338752 0 0.0924853 -0.0295866 
-0.0407644 0.00756326 -0.0302442 0.0591945 -0.0978553 0.0142725 -0.0294426 -0.0977133 -0.0924853 0 -0.080588 
0.0823354 -0.0713933 0.00146547 0.0859673 0.00377712 0.0628358 0.00430826 0.0553938 0.0295866 0.080588 0 
