10

16000 4500

30 55 80

1

0 82690 79890 31900 86340 79180 57420 56720 43850 86260 61470 
82060 0 25200 88190 135450 9160 87300 46880 96550 95790 28620 
79680 24050 0 90450 112991 31050 98310 28240 79721 110960 37020 
32030 88360 90170 0 116610 81680 47690 74880 74120 76530 63810 
85910 134730 112331 116400 0 139150 140050 90900 44440 169160 124560 
78220 9380 31670 81910 138890 0 78970 48510 97740 87220 22600 
57860 87470 97910 47890 140300 78610 0 95130 97810 38750 64910 
56620 46880 27990 75000 90820 48540 94340 0 55150 112760 38120 
42980 96510 78391 73470 44470 97940 97120 54630 0 126230 83360 
86660 95631 110972 76690 169240 86451 38800 113210 126750 0 78470 
59110 29580 37580 61780 123720 22290 62540 39320 83030 75890 0 

0 Ciudad_0 0 0 32400 0
1 Ciudad_1 403 7632 22232 806
2 Ciudad_2 411 15958 28207 822
3 Ciudad_3 596 14806 26043 1192
4 Ciudad_4 582 15826 20033 1164
5 Ciudad_5 212 16490 23939 424
6 Ciudad_6 330 2404 13759 660
7 Ciudad_7 687 10082 23462 1374
8 Ciudad_8 210 13932 20551 420
9 Ciudad_9 330 16147 27098 660
10 Ciudad_10 697 14049 28122 1394

0 0.0484954 0.0049922 0.0874648 -0.0361461 0.0393672 0.0459539 -0.0552259 0.0821263 -0.00666103 -0.0513018 
-0.0484954 0 0.01184 -0.0979339 0.0715258 -0.0632767 -0.0361728 -0.0327717 -0.038193 0.0118079 0.0464405 
-0.0049922 -0.01184 0 0.0755325 0.0214021 -5.6367e-05 -0.0949368 0.0489684 0.0491012 0.0189613 -0.091535 
-0.0874648 0.0979339 -0.0755325 0 -0.0879242 -0.0786936 0.0863265 0.0929594 0.00704485 -0.0680295 -0.0342813 
0.0361461 -0.0715258 -0.0214021 0.0879242 0 0.0143429 -0.00668211 -0.0127855 0.0989992 -0.0138478 -0.0692544 
-0.0393672 0.0632767 5.6367e-05 0.0786936 -0.0143429 0 -0.0501872 -0.0832752 -0.0201338 0.0460654 0.0848771 
-0.0459539 0.0361728 0.0949368 -0.0863265 0.00668211 0.0501872 0 -0.0475835 -0.0784303 -0.0805539 0.0242435 
0.0552259 0.0327717 -0.0489684 -0.0929594 0.0127855 0.0832752 0.0475835 0 -0.00290559 -0.0528628 -0.0219741 
-0.0821263 0.038193 -0.0491012 -0.00704485 -0.0989992 0.0201338 0.0784303 0.00290559 0 -0.0561619 -0.039885 
0.00666103 -0.0118079 -0.0189613 0.0680295 0.0138478 -0.0460654 0.0805539 0.0528628 0.0561619 0 -0.0351719 
0.0513018 -0.0464405 0.091535 0.0342813 0.0692544 -0.0848771 -0.0242435 0.0219741 0.039885 0.0351719 0 
