10

16000 4500

30 55 80

2

0 53700 96700 71180 88300 47640 67820 48190 78750 72530 38430 
53600 0 139230 108610 138710 97900 93890 38660 97010 74810 54160 
96470 138800 0 134184 42930 50300 57940 138440 163432 92050 132900 
71480 109720 134724 0 109172 87260 135030 75670 38870 143190 54760 
88230 138760 43090 108542 0 41510 75920 132050 136960 108950 117950 
47800 98330 50620 87740 41450 0 51300 93630 115560 75120 82930 
68770 93880 58190 135950 76612 51680 0 108550 146180 36200 105860 
48300 39230 139380 75340 132140 93800 108300 0 63150 101790 20890 
78540 97010 164282 38690 137360 113660 145540 62610 0 150250 44740 
73000 74960 92000 142840 108750 75190 36110 101850 148560 0 104570 
38180 54960 132570 54910 117530 82430 105180 20910 45060 104540 0 

0 Ciudad_0 0 0 32400 0
1 Ciudad_1 629 4022 18622 1258
2 Ciudad_2 114 5247 17496 228
3 Ciudad_3 475 8763 20000 950
4 Ciudad_4 370 6935 11142 740
5 Ciudad_5 596 9031 16480 1192
6 Ciudad_6 679 2803 14158 1358
7 Ciudad_7 512 9055 22435 1024
8 Ciudad_8 781 20953 27572 1562
9 Ciudad_9 392 4920 15871 784
10 Ciudad_10 771 2897 16970 1542

0 0.0183171 0.0560813 -0.0162588 0.0684751 -0.087765 -0.062599 0.0687101 0.0422643 -0.0333125 -0.0400285 
-0.0183171 0 -0.0222196 0.0801672 -0.0614157 -0.0450607 -0.0713667 -0.00920839 -0.0633226 -0.0252882 -0.0169404 
-0.0560813 0.0222196 0 0.0171108 0.0856471 0.010583 -0.00863583 0.0741765 0.0713344 -0.0127421 -0.018995 
0.0162588 -0.0801672 -0.0171108 0 0.0427205 -0.0332341 0.0792147 -0.0975495 -0.0824524 -0.0923983 -0.0139782 
-0.0684751 0.0614157 -0.0856471 -0.0427205 0 0.0130713 0.071954 0.0370635 0.0813072 -0.0832041 0.0552554 
0.087765 0.0450607 -0.010583 0.0332341 -0.0130713 0 0.00233113 0.0509462 -0.0526505 0.046049 0.0449402 
0.062599 0.0713667 0.00863583 -0.0792147 -0.071954 -0.00233113 0 0.0142634 -0.0112846 0.00263754 0.0232667 
-0.0687101 0.00920839 -0.0741765 0.0975495 -0.0370635 -0.0509462 -0.0142634 0 0.0979222 0.0428741 -0.018181 
-0.0422643 0.0633226 -0.0713344 0.0824524 -0.0813072 0.0526505 0.0112846 -0.0979222 0 0.0450833 -0.0426584 
0.0333125 0.0252882 0.0127421 0.0923983 0.0832041 -0.046049 -0.00263754 -0.0428741 -0.0450833 0 0.0824613 
0.0400285 0.0169404 0.018995 0.0139782 -0.0552554 -0.0449402 -0.0232667 0.018181 0.0426584 -0.0824613 0 
