10

16000 4500

30 55 80

2

0 57060 65480 37870 99800 81860 59240 93280 37860 86420 59240 
57380 0 8970 79910 121821 106680 53810 38990 45170 126180 101280 
65840 8930 0 88370 130281 115140 57430 33410 53630 134740 109740 
37430 79490 87910 0 83990 62490 74910 116370 53530 49340 22190 
100370 121950 130370 83690 0 22360 78771 140730 76920 61380 88630 
82000 106900 115320 61990 22540 0 70280 129090 63690 41770 66270 
59480 54030 57480 74840 79041 69521 0 60250 21720 99620 95520 
93590 38940 33470 116920 138320 126561 60240 0 70020 155440 138290 
38350 45030 53450 53710 77130 63440 21840 69960 0 83060 74390 
86120 127490 135910 48900 61740 41870 100290 159150 83060 0 40600 
58620 100680 109100 21470 89110 66570 95160 137560 73780 40590 0 

0 Ciudad_0 0 0 32400 0
1 Ciudad_1 431 11116 25716 862
2 Ciudad_2 236 5310 17559 472
3 Ciudad_3 426 3706 14943 852
4 Ciudad_4 550 17457 21664 1100
5 Ciudad_5 687 7381 14830 1374
6 Ciudad_6 578 13931 25286 1156
7 Ciudad_7 403 7588 20968 806
8 Ciudad_8 409 14085 20704 818
9 Ciudad_9 597 13395 24346 1194
10 Ciudad_10 441 2833 16906 882

0 0.0707039 0.0519174 -0.0732012 -0.0824287 -0.0433286 -0.0369349 0.0916542 0.0151783 0.0102085 -0.0668968 
-0.0707039 0 0.0722935 0.0958211 -0.0149999 -0.0276051 0.0475089 0.058609 -0.0862217 0.062266 -0.0408105 
-0.0519174 -0.0722935 0 0.0783703 -0.0407031 0.0198384 -0.00719553 -0.0592793 -0.0171857 -0.0636661 -0.0364415 
0.0732012 -0.0958211 -0.0783703 0 -0.0557848 -0.099463 0.0942451 -0.0941785 -0.0192923 0.0756153 0.0433668 
0.0824287 0.0149999 0.0407031 0.0557848 0 0.0620932 -0.042937 -0.0850508 0.0838464 0.0760199 0.0040692 
0.0433286 0.0276051 -0.0198384 0.099463 -0.0620932 0 0.0375237 -0.0333134 0.0825561 -0.0557952 0.083025 
0.0369349 -0.0475089 0.00719553 -0.0942451 0.042937 -0.0375237 0 0.0901866 0.0801822 0.00706528 0.0224808 
-0.0916542 -0.058609 0.0592793 0.0941785 0.0850508 0.0333134 -0.0901866 0 0.0554039 0.0825373 0.0455791 
-0.0151783 0.0862217 0.0171857 0.0192923 -0.0838464 -0.0825561 -0.0801822 -0.0554039 0 0.0775052 -0.0202662 
-0.0102085 -0.062266 0.0636661 -0.0756153 -0.0760199 0.0557952 -0.00706528 -0.0825373 -0.0775052 0 0.0761482 
0.0668968 0.0408105 0.0364415 -0.0433668 -0.0040692 -0.083025 -0.0224808 -0.0455791 0.0202662 -0.0761482 0 
