10

16000 4500

30 55 80

1

0 89170 12360 86820 7810 98141 69730 44500 39760 9540 13370 
88990 0 81870 166471 90330 11070 140570 122641 53600 98480 76910 
12240 81370 0 98540 10830 90341 81450 56220 31960 21260 10940 
86810 165931 98140 0 93470 178282 87740 42890 117050 79020 99180 
7750 89560 10580 93750 0 98531 76660 51430 40150 16470 17710 
98121 11040 91001 178691 99461 0 150460 131991 63481 107611 86041 
69920 140730 81250 87560 76580 150390 0 57560 94970 62130 82110 
44380 123411 55710 43020 51040 132901 57690 0 74530 36590 56750 
39130 53640 32010 117690 40470 62801 94580 75020 0 48620 27050 
9920 98060 21250 79200 16580 107031 62110 36880 48650 0 22290 
12470 76340 11480 99240 18040 85311 82150 56920 26930 21960 0 

0 Ciudad_0 0 0 32400 0
1 Ciudad_1 530 10690 25290 1060
2 Ciudad_2 330 16078 28327 660
3 Ciudad_3 405 5790 17027 810
4 Ciudad_4 406 21561 25768 812
5 Ciudad_5 568 5410 12859 1136
6 Ciudad_6 659 13775 25130 1318
7 Ciudad_7 300 7470 20850 600
8 Ciudad_8 330 11440 18059 660
9 Ciudad_9 720 9050 20001 1440
10 Ciudad_10 207 10573 24646 414

0 0.0793997 -0.0869431 0.0907612 0.0947942 -0.0633265 -0.0931644 -0.00678589 -0.0408777 0.0571151 0.00525695 
-0.0793997 0 -0.00732655 -0.0228422 -0.00410242 -0.0189724 0.0702699 -0.0782687 0.0559887 -0.0370425 0.0771533 
0.0869431 0.00732655 0 -0.0852161 -0.00406258 -0.0533258 -0.0173585 0.0783881 -0.0797797 -0.00543837 0.0593012 
-0.0907612 0.0228422 0.0852161 0 -0.0980254 0.0737067 0.00582474 -0.0809006 -0.0342033 0.0365011 0.095857 
-0.0947942 0.00410242 0.00406258 0.0980254 0 -0.0796726 0.0010048 0.0187845 0.0880659 0.00619453 -0.0041049 
0.0633265 0.0189724 0.0533258 -0.0737067 0.0796726 0 0.0748623 0.0561603 -0.0583546 -0.0688025 -0.00642618 
0.0931644 -0.0702699 0.0173585 -0.00582474 -0.0010048 -0.0748623 0 -0.0976289 0.0370298 0.0814497 -0.0975437 
0.00678589 0.0782687 -0.0783881 0.0809006 -0.0187845 -0.0561603 0.0976289 0 -0.0457242 0.0659256 0.0902308 
0.0408777 -0.0559887 0.0797797 0.0342033 -0.0880659 0.0583546 -0.0370298 0.0457242 0 0.0855723 0.0254574 
-0.0571151 0.0370425 0.00543837 -0.0365011 -0.00619453 0.0688025 -0.0814497 -0.0659256 -0.0855723 0 -0.076525 
-0.00525695 -0.0771533 -0.0593012 -0.095857 0.0041049 0.00642618 0.0975437 -0.0902308 -0.0254574 0.076525 0 
