50

16000 4500

30 55 80

5

0 93110 80890 66860 80840 84520 97750 85650 60500 63730 91040 68730 78770 87400 52790 77590 92750 48500 91171 24690 78931 53930 24830 87691 80710 77540 63690 83400 54530 79540 67420 88970 79230 14430 60910 43610 72820 71800 15630 82980 90690 75880 61020 67630 73260 70710 45560 89040 83400 82870 90061 
93160 0 142850 121090 44592 63890 153480 76070 61970 154280 112500 28070 41560 69673 41320 84890 65120 129840 191071 70550 166810 47020 104180 187591 16660 86510 146960 15340 65660 24500 148960 109540 133400 103110 142450 59990 163370 26280 79370 52790 28580 50420 33420 43830 28290 59770 88030 20080 140170 13340 189961 
80940 144780 0 135210 113840 107730 24380 164180 139190 71580 162150 128420 111770 106960 110430 151360 169451 36640 66540 99390 62220 121371 61150 68350 128970 150730 110980 137310 132420 139360 33610 58330 146840 84700 37860 117520 76550 129040 91710 156321 127790 149221 113890 140201 118320 94580 118160 147330 18110 134610 73430 
67691 121680 135370 0 142040 147931 158700 60700 63580 82430 32740 93940 136780 151611 95040 47870 80910 98810 116250 70900 104590 75000 90391 111470 121990 45060 38180 108510 59120 101600 114340 153111 12370 63181 108100 67490 84490 98350 66691 79311 136690 75680 100730 80880 122720 134121 37300 106620 148961 109560 108670 
80950 44261 114100 141970 0 20010 121110 110690 88040 137440 142220 54960 8050 27231 49210 114610 105181 109370 160530 76850 147210 67390 85020 158290 28140 116230 143260 50600 88310 60630 122700 71221 154340 94000 121850 77970 147030 51950 81100 92851 20850 87300 43410 76610 22670 23520 108000 59981 109250 47080 162660 
84440 63482 108220 147660 20020 0 106590 127790 102060 139740 157210 72530 24120 8100 63230 129300 123990 105590 157970 86180 144650 81410 86760 155730 47401 130920 146750 68980 102330 79010 118920 55810 160600 97490 118070 91990 148380 69520 85810 111080 40071 104870 58990 94180 41050 13740 120060 79202 99210 65460 160100 
97640 155260 24290 158252 121420 106190 0 177330 150990 94820 185192 140150 118850 103650 122160 170260 181251 59682 89780 113430 85460 133171 78750 91590 138330 170210 134022 149040 145740 151160 56850 51310 169882 104040 60902 130670 99790 140770 108410 168121 137150 161021 125620 152001 127680 97450 141202 159060 17760 146340 96670 
85420 76100 165170 61240 110420 127650 177110 0 27520 129660 41590 55300 105320 133800 67370 17060 21160 129272 162244 65840 150004 47040 107150 158764 84731 18960 93610 61451 33120 54391 147312 153762 70960 89300 140802 47790 134860 60210 73200 24770 98221 25410 70920 35090 89140 120830 49110 57410 162760 66361 158740 
60670 62780 139320 63200 89080 103380 151260 27160 0 107642 56230 35720 83820 108860 42000 28620 34170 105182 138154 40110 125914 21670 82400 134674 65570 30240 87100 48800 8280 40770 123222 128392 75050 68640 116712 22060 115742 40630 48450 25200 80270 19540 47400 20050 69390 95890 34300 45790 136910 51310 136722 
64150 154620 71560 82930 137560 139860 94890 129010 108900 0 114650 129580 135490 141000 110620 116190 141272 36630 34760 83170 22640 112200 60840 30500 142220 115560 47800 145320 103160 142103 39600 108530 92640 55450 34630 100110 9180 133310 74370 132372 151450 126712 120690 122080 134590 126050 81020 148013 86280 144380 29560 
91600 112291 162510 32780 141800 157640 185840 41520 56420 114200 0 86680 136700 164690 95740 31800 61330 125950 148060 81160 136400 75410 114300 143590 116530 27360 70560 97571 55570 90420 143990 170130 36030 87750 137480 70850 116570 91590 87090 64800 131230 63580 101140 68880 120520 149200 48810 94640 172870 100960 141760 
68460 28180 128670 93020 55120 72350 140340 55760 34860 128920 87290 0 50020 79640 18840 59680 52490 107810 158100 44720 144780 19250 82150 155860 29850 61300 112280 15340 37800 11480 126930 106062 105330 77280 120420 32220 137572 4910 53540 39120 44550 32370 16230 21720 33840 66660 59960 20980 125990 16060 158552 
78920 41630 112070 136440 8080 24200 119230 105650 82860 135410 137180 49920 0 31581 44030 109570 101380 107340 158500 70720 145180 62210 82990 156260 25020 111190 141230 46370 83130 56400 120670 70720 148750 91970 119820 72790 145000 46910 74970 88470 22020 82260 38300 71570 18440 21240 102820 57020 107220 42850 160630 
87470 69412 107120 150690 27160 8070 104270 133720 107990 140910 164350 79450 31450 0 69160 135230 130332 106210 158590 89210 145270 87340 89790 156350 53331 136850 149780 75791 108260 85821 119540 53490 163630 100520 118690 97920 149000 76780 88840 118002 46001 111190 64920 100540 47861 16770 124520 85132 97960 72271 160720 
52880 41410 110490 94990 49300 63600 122300 67140 41410 110400 95820 18820 44040 69080 0 68650 66520 89560 139850 30270 126530 20760 63900 137610 30780 70270 104160 31620 41680 29460 108680 89902 107300 62830 102170 28890 119990 19610 39090 53020 45480 46190 9320 35540 30580 56110 60970 38960 107950 30770 140961 
76790 85451 152440 45430 114960 130780 169490 17410 29580 114960 28950 59840 109860 136260 69400 0 37620 115880 149240 57970 137120 49070 98520 144980 89690 3150 78900 70731 29470 63580 133920 146680 55150 75520 127410 44960 120160 64750 64570 37580 104390 36630 74800 42040 93680 123290 34650 67800 155140 74120 144040 
102120 60110 175201 95690 100212 119290 187141 35740 44140 150632 76050 51840 96960 125293 70480 51510 0 148172 181144 78380 168904 53960 122140 177664 72060 53410 123450 51200 51290 45770 166212 157632 105410 110940 159702 60000 158732 56200 87200 21240 84640 26240 68070 36080 80510 115170 75090 41300 172791 56100 180034 
48450 129850 36560 98640 109280 105590 59890 127610 104912 36740 125580 107750 107210 106100 89530 114790 137202 0 54390 69200 41070 99180 33130 52150 117450 114160 74340 120550 99192 118390 20390 73630 110270 48130 14170 88120 44830 108540 60140 128302 123230 122642 97760 115630 109930 91780 81590 127890 50520 119610 56520 
90912 190232 66800 116440 160630 158080 90130 161493 137965 34630 148220 158150 158560 158590 139520 148673 170255 54190 0 113382 14290 141285 83420 5210 167850 148043 79350 170950 132245 168790 43960 121751 121570 83932 42910 131134 33970 158940 101132 161355 189723 155695 148160 151075 160330 144270 115320 176996 84840 170010 10290 
24740 70630 99110 70090 76930 86500 113590 65820 40130 82860 81160 45060 70560 89380 30310 58880 71110 69280 114631 0 101770 30260 44950 111151 60000 58830 76690 59730 34700 55870 88200 90780 82460 33560 81690 19940 91950 48940 9820 59310 74700 52210 38540 43960 58210 72690 37110 65370 99240 60150 113521 
78531 166880 62350 105130 147260 144710 85680 149112 125584 22530 136850 144780 145190 145220 125350 136292 157874 40820 14370 101001 0 128904 70050 12130 154480 135662 69360 157580 119864 155420 32910 112720 114840 71551 31850 118753 23080 145570 88751 148974 162120 143314 134790 138694 146960 130900 103092 164615 80390 156640 16360 
54000 46950 121341 74690 67680 81980 133281 46840 21110 111142 75520 19590 62420 87460 20600 48350 48080 99270 141654 30260 129414 0 73070 138174 47260 49970 93950 34260 21380 27990 119531 106722 87000 62820 113021 13420 119242 23620 39080 34950 61960 27850 26000 19100 47990 74490 41630 36080 118931 34830 140222 
24840 104230 61100 89760 84980 86770 78920 107370 82220 60650 113940 82130 82910 89650 63910 99510 115020 33220 83310 44930 69990 73330 0 81070 91830 99460 75120 94930 76250 92770 52140 72240 102130 31240 45630 63850 69740 82920 35870 103220 98870 96120 72140 87870 83900 72960 68460 102270 64570 93990 85440 
87522 186842 68280 111360 158450 155900 91610 158103 134575 30460 143650 155970 156380 156410 136162 145283 166865 52010 5190 109992 12110 137895 81240 0 165670 144653 74270 168770 128855 166610 43980 123231 116490 80542 42930 127744 28890 156760 97742 157965 173310 152305 145980 147685 158150 142090 111150 173606 86320 167830 5210 
81140 16610 128880 121550 28320 47230 136480 85291 64650 142260 117080 29820 24900 53441 30840 89470 77620 117820 168110 60070 154790 47320 92160 165870 0 91090 136600 23240 67590 33270 136940 92590 133860 92200 130430 59540 151350 26810 68890 65290 15340 60391 21820 51290 11630 43110 88490 32420 124880 19720 170240 
77460 86441 151140 44740 115950 131690 170160 18620 30570 113660 27130 60830 110850 137170 70310 5790 38830 114580 147940 58640 135820 49980 99190 143680 90680 0 78540 71721 30140 64570 132620 147350 54460 76190 126110 45630 119780 65740 65240 38790 105380 37730 75710 43030 94670 124200 35320 68790 155810 75110 142740 
63440 145340 110890 38430 142910 146590 134220 92760 87070 47640 70580 112370 140840 149470 104620 79940 109811 74330 79170 77050 69210 93430 75430 74110 137410 78750 0 128710 81220 121961 85170 137300 46880 53800 80200 83850 47130 117460 71260 105141 150200 101731 112850 101531 132770 132780 56970 129711 124850 129760 71310 
83450 15360 135440 107970 50760 68620 147110 62051 47990 145060 98311 15360 46290 75621 31650 70701 55010 120620 170910 59710 157590 34240 94960 168670 23280 72321 132440 0 51140 10030 139740 111501 120280 92270 133230 47210 154150 14600 68530 42680 36770 37151 26010 30330 29310 64500 74910 10650 132760 4910 173040 
54520 66240 131890 58860 88660 102960 145860 33100 8140 100290 54970 38060 83400 108440 41580 29240 40200 99422 132394 34710 120154 21250 76250 128914 67910 29880 81850 51700 0 44970 117462 123050 70710 62820 110952 16900 108390 42970 42300 31570 82610 25910 46980 25050 68970 95470 28430 50790 131510 54120 129370 
79590 24710 138330 101230 61140 79000 150000 54771 39900 141082 90730 11500 56670 86001 29480 63120 47320 118450 168740 55850 155420 27880 92790 166500 33660 64740 125700 10380 44400 0 137570 115722 113180 88410 131060 40850 149182 11610 64670 34990 47150 29871 25640 22240 39690 74670 68170 10540 135650 15290 170162 
67540 148960 33590 114800 122670 118980 56920 145720 123022 39990 143690 126860 120600 119490 108640 132900 155312 20380 44050 88290 33050 119511 52220 44040 136560 132270 85620 139660 117302 137500 0 83400 125960 66240 8090 107210 45310 127650 79230 146412 136620 140752 116870 136132 127150 105170 99700 147000 51220 138720 48410 
88800 110590 58510 151590 72600 55410 51540 153125 127395 108030 169220 105402 70030 52870 89552 146940 153452 73330 121110 90110 112360 106285 71880 123060 92460 146890 136350 110761 122420 115082 83450 0 164530 96710 84600 107204 116120 104362 89740 139952 89681 133122 90872 122472 84451 49030 125420 120781 47360 108061 127810 
79771 133640 146830 12420 154000 160761 170160 71080 75411 93790 36270 105900 148740 163801 107000 58250 91290 110270 122240 82860 115750 86960 102471 117180 133950 55440 46940 120470 70951 113431 125800 165301 0 75261 119560 79450 93670 110310 78771 90752 148650 87342 112690 92642 134680 146951 49260 118402 160790 121520 112920 
14550 103180 84800 63090 94050 97730 104150 88840 68472 55260 87390 77610 91980 100610 62860 76020 100020 48240 83922 33570 71682 62810 31230 80442 91860 75970 54220 92280 62752 88420 66280 97070 75460 0 59770 52490 63360 81490 24770 91862 101840 84760 71090 76510 84410 83920 43190 97920 89800 92700 82812 
61040 142550 37890 108510 121750 118060 61220 139220 116522 34940 137190 120450 119680 118570 102230 126400 148812 14170 43110 81790 32100 113101 45720 43100 130150 125770 80570 133250 110802 131090 8090 84580 119670 59740 0 100710 41190 121240 72730 139912 135700 134252 110460 129400 122630 104250 93200 140590 52400 132310 47470 
43410 59150 116850 67140 77770 92070 130620 48050 22110 99740 70860 31410 72510 97550 28600 45570 52960 87950 131623 19670 119383 12470 63430 128143 59250 45850 84220 46080 17070 39810 106870 107750 79450 52230 100360 0 107840 35820 28490 41160 73950 34060 37790 25810 59050 81610 32420 47900 116270 47030 128820 
73130 163600 76690 84370 147040 148530 100020 133680 116800 9200 116660 138560 144970 149040 120100 120860 149172 44670 33950 92150 23090 120100 69820 28890 151200 119530 47280 154300 111060 150003 45460 116570 93250 63350 41530 108010 0 142290 83350 140280 160930 134612 129670 129980 143750 134720 88920 155921 93650 153360 27770 
71740 26390 127610 97770 52110 69340 139280 60640 39740 132840 92170 4910 47010 76630 19450 64560 56830 108420 158710 48640 145390 23540 82760 156470 26840 66180 117220 14600 42680 11610 127540 105002 110080 81200 121030 36510 141930 0 57460 43460 41540 37250 14920 26560 30830 64390 64710 21110 124930 14270 160840 
15820 79030 91870 66650 80990 86430 108730 73440 48290 74540 87150 53460 74620 89310 38710 65580 79510 60360 102231 9420 89991 38660 36030 98751 68400 65530 72060 68130 42320 64270 79280 90710 79020 25240 72770 28340 83630 57340 0 67710 79700 60610 46940 52360 62270 72620 40910 73770 94380 68550 101121 
82970 52960 156151 79170 92992 110960 168091 25190 24050 130542 64720 38970 88630 117990 52830 37020 14350 128082 161054 59230 148814 34810 102990 157574 64840 38920 104770 42780 31200 34670 146122 139982 90220 91532 139612 40850 138642 43520 68050 0 77420 7090 54590 18020 72090 105020 55980 34120 153741 47680 159622 
90910 28410 127930 136250 21101 40702 135530 98961 79350 152030 131780 44520 22310 46182 45540 104170 89640 123200 190252 74770 161520 62020 98790 172600 15310 105790 150770 36910 82290 46940 136530 90172 148560 101970 135680 74240 161120 41510 79930 77310 0 74061 36520 65990 18650 42160 103190 44440 123930 34420 176970 
75880 50760 149061 75360 87150 104380 161001 25650 18650 125142 63540 32030 82050 111050 45890 35840 20480 122682 155654 52140 143414 27720 95900 152174 60121 37660 100620 36841 25800 29781 140722 133042 87040 84700 134212 33760 133242 36940 60960 7090 73611 0 47650 11080 65870 98080 51820 32990 146651 41751 154222 
61130 33350 114120 100000 43540 59600 125790 71260 46420 120380 100830 16130 38400 65080 9290 73660 68200 97810 148100 38520 134780 25770 72150 145860 21730 75280 112410 25880 46690 25640 116930 91512 112310 71080 110420 37990 129470 14920 47340 54700 36430 47870 0 37220 22260 52110 66940 35140 111440 23180 150230 
67810 44020 139911 80570 76640 93870 151851 35130 19240 120812 68860 21520 71540 100540 35380 41250 31420 115800 151324 44070 139084 19170 87830 147844 51370 42870 103810 30460 25130 22360 136392 122532 92410 76630 129430 25690 128912 26430 52890 17920 66070 11090 37140 0 55360 87570 48761 26950 137501 34160 149892 
73490 28200 118440 122010 22830 40690 125730 89560 68430 134400 121090 33830 18360 47691 30620 93480 84310 110100 160390 58260 147070 47780 83730 158150 11590 95100 132530 29300 68700 39330 127040 85161 134320 84550 122710 59380 143700 30820 62510 71980 18660 66170 22280 55480 0 36570 88950 39950 114440 25780 162520 
70700 60040 94620 133920 23570 14390 98150 120610 94880 126000 148990 66340 21000 17270 56050 122120 118410 91850 144230 72440 130910 74230 73020 141990 43430 123740 133010 64780 95150 74810 105180 49480 146860 83750 104330 81630 134640 64500 72070 104910 42170 98080 51810 87430 36850 0 107750 75430 87340 61260 146360 
45750 88120 118020 37170 107900 120160 141350 48500 34330 80540 48720 60380 102640 124520 60560 35680 61450 81460 114820 36930 102700 41440 68450 110560 88430 35630 57000 74950 28170 68201 99500 125920 49540 43070 92990 32300 88640 64790 40760 56020 103130 51810 67170 48861 89160 107830 0 74111 127020 76000 109620 
89260 20530 146430 106610 60062 79140 158100 57770 45180 147033 94950 21170 56810 85143 39150 67340 46460 128120 178045 65520 165090 35880 102460 174565 31910 68960 131870 11390 51070 10620 147240 122491 118460 98080 140730 48850 155133 21280 74340 34130 44490 32870 35310 26990 40700 75020 74171 0 143750 16290 176935 
83370 141710 18100 148290 108910 98740 17840 163060 136720 86190 172470 125880 106840 97970 107890 155990 166981 50450 84580 99160 80260 118901 64480 86390 125100 155940 124790 134770 131470 136890 51170 47330 160650 89770 52320 116400 93230 126500 94140 153851 123920 146751 111350 137731 114450 87060 126990 144790 0 132070 91470 
83230 12760 132930 109220 47100 64960 144600 67281 50680 144350 101510 16200 42630 71961 30940 73900 60240 119910 170200 60250 156880 35150 94250 167960 19620 75520 133690 5230 53790 15260 139030 108991 121530 92810 132520 48120 153440 14410 69070 47910 34000 42381 23500 34010 25650 60840 76160 15880 130250 0 172330 
90161 189481 73310 108630 162850 160300 96640 158150 137214 29470 141850 159474 160780 160810 138801 145330 169504 56410 10220 112631 16510 140534 85640 5240 170070 144700 71540 173170 131494 170335 48410 128261 112270 83181 47360 129250 27780 161160 100381 160604 177710 154944 149181 150324 162550 146490 110160 176245 91350 172230 0 

0 Ciudad_0 0 0 32400 0
1 Ciudad_1 366 21978 25383 732
2 Ciudad_2 796 21874 25786 1592
3 Ciudad_3 315 6726 10859 630
4 Ciudad_4 787 12947 15474 1574
5 Ciudad_5 358 11202 13640 716
6 Ciudad_6 407 21542 24542 814
7 Ciudad_7 567 24764 27789 1134
8 Ciudad_8 402 17979 20324 804
9 Ciudad_9 287 11306 15409 574
10 Ciudad_10 170 21956 24473 340
11 Ciudad_11 135 25397 28496 270
12 Ciudad_12 715 13645 18331 1430
13 Ciudad_13 797 13019 16949 1594
14 Ciudad_14 160 19295 23968 320
15 Ciudad_15 704 20808 23646 1408
16 Ciudad_16 460 8122 11607 920
17 Ciudad_17 680 5417 8458 1360
18 Ciudad_18 241 18227 22863 482
19 Ciudad_19 267 27431 30442 534
20 Ciudad_20 500 17788 20091 1000
21 Ciudad_21 547 18223 20748 1094
22 Ciudad_22 298 22877 26974 596
23 Ciudad_23 407 3557 7867 814
24 Ciudad_24 211 12393 15892 422
25 Ciudad_25 527 10481 13683 1054
26 Ciudad_26 619 22247 24766 1238
27 Ciudad_27 443 19296 23053 886
28 Ciudad_28 661 5026 9150 1322
29 Ciudad_29 638 20873 24587 1276
30 Ciudad_30 338 24813 28642 676
31 Ciudad_31 763 13755 16695 1526
32 Ciudad_32 297 3539 6274 594
33 Ciudad_33 595 15070 17780 1190
34 Ciudad_34 298 14134 16170 596
35 Ciudad_35 514 24599 28014 1028
36 Ciudad_36 465 22611 25664 930
37 Ciudad_37 148 5773 9240 296
38 Ciudad_38 340 18427 21799 680
39 Ciudad_39 304 9106 11580 608
40 Ciudad_40 227 11914 15044 454
41 Ciudad_41 602 16286 21055 1204
42 Ciudad_42 426 19654 23514 852
43 Ciudad_43 315 20533 25271 630
44 Ciudad_44 235 13149 15244 470
45 Ciudad_45 247 5722 9443 494
46 Ciudad_46 761 18236 23180 1522
47 Ciudad_47 143 17125 20304 286
48 Ciudad_48 237 7647 10229 474
49 Ciudad_49 764 14941 19932 1528
50 Ciudad_50 543 3625 8176 1086

0 -0.0372269 -0.0848536 0.0277124 0.0104718 -0.0135312 0.04127 -0.0299961 0.0535201 0.00891698 -0.0231049 0.0800552 0.0585148 -0.0341397 0.0282869 -0.0879812 -0.0184505 0.0483362 0.0781169 -0.0599164 -0.010987 -0.0898024 0.022242 -0.0344078 -0.0322365 0.00892958 -0.00553765 0.0352831 -0.0113078 0.0186881 0.0413403 0.0488835 -0.00887881 0.0499254 0.0291829 0.0900117 0.0919033 0.000997249 -0.0151366 -0.0357815 -0.0262793 -0.0390129 0.0875756 0.044611 0.0807636 -0.0541188 -0.00571331 -0.0569065 0.0755146 -0.0207742 -0.0884755 
0.0372269 0 -0.0807699 -0.0688979 0.0611121 -0.0535362 -0.0784179 0.0566757 -0.067442 -0.0183393 -0.0905065 -0.0166418 -0.0324537 -0.0164798 0.0214427 0.0565489 -0.0123512 0.0226862 -0.0863241 0.079104 -0.0544415 0.0432514 -0.00143236 0.0336672 0.0231906 -0.0287212 -0.0243297 0.0807503 -0.0093572 -0.0879702 0.0901117 -0.0344345 0.0605608 -0.0190064 -0.0823603 -0.0854903 0.0610151 -0.0309577 -0.0909018 0.0463073 0.0229759 -0.00771866 0.0237204 -0.0784998 -0.0682473 -0.0637594 -0.0585295 0.021765 0.0881989 -0.0502674 -0.082452 
0.0848536 0.0807699 0 -0.078827 -0.0721664 -0.0511899 0.0818138 0.0311493 -0.00177576 -0.0616742 0.0745023 0.00516827 -0.0715407 -0.0343148 0.033709 -0.0949253 -0.0634452 0.0726226 0.0643133 -0.0501773 0.0438218 0.0318892 -0.0751646 -0.0265822 0.0116419 0.0280688 0.0659847 -0.0906375 0.072625 -0.0625429 -0.0574162 0.0873279 -0.0594806 -0.0115293 0.0716809 0.0266077 0.0944508 -0.00910058 -0.0971159 -0.0959189 0.0150179 -0.0907466 -0.0598756 -0.0433831 -0.0283031 -0.00263995 0.00975601 -0.0855259 0.0633504 0.0593723 0.0275966 
-0.0277124 0.0688979 0.078827 0 -0.00481508 -0.0674553 -0.0251244 0.0452267 0.0254978 0.0484844 -0.0228814 0.0404512 -0.016146 0.0577052 -0.0485383 0.0291259 -0.0338366 -0.00457686 -0.066981 -0.0208682 -0.0930162 0.0426548 -0.0640187 -0.0894945 0.0997195 -0.00255936 -0.0962451 -0.0955275 -0.0022592 -0.0391228 0.0864008 -0.0387204 -0.0635337 0.0927714 0.0195083 0.0741235 0.05125 -0.045851 0.0182238 0.0470339 -0.00142023 -0.0919172 0.0482961 0.00297303 -0.0616953 0.0788268 0.0128769 0.0299003 -0.0731052 0.0920507 0.0200513 
-0.0104718 -0.0611121 0.0721664 0.00481508 0 0.0979327 -0.0100901 0.0522715 0.0481215 0.0681594 0.0702015 -0.0672333 -0.0470849 -0.00203138 -0.0247268 -0.044146 -0.0909774 0.0297424 -0.0933334 -0.0959993 -0.0210055 -0.071856 -0.094683 -0.0948691 0.0448891 -0.0206283 0.00181682 0.0402839 -0.0507508 0.0518425 0.0726983 -0.0450749 -0.0708885 0.0596031 0.0473282 -0.0707517 -0.0395099 0.0117122 -0.0481775 0.0732772 0.0480888 -0.0930211 -0.0167953 -0.0358421 0.0434415 -0.00545418 -0.0792111 -0.0578158 -0.0552719 0.00503048 -0.0852409 
0.0135312 0.0535362 0.0511899 0.0674553 -0.0979327 0 0.0354469 0.0701578 -0.00537343 -0.0579465 -0.0197937 0.093662 -0.0912691 0.00230208 0.0381622 0.0204981 0.0506979 -0.0267575 0.0463329 -0.00179731 0.071063 0.0935641 0.0919745 -0.00328111 -0.0812523 -0.0919987 -0.0487552 -0.0921739 -0.045981 0.0612136 0.0993633 0.0826247 0.060293 -0.0892951 0.0845898 -0.0129216 0.0145198 0.0900109 -0.0688992 -0.0324757 -0.0639003 -0.0458764 -0.0603387 -0.0402656 -0.0832515 -0.092174 -0.0460439 -0.037104 -0.00183306 0.0481825 -0.024662 
-0.04127 0.0784179 -0.0818138 0.0251244 0.0100901 -0.0354469 0 0.0577762 0.0494672 -0.0858495 -0.0902285 0.0952667 -0.0655074 -0.0901378 0.020188 0.0774383 -0.0213878 0.0210399 0.0941582 -0.0359421 0.0732181 -0.0793873 0.0607246 0.0433346 0.0744899 0.0339367 0.056725 0.0623685 -0.0223292 0.0663805 0.00156106 0.063845 0.0735719 -0.080155 -0.009827 -0.0556115 -0.00382002 0.0601679 0.0608713 -0.080289 -0.0127805 0.0485977 -0.0725024 0.0322292 -0.0212701 -0.0252675 -0.0193377 -0.000717649 0.0475079 0.0742974 0.00146185 
0.0299961 -0.0566757 -0.0311493 -0.0452267 -0.0522715 -0.0701578 -0.0577762 0 0.05704 -0.00889271 -0.0427651 0.0823902 0.0956389 0.0230396 0.0409896 0.0729357 -0.0930117 -0.0973161 0.0200444 -0.0900773 0.00607998 0.0313642 -0.0445173 0.0560514 0.0130654 -0.0293322 -0.0961058 -0.0810494 0.0105071 -0.0769658 -0.0489017 0.0638296 -0.0402424 0.0691106 -0.0783964 0.005755 -0.0361595 0.0427697 0.0859814 -0.050273 0.0571883 0.0599344 0.0650213 -0.0801344 0.0415569 0.0937958 -0.0873073 0.0735441 -0.0687256 0.0882759 0.00943948 
-0.0535201 0.067442 0.00177576 -0.0254978 -0.0481215 0.00537343 -0.0494672 -0.05704 0 -0.0699388 -0.081458 -0.0647749 -0.00656236 0.0815794 -0.07972 -0.0699602 0.0207824 -0.0727486 -0.00886616 -0.0853479 -0.0397773 0.0310733 -0.0593445 0.0428193 -0.0576796 0.0267884 -0.0617621 -0.00860018 0.00389798 -0.0376009 -0.0386074 0.0265116 0.0511605 0.0263687 0.03802 -0.011407 0.0625792 -0.0718588 -0.0648545 -0.0177635 0.0438994 0.0441079 -0.0504653 -0.0848711 -0.0901673 -0.0196582 -0.0670002 -0.0837935 -0.0965587 -0.0525828 -0.0532245 
-0.00891698 0.0183393 0.0616742 -0.0484844 -0.0681594 0.0579465 0.0858495 0.00889271 0.0699388 0 0.0732752 -0.0913552 0.0432091 -0.0747379 -0.0909344 0.0772449 0.0797553 -0.0186608 -0.0309007 -0.0896868 -0.00573376 -0.0771768 -0.0102518 0.0725659 -0.0231105 0.0637498 0.0930325 -0.0861263 -0.003245 0.0600507 -0.0829802 -0.0244376 0.0931917 0.0147112 0.0356594 0.000916881 -0.0584306 -0.0274294 0.0213752 0.00408437 -0.0415052 0.0174273 -0.0315699 0.075319 0.0927254 0.0317669 -0.0233773 0.0850217 -0.0814812 0.00565799 0.00286642 
0.0231049 0.0905065 -0.0745023 0.0228814 -0.0702015 0.0197937 0.0902285 0.0427651 0.081458 -0.0732752 0 0.0646555 0.0139709 -0.0840727 0.0661645 0.0703482 -0.0209287 0.0852783 0.0717776 0.0646689 -0.0200273 -0.0159515 -0.0902217 0.0743279 0.0709079 0.0301619 -0.0616811 0.0432533 -0.0942911 -0.0274569 0.0598456 0.0284958 -0.00147805 0.0258891 -0.0608617 0.0348369 -0.0663116 -0.00728226 -0.0949896 0.0881892 -0.0450482 0.0619726 0.0120765 0.05434 -0.0582014 -0.0341573 -0.0397289 -0.0248448 -0.09422 0.0657102 -0.0743902 
-0.0800552 0.0166418 -0.00516827 -0.0404512 0.0672333 -0.093662 -0.0952667 -0.0823902 0.0647749 0.0913552 -0.0646555 0 -0.0856865 0.0576435 0.0798753 0.0285391 0.0830796 -0.0761064 0.0742309 0.0590606 -0.0202427 -0.0169593 -0.0823834 0.0491938 -0.0278176 -0.0184199 0.0915118 -0.0243614 -0.0151196 -0.0586126 -0.073926 0.025883 -0.0993823 -0.0167125 0.0639569 0.0627995 -0.0247485 0.0123381 0.0235287 -0.0833826 0.0132891 -0.0502453 0.0767735 -0.0383762 0.045971 0.0683418 0.0534147 0.031685 -0.0789351 -0.0199312 -0.0642063 
-0.0585148 0.0324537 0.0715407 0.016146 0.0470849 0.0912691 0.0655074 -0.0956389 0.00656236 -0.0432091 -0.0139709 0.0856865 0 0.0211799 -0.00134297 0.00606617 0.0263055 0.0117149 0.0598542 0.0513577 -0.0723703 -0.0966144 -0.0381947 0.0894405 -0.0659667 0.013098 0.0761903 0.0418413 -0.0220015 -0.0630454 -0.0657078 -0.0258921 -0.0124026 0.0957816 -0.0609577 0.0557466 0.0928057 0.0905928 -0.0253769 -0.0524576 0.0997094 0.0809073 0.00769871 -0.0736152 -0.0439796 -0.0866819 -0.0828202 0.0420947 -0.0715621 -0.0831924 0.075894 
0.0341397 0.0164798 0.0343148 -0.0577052 0.00203138 -0.00230208 0.0901378 -0.0230396 -0.0815794 0.0747379 0.0840727 -0.0576435 -0.0211799 0 0.0465227 0.0812304 0.0806617 0.0214481 0.0134456 -0.0794975 0.0332944 -0.00940113 0.0959313 0.064869 0.0897024 0.0654441 -0.000388053 -0.0370627 0.0328301 0.0344024 -0.0862204 -0.0475563 -0.0648185 -0.0283178 0.0962512 -0.0684098 -0.0719808 -0.0336307 -0.0480722 0.0992486 -0.0755515 -0.0763958 0.0542515 0.0983622 -0.0233458 0.0786433 0.0165222 0.0525986 -0.0185408 -0.0574821 0.0303612 
-0.0282869 -0.0214427 -0.033709 0.0485383 0.0247268 -0.0381622 -0.020188 -0.0409896 0.07972 0.0909344 -0.0661645 -0.0798753 0.00134297 -0.0465227 0 -0.037721 -0.0292701 0.0225326 -0.0566824 0.0407449 -0.0239629 -0.0266617 0.000912056 0.098254 -0.0019241 0.0328161 -0.0424839 -0.00614132 0.0384417 -0.0028663 -0.0654493 0.0245596 0.0153883 0.09214 0.0163712 0.050059 -0.0315305 0.0978505 0.0575701 0.0749561 0.00441611 0.0580239 0.0315816 0.0457471 -0.0722748 -0.0634521 0.0804566 -0.0618834 0.0727619 -0.0376258 0.048151 
0.0879812 -0.0565489 0.0949253 -0.0291259 0.044146 -0.0204981 -0.0774383 -0.0729357 0.0699602 -0.0772449 -0.0703482 -0.0285391 -0.00606617 -0.0812304 0.037721 0 0.0371825 -0.0146346 0.0530781 -0.0149278 0.0346779 0.0776052 0.0865559 0.0772052 -0.00628376 0.0856126 0.0557289 0.0772917 0.0396834 -0.0559371 -0.0349486 0.0824255 0.000895487 0.0723977 -0.0482081 -0.0314237 -0.0895817 -0.0128534 0.0487193 -0.0613257 -0.0953569 -0.0770727 -0.0302676 -0.0401576 -0.0677325 0.0298652 -0.0853844 0.010032 -0.0593011 -0.0650557 -0.00324419 
0.0184505 0.0123512 0.0634452 0.0338366 0.0909774 -0.0506979 0.0213878 0.0930117 -0.0207824 -0.0797553 0.0209287 -0.0830796 -0.0263055 -0.0806617 0.0292701 -0.0371825 0 0.0385764 -0.00886215 -0.0840832 0.0188391 0.0214173 0.0398202 0.0234531 -0.0718265 0.0535012 0.0278207 0.0391413 -0.0870994 -0.0874472 0.0916112 0.0295055 0.099067 -0.0728702 0.065973 0.096067 -0.0116621 0.00352612 -0.0593102 -0.0564531 -0.0478505 -0.0965077 -0.0152257 -0.0534534 0.0204022 0.00587063 0.0828749 -0.042771 0.0688897 0.0961955 0.0127244 
-0.0483362 -0.0226862 -0.0726226 0.00457686 -0.0297424 0.0267575 -0.0210399 0.0973161 0.0727486 0.0186608 -0.0852783 0.0761064 -0.0117149 -0.0214481 -0.0225326 0.0146346 -0.0385764 0 -0.0174978 -0.0227655 0.0164647 -0.00849415 -0.0248156 0.0453342 -0.0868956 0.0366964 -0.0180407 0.00518226 -0.0805855 0.0330532 0.0660698 -0.0640534 0.0547306 -0.0760829 0.00142958 0.0967517 -0.0834695 0.0973724 0.093649 -0.0841526 -0.0250989 0.0638337 0.0865924 0.0100519 0.0999787 0.00248672 -0.0900665 -0.0866736 -0.0632951 0.029007 -0.0281912 
-0.0781169 0.0863241 -0.0643133 0.066981 0.0933334 -0.0463329 -0.0941582 -0.0200444 0.00886616 0.0309007 -0.0717776 -0.0742309 -0.0598542 -0.0134456 0.0566824 -0.0530781 0.00886215 0.0174978 0 -0.0255563 -0.0761284 -0.0487624 -0.0434567 -0.0541059 -0.035659 0.0156182 -0.0978751 -0.0640834 -0.0152764 -0.0834298 0.00608417 0.0191761 0.0573806 -0.0103778 -0.0876862 -0.0475462 -0.00311648 0.0932911 0.047315 -0.0396325 -0.0458171 0.0698133 0.0113579 -0.0920311 0.0803024 -0.0383531 0.0269053 -0.00213025 -0.0892636 0.0799122 0.0472221 
0.0599164 -0.079104 0.0501773 0.0208682 0.0959993 0.00179731 0.0359421 0.0900773 0.0853479 0.0896868 -0.0646689 -0.0590606 -0.0513577 0.0794975 -0.0407449 0.0149278 0.0840832 0.0227655 0.0255563 0 -0.0885208 0.0501892 -0.00937893 -0.0240314 -0.0497981 0.00426299 -0.0115169 0.00437463 0.0500606 0.0661334 0.0897489 0.0120521 0.0291777 -0.0349953 0.0195214 0.043472 -0.0372958 -0.0215945 0.0516972 0.00922691 -0.0368975 -0.0899347 -0.0423433 0.0745916 -0.0491659 -0.014107 -0.0277282 0.0716657 0.0839164 -0.0835317 -0.00164866 
0.010987 0.0544415 -0.0438218 0.0930162 0.0210055 -0.071063 -0.0732181 -0.00607998 0.0397773 0.00573376 0.0200273 0.0202427 0.0723703 -0.0332944 0.0239629 -0.0346779 -0.0188391 -0.0164647 0.0761284 0.0885208 0 -0.0373095 -0.0500994 0.0547948 -0.0106222 0.0234134 0.0075416 0.0257067 -0.00293356 0.099953 0.0980965 0.0855303 0.020512 0.00860339 0.0371069 0.0893372 -0.0957748 0.0916603 0.0384761 0.0709251 -0.0254963 -0.0201758 -0.0621689 0.0366208 -0.0577858 -0.0769872 -0.07876 -0.0260679 0.0570184 -0.0230267 0.0499699 
0.0898024 -0.0432514 -0.0318892 -0.0426548 0.071856 -0.0935641 0.0793873 -0.0313642 -0.0310733 0.0771768 0.0159515 0.0169593 0.0966144 0.00940113 0.0266617 -0.0776052 -0.0214173 0.00849415 0.0487624 -0.0501892 0.0373095 0 0.0786902 -0.0976625 0.0948235 0.0435912 -0.0777795 0.0610826 0.0153506 0.0530819 -0.00124279 -0.0471852 0.0412329 0.016924 -0.0773698 0.0438731 0.0164407 -0.0295734 0.0218519 0.0196406 0.000717668 0.0271284 -0.088041 0.0281483 0.0257708 -0.00147998 -0.00204362 -0.0774515 0.0896549 0.0403493 -0.0734504 
-0.022242 0.00143236 0.0751646 0.0640187 0.094683 -0.0919745 -0.0607246 0.0445173 0.0593445 0.0102518 0.0902217 0.0823834 0.0381947 -0.0959313 -0.000912056 -0.0865559 -0.0398202 0.0248156 0.0434567 0.00937893 0.0500994 -0.0786902 0 0.01783 0.0196205 0.0529501 -0.0328899 0.0883425 -0.0725881 -0.0445145 -0.0696898 -0.0179392 0.0446264 -0.0473183 -0.05111 -0.0775791 0.0473735 0.0171244 -0.00590208 -0.0404011 0.0144714 0.0655675 -0.0764264 -0.0528244 -0.0359283 -0.0116376 -0.0255774 0.0911871 0.0615637 0.0986494 -0.0429331 
0.0344078 -0.0336672 0.0265822 0.0894945 0.0948691 0.00328111 -0.0433346 -0.0560514 -0.0428193 -0.0725659 -0.0743279 -0.0491938 -0.0894405 -0.064869 -0.098254 -0.0772052 -0.0234531 -0.0453342 0.0541059 0.0240314 -0.0547948 0.0976625 -0.01783 0 0.0282149 -0.092168 -0.00801341 -0.0150052 -0.044045 0.0663683 0.0582828 -0.0315443 -0.0665024 -0.0114498 0.0334146 0.00670433 -0.0986883 0.0523539 0.0977049 0.0371779 0.0127071 -0.0348606 0.00258826 0.0342375 0.0478447 -0.0528339 0.035502 0.0606953 -0.0328614 0.0573284 0.0381724 
0.0322365 -0.0231906 -0.0116419 -0.0997195 -0.0448891 0.0812523 -0.0744899 -0.0130654 0.0576796 0.0231105 -0.0709079 0.0278176 0.0659667 -0.0897024 0.0019241 0.00628376 0.0718265 0.0868956 0.035659 0.0497981 0.0106222 -0.0948235 -0.0196205 -0.0282149 0 -0.0735288 0.00471834 0.00234667 0.0290233 0.0827469 -0.0555697 -0.0677745 -0.0217235 -0.0916559 -0.00994849 -0.0586724 0.0254816 -0.00419579 -0.0936651 0.0160794 -0.0834992 -0.0601096 0.0890622 -0.00332368 0.0571965 0.0591977 0.0313974 -0.0711053 0.0434394 -0.0371499 0.0932045 
-0.00892958 0.0287212 -0.0280688 0.00255936 0.0206283 0.0919987 -0.0339367 0.0293322 -0.0267884 -0.0637498 -0.0301619 0.0184199 -0.013098 -0.0654441 -0.0328161 -0.0856126 -0.0535012 -0.0366964 -0.0156182 -0.00426299 -0.0234134 -0.0435912 -0.0529501 0.092168 0.0735288 0 0.0676817 0.066723 -0.0849975 0.0748783 0.0954458 0.0269421 0.00573164 0.0841798 0.0604968 -0.057122 -0.0320437 -0.0599027 0.0690212 -0.0604328 0.0342821 0.0101937 -0.090736 -0.00363993 -0.0638042 0.0512893 0.0760151 -0.0908254 -0.0961479 -0.088373 0.0821724 
0.00553765 0.0243297 -0.0659847 0.0962451 -0.00181682 0.0487552 -0.056725 0.0961058 0.0617621 -0.0930325 0.0616811 -0.0915118 -0.0761903 0.000388053 0.0424839 -0.0557289 -0.0278207 0.0180407 0.0978751 0.0115169 -0.0075416 0.0777795 0.0328899 0.00801341 -0.00471834 -0.0676817 0 0.0686057 -0.0381737 0.0339285 -0.0708754 -0.0913727 0.070644 0.0772708 0.0125772 0.0807219 0.0685291 0.0640693 0.065114 0.0589404 0.0981067 -0.0941975 0.067001 0.000744021 0.0774381 -0.0535963 0.0431583 0.0060967 -0.0703723 0.0906481 0.0136275 
-0.0352831 -0.0807503 0.0906375 0.0955275 -0.0402839 0.0921739 -0.0623685 0.0810494 0.00860018 0.0861263 -0.0432533 0.0243614 -0.0418413 0.0370627 0.00614132 -0.0772917 -0.0391413 -0.00518226 0.0640834 -0.00437463 -0.0257067 -0.0610826 -0.0883425 0.0150052 -0.00234667 -0.066723 -0.0686057 0 0.0674577 -0.0536019 0.0392006 -0.0820799 0.0947404 0.052528 0.0284384 -0.0623788 -0.0615088 -0.0143661 0.0524432 -7.45975e-05 -0.0589439 -0.064733 0.0231249 0.0614709 -0.0523541 0.0749723 0.0864081 -0.00261825 -0.0455886 -0.0517528 0.0429503 
0.0113078 0.0093572 -0.072625 0.0022592 0.0507508 0.045981 0.0223292 -0.0105071 -0.00389798 0.003245 0.0942911 0.0151196 0.0220015 -0.0328301 -0.0384417 -0.0396834 0.0870994 0.0805855 0.0152764 -0.0500606 0.00293356 -0.0153506 0.0725881 0.044045 -0.0290233 0.0849975 0.0381737 -0.0674577 0 0.00519861 0.00778658 -0.0720939 0.0882231 -8.38833e-05 -0.0686893 0.0867821 0.0403805 0.0797777 -0.0666779 0.0144858 0.0967386 -0.0329179 -0.0642716 0.0179099 0.0130376 -0.0847288 0.0612367 0.0402094 -0.0167218 0.00109335 -0.0959353 
-0.0186881 0.0879702 0.0625429 0.0391228 -0.0518425 -0.0612136 -0.0663805 0.0769658 0.0376009 -0.0600507 0.0274569 0.0586126 0.0630454 -0.0344024 0.0028663 0.0559371 0.0874472 -0.0330532 0.0834298 -0.0661334 -0.099953 -0.0530819 0.0445145 -0.0663683 -0.0827469 -0.0748783 -0.0339285 0.0536019 -0.00519861 0 -0.0822383 -0.0158588 -0.00295794 0.0106927 0.0993205 0.0307795 -0.0295035 -0.0901546 -0.0743777 -0.084461 -0.0495234 0.0468668 0.0404367 0.0283613 0.0209137 -0.00427694 0.00659897 -0.064902 -0.00572611 0.0965681 0.0701978 
-0.0413403 -0.0901117 0.0574162 -0.0864008 -0.0726983 -0.0993633 -0.00156106 0.0489017 0.0386074 0.0829802 -0.0598456 0.073926 0.0657078 0.0862204 0.0654493 0.0349486 -0.0916112 -0.0660698 -0.00608417 -0.0897489 -0.0980965 0.00124279 0.0696898 -0.0582828 0.0555697 -0.0954458 0.0708754 -0.0392006 -0.00778658 0.0822383 0 -0.0384039 -0.0899663 -0.0190804 0.0276213 -0.0952914 -0.00621748 -0.0607674 0.014779 -0.0996129 0.073612 -0.00575008 0.0444776 0.0997947 -0.0107939 0.0796375 0.0545427 0.0546215 -0.09504 0.000452242 0.0795323 
-0.0488835 0.0344345 -0.0873279 0.0387204 0.0450749 -0.0826247 -0.063845 -0.0638296 -0.0265116 0.0244376 -0.0284958 -0.025883 0.0258921 0.0475563 -0.0245596 -0.0824255 -0.0295055 0.0640534 -0.0191761 -0.0120521 -0.0855303 0.0471852 0.0179392 0.0315443 0.0677745 -0.0269421 0.0913727 0.0820799 0.0720939 0.0158588 0.0384039 0 0.0941168 0.0500756 -0.0439141 0.0683326 0.000856062 0.0869953 -0.0119442 -0.0990297 -0.0377919 0.0780989 -0.0215967 -0.0876723 0.0664099 -0.0107456 -0.076949 -0.051024 -0.0355234 -0.0595154 -0.0515311 
0.00887881 -0.0605608 0.0594806 0.0635337 0.0708885 -0.060293 -0.0735719 0.0402424 -0.0511605 -0.0931917 0.00147805 0.0993823 0.0124026 0.0648185 -0.0153883 -0.000895487 -0.099067 -0.0547306 -0.0573806 -0.0291777 -0.020512 -0.0412329 -0.0446264 0.0665024 0.0217235 -0.00573164 -0.070644 -0.0947404 -0.0882231 0.00295794 0.0899663 -0.0941168 0 0.0671148 0.0374644 -0.0582509 0.088312 -0.0733376 0.0308162 0.0172959 -0.0574451 -0.0152161 0.0261852 -0.0708239 -0.0425446 -0.0472093 0.019858 0.00629631 -0.0210236 -0.0781719 0.0920153 
-0.0499254 0.0190064 0.0115293 -0.0927714 -0.0596031 0.0892951 0.080155 -0.0691106 -0.0263687 -0.0147112 -0.0258891 0.0167125 -0.0957816 0.0283178 -0.09214 -0.0723977 0.0728702 0.0760829 0.0103778 0.0349953 -0.00860339 -0.016924 0.0473183 0.0114498 0.0916559 -0.0841798 -0.0772708 -0.052528 8.38833e-05 -0.0106927 0.0190804 -0.0500756 -0.0671148 0 0.0789064 -0.0636471 -0.082352 0.0586087 -0.0446121 -0.0638713 -0.0856457 -0.00157845 0.0579891 0.052387 0.0776797 -0.0786493 -0.000120325 -0.070534 0.0996371 -0.0313615 -0.0137283 
-0.0291829 0.0823603 -0.0716809 -0.0195083 -0.0473282 -0.0845898 0.009827 0.0783964 -0.03802 -0.0356594 0.0608617 -0.0639569 0.0609577 -0.0962512 -0.0163712 0.0482081 -0.065973 -0.00142958 0.0876862 -0.0195214 -0.0371069 0.0773698 0.05111 -0.0334146 0.00994849 -0.0604968 -0.0125772 -0.0284384 0.0686893 -0.0993205 -0.0276213 0.0439141 -0.0374644 -0.0789064 0 0.037981 0.0537528 0.0474173 -0.0219484 -0.0890795 -0.0512818 0.0335789 0.0561895 -0.0670548 -0.0618623 -0.0734449 -0.0868683 0.00702646 -0.0646595 -0.0316536 0.0578033 
-0.0900117 0.0854903 -0.0266077 -0.0741235 0.0707517 0.0129216 0.0556115 -0.005755 0.011407 -0.000916881 -0.0348369 -0.0627995 -0.0557466 0.0684098 -0.050059 0.0314237 -0.096067 -0.0967517 0.0475462 -0.043472 -0.0893372 -0.0438731 0.0775791 -0.00670433 0.0586724 0.057122 -0.0807219 0.0623788 -0.0867821 -0.0307795 0.0952914 -0.0683326 0.0582509 0.0636471 -0.037981 0 -0.0780321 -0.0994307 -0.0272478 -0.0765783 0.0693663 0.030761 0.0181007 -0.0761643 -0.0740237 0.0847703 -0.0979962 -0.0671519 0.0536959 -0.0804898 -0.0209739 
-0.0919033 -0.0610151 -0.0944508 -0.05125 0.0395099 -0.0145198 0.00382002 0.0361595 -0.0625792 0.0584306 0.0663116 0.0247485 -0.0928057 0.0719808 0.0315305 0.0895817 0.0116621 0.0834695 0.00311648 0.0372958 0.0957748 -0.0164407 -0.0473735 0.0986883 -0.0254816 0.0320437 -0.0685291 0.0615088 -0.0403805 0.0295035 0.00621748 -0.000856062 -0.088312 0.082352 -0.0537528 0.0780321 0 0.0920608 -0.0303919 0.0990707 -0.0116733 0.0163209 -0.0554626 0.0318425 0.0347782 0.0656933 -0.0344029 0.0799664 0.0368123 0.0774185 0.0713695 
-0.000997249 0.0309577 0.00910058 0.045851 -0.0117122 -0.0900109 -0.0601679 -0.0427697 0.0718588 0.0274294 0.00728226 -0.0123381 -0.0905928 0.0336307 -0.0978505 0.0128534 -0.00352612 -0.0973724 -0.0932911 0.0215945 -0.0916603 0.0295734 -0.0171244 -0.0523539 0.00419579 0.0599027 -0.0640693 0.0143661 -0.0797777 0.0901546 0.0607674 -0.0869953 0.0733376 -0.0586087 -0.0474173 0.0994307 -0.0920608 0 0.0697059 0.050608 -0.0565415 0.0363173 0.00279722 0.0251213 -0.0709731 -0.00982568 -0.0621739 0.0572147 -0.0651895 -0.0805348 0.0808443 
0.0151366 0.0909018 0.0971159 -0.0182238 0.0481775 0.0688992 -0.0608713 -0.0859814 0.0648545 -0.0213752 0.0949896 -0.0235287 0.0253769 0.0480722 -0.0575701 -0.0487193 0.0593102 -0.093649 -0.047315 -0.0516972 -0.0384761 -0.0218519 0.00590208 -0.0977049 0.0936651 -0.0690212 -0.065114 -0.0524432 0.0666779 0.0743777 -0.014779 0.0119442 -0.0308162 0.0446121 0.0219484 0.0272478 0.0303919 -0.0697059 0 0.0372434 0.0832634 0.0455866 -0.00240646 -0.082782 0.0249722 -0.0644847 -0.0770064 -0.0249216 0.0471686 0.0495818 0.0716487 
0.0357815 -0.0463073 0.0959189 -0.0470339 -0.0732772 0.0324757 0.080289 0.050273 0.0177635 -0.00408437 -0.0881892 0.0833826 0.0524576 -0.0992486 -0.0749561 0.0613257 0.0564531 0.0841526 0.0396325 -0.00922691 -0.0709251 -0.0196406 0.0404011 -0.0371779 -0.0160794 0.0604328 -0.0589404 7.45975e-05 -0.0144858 0.084461 0.0996129 0.0990297 -0.0172959 0.0638713 0.0890795 0.0765783 -0.0990707 -0.050608 -0.0372434 0 -0.0739921 0.0213511 -0.0563814 -0.0657609 -0.0222581 -0.082093 -0.0867629 0.083246 0.0325363 -0.0369513 0.0584042 
0.0262793 -0.0229759 -0.0150179 0.00142023 -0.0480888 0.0639003 0.0127805 -0.0571883 -0.0438994 0.0415052 0.0450482 -0.0132891 -0.0997094 0.0755515 -0.00441611 0.0953569 0.0478505 0.0250989 0.0458171 0.0368975 0.0254963 -0.000717668 -0.0144714 -0.0127071 0.0834992 -0.0342821 -0.0981067 0.0589439 -0.0967386 0.0495234 -0.073612 0.0377919 0.0574451 0.0856457 0.0512818 -0.0693663 0.0116733 0.0565415 -0.0832634 0.0739921 0 -0.0666133 0.0758568 0.0850111 -0.00508914 -0.043229 0.0962577 0.0574009 0.0703305 0.029885 0.026207 
