50

16000 4500

30 55 80

6

0 79680 91680 27800 99710 76350 91240 99110 81690 71200 39480 45050 51560 52980 53670 89250 54720 58810 56540 45660 40670 79640 24950 53610 70760 51380 81910 73470 34470 60880 36140 89020 76020 33780 48520 96030 70350 86080 64200 61000 18960 67330 20460 17540 89990 83120 80000 67700 90740 20230 67340 
80620 0 64460 62140 58090 28910 53800 113441 65370 13040 84630 96440 47890 84840 78180 43000 61600 125992 91550 60000 49980 134460 98600 28420 61540 98510 87580 66920 46250 67040 57790 66130 18880 54270 54560 154950 137480 87340 65310 89610 84030 93950 66140 96180 108261 144510 62190 31420 86330 71020 88990 
92550 64870 0 94310 19140 80660 15040 68170 22240 60430 118210 129150 93900 61431 54771 28030 44080 106101 132250 50010 90521 106130 115220 65410 29871 75101 47290 32670 74480 47320 58720 10480 71630 60300 47380 125520 110240 44400 38951 132550 106250 63120 73410 108680 72130 116180 21430 33730 40680 98790 55490 
27790 61910 94280 0 97580 50830 89110 117650 87630 52590 28010 39820 23820 71520 70320 85750 62341 82120 40500 53050 12930 102950 39320 36440 77271 74420 96461 81091 20310 68501 41590 94450 50940 38990 53950 119340 93660 99081 71821 44050 24490 85630 30210 37640 108530 106430 85440 64780 102791 11010 84110 
99570 58030 18940 97560 0 77850 8700 84741 38270 57620 121550 132490 92460 77170 70510 15390 55570 121840 132311 59070 89891 122340 122240 65230 44860 90840 63800 48670 77730 59560 66920 26990 68820 66810 56440 141730 126450 61300 53110 131840 112330 79330 81210 115790 88701 132390 36390 33990 57580 102130 71700 
77070 30010 81970 51580 79240 0 73880 128791 81670 22120 73560 84600 30860 94142 87990 65580 73520 128850 70450 68440 38910 143852 90760 34670 77830 108032 103950 83210 47900 78460 61552 83530 11090 57772 63000 164342 140390 103710 77790 66000 76000 104450 68330 89080 123151 153650 78470 48690 102700 62520 101230 
90880 53750 15030 88870 8720 72580 0 79951 32770 52350 112860 123800 86060 69530 62870 13280 46880 114200 125181 50380 82761 116130 113550 57340 38290 83200 58350 42460 69040 51430 58220 22870 63550 58120 47750 135520 120240 56850 45120 124710 103640 73120 72520 107100 83911 126180 30250 25650 53260 93440 65490 
99120 113611 68201 117760 84641 127811 80111 0 48861 107211 138110 144180 130580 49790 48500 90101 58220 72300 155000 68110 121580 61810 117110 105821 51810 50770 27120 48070 103421 61450 79280 58351 118411 81360 71820 69840 66810 28170 53010 159460 115700 35680 87860 109840 10290 69820 55341 81910 29960 115620 35290 
81450 65210 22360 87120 38450 80130 32950 48761 0 59900 109870 120810 91120 41790 35130 42460 28190 85350 124510 37450 85250 84260 103330 62890 11090 54350 26630 10620 67570 31420 48950 13770 71100 50530 37220 103650 88370 25130 20570 127700 96480 41250 62750 95500 52400 94310 6770 33790 23000 90450 33620 
72070 12780 60540 52720 57810 21100 52450 107211 60230 0 75950 87760 39210 75350 68690 44150 53140 115990 82870 49140 41300 124730 90510 20160 56400 89020 82440 61780 37700 58080 46930 62100 12070 44950 43700 145680 127530 82200 57110 80930 75940 84530 56990 87630 101571 135240 57040 27260 81150 62930 80060 
40140 84760 119060 28370 122730 73190 114260 138490 110900 76140 0 14030 43420 89420 90110 111290 85611 82900 21620 76300 35290 103730 32840 60710 100541 89760 117830 104361 46990 91771 64840 117720 73300 62310 77220 120120 94440 121770 95091 26880 22360 103770 51460 34950 129370 107210 108700 90090 126061 20020 103780 
44840 95740 128810 39350 132480 84170 124010 143930 120650 87120 13920 0 54400 95280 95970 121390 95361 83620 19300 86050 46270 104450 27870 71690 110291 93680 124210 114111 56770 101521 74590 127470 84280 72060 86970 120840 95160 128380 104841 24560 26280 109630 61210 35320 134650 107930 118450 99840 133040 29770 109640 
51630 47620 93750 23890 92200 30350 86220 130041 91040 39000 43020 54830 0 85310 81920 78540 69961 104780 43980 63100 11060 125520 63100 29440 82810 90810 104081 88190 29460 76121 52720 94200 33200 48940 60720 142450 116740 106701 79441 42040 48270 97760 46600 61420 121900 129540 88740 60520 110411 34830 95710 
52970 85510 61421 71610 77560 93901 69560 49760 42070 75150 88890 95640 85820 0 7480 73870 25170 45910 105780 27370 76620 50620 71540 63330 32440 14910 31470 31970 60640 28380 35760 55270 85290 37840 34960 71110 53640 38650 27210 110240 69550 17470 41700 63950 40640 60670 44630 54440 44090 69470 16690 
54220 78290 54391 69580 70530 87070 62530 49110 35090 67670 90140 96890 81120 7880 0 66650 17950 52550 104850 19890 72320 57260 73870 58630 25410 21550 28550 24990 55940 21160 31060 48290 77810 33140 27480 77750 60280 33120 20180 109310 70800 17060 39490 66040 40230 67310 37600 47220 37780 70720 15470 
89310 43060 28110 85780 15420 64360 13370 90471 42760 44130 110720 121660 78970 73440 66780 0 50200 118110 118851 53400 76431 122760 111980 52330 44410 87110 68340 49790 65950 55640 58050 35950 55330 56550 48620 142740 125780 66840 50570 118380 101500 80250 70950 105530 91600 132810 40090 22640 64710 91300 72820 
54820 61080 43770 62640 54960 72770 46650 58380 28270 52760 85390 96330 70471 24310 17650 49440 0 68980 100030 10590 62981 73630 77210 46550 17510 37980 34470 19100 45301 6510 23570 40260 63740 25650 14490 94120 76650 37090 9830 104490 71190 33420 35890 69380 53390 83680 29190 30010 40800 65970 28490 
59140 125460 106381 82570 122520 128250 114520 72700 86090 116140 83200 84560 105150 46200 52440 118830 70130 0 99340 70760 94120 21040 56780 98550 77400 31300 68270 75990 82120 73340 69600 99250 122470 73000 78700 37430 11750 75450 72170 104600 62110 50400 60710 49390 63650 24520 89590 99400 80890 74970 54340 
56540 91730 132490 40520 132650 70770 125560 154780 124970 83110 21510 19660 44420 105710 105640 118990 99681 98710 0 90370 42990 119540 46250 68410 114611 106240 134060 118431 58770 105841 78910 131790 77310 76380 91290 135930 110250 137190 109161 6610 39120 120060 65530 50760 145660 123020 122770 100240 140900 36550 120070 
45780 59590 49900 53310 58760 68380 50290 67990 37310 48980 76060 87000 63790 27340 20680 52880 10850 70460 90700 0 55500 76720 68400 39890 26380 41010 44970 29600 38620 17010 14240 47020 59120 16320 8790 97210 79740 47590 20330 95160 61860 36520 26560 60860 59690 86770 37670 32200 51300 56640 34350 
40670 49830 90060 12960 90020 38260 82930 121780 85710 41210 34940 46750 11030 76390 73000 76360 62481 93720 42710 55180 0 114010 52210 25780 76800 79750 96601 81231 18810 68641 43800 90510 38370 40020 54180 131390 105680 99221 71961 44130 37380 88840 35540 50530 112660 118480 83510 57610 102931 23900 86790 
80490 135940 106500 103920 122821 145591 116720 61900 84960 126090 104550 105910 125860 52730 58420 123600 75020 22220 120690 78310 114580 0 78130 114820 79660 38060 64720 75920 101010 78230 87250 96650 136970 89330 85900 21190 10270 71650 76510 125950 83460 47880 79600 70740 52850 10200 89800 104290 77090 96320 52930 
24810 98600 114860 39460 122890 90200 114420 116990 104210 90530 33010 28190 63220 71250 72670 112430 77220 56170 46270 68150 52330 77000 0 72940 93280 67220 100910 94900 54750 83300 58940 112200 90310 56960 71700 93390 67710 105480 86620 51530 15580 85410 42580 7870 107310 80480 103180 90880 110140 28440 86280 
53890 28200 65080 36400 65370 33950 57950 105811 62730 19930 60331 72141 28980 63510 60120 52020 47260 98870 68101 40240 25681 112890 72800 0 55050 77180 80290 60430 19520 52590 30920 65530 25210 27140 36040 133380 110410 80850 53690 67630 58230 75960 39010 69450 99780 122940 60070 32640 82330 45220 73910 
71140 61510 29781 77891 45190 76430 38110 51820 11080 56200 100641 111581 82950 32310 25650 44200 17250 76980 115281 26620 76530 78940 93490 55290 0 45980 26040 5380 58850 20480 38941 24060 67400 40531 27520 98330 83050 25800 9630 118980 86471 35840 51920 85660 47190 88990 12990 30090 27280 81221 28410 
51480 99170 75081 74490 91220 107701 83220 50970 54790 88810 88990 93990 90590 14900 21140 87530 38830 30990 106460 41030 79560 36910 67480 76990 46100 0 39340 44690 65990 42040 49420 67990 98950 51500 48620 57490 39900 46520 40870 110920 67900 21230 44580 60210 41290 46960 58290 68100 51960 70150 25170 
81160 87690 47400 96270 63840 103130 58420 27140 26680 82380 116960 123830 104611 30960 28160 67930 34390 67980 134190 44730 97121 64130 100810 80050 26170 39060 0 22430 79441 37620 57660 37550 93580 59740 47990 80170 68240 8480 28880 138890 97740 22600 66240 92980 26310 74180 32500 56270 13920 97540 14800 
73040 66950 32361 81430 48591 81870 42490 48140 10730 61640 104180 115120 88390 31810 25150 49370 19040 75370 118820 29380 81771 75370 94670 60730 5430 44370 22360 0 64091 22270 42360 23930 72840 44440 32460 94760 79480 22120 11520 123280 89570 32360 54680 86840 43510 85420 15570 35530 25720 84760 24730 
34460 45310 74450 20310 77750 47220 69280 102981 68030 37440 46430 57370 29480 60010 56620 65920 44801 81750 58780 37940 18810 100230 54590 19500 59120 65970 78921 63551 0 50961 27420 74850 41750 23640 36500 118970 93290 81541 54281 61260 40020 72460 21760 50020 95630 106060 65830 44950 85251 27010 70410 
62360 58100 45770 66700 54540 68540 46070 75090 36080 48530 89450 100390 71250 42400 35740 48660 19160 87070 104090 19420 64830 91720 85030 45340 26240 56070 50330 31620 47150 0 28530 43110 59510 30110 16790 112210 94740 51290 23730 107280 76060 51510 43220 78490 70100 101770 34090 28290 53520 70030 46550 
36130 57450 58070 41280 66100 61111 57630 78240 48590 46960 64030 74970 53030 34200 30810 57980 22710 69230 78670 12990 44140 83580 58800 30540 38231 47870 56830 41460 27840 28870 0 55410 54460 5050 14910 104070 80770 59450 32190 83130 49830 46650 16330 51600 69820 93540 46390 36250 63160 44610 44600 
89490 66090 10680 93830 27120 81760 23020 58401 13400 61530 116580 127520 93840 54990 48330 36010 40410 98550 131220 46950 90461 96300 112160 65350 24290 67550 37460 23820 74280 43650 55660 0 72730 57240 44320 115690 100410 34960 33470 132490 103190 53290 70350 105620 62361 106350 15430 34950 31240 97160 45660 
76030 18920 71970 50910 69240 10440 63880 118641 71660 12120 72890 84700 33210 85040 78380 55580 63940 122640 76870 58830 38240 136300 90090 25190 67830 98710 93870 73210 41770 69190 54820 73530 0 51040 53390 156790 134180 93630 68520 74930 75330 94840 62200 88410 113001 146350 68470 38690 92620 61850 91170 
33750 53240 59000 38650 67030 56901 58560 81050 49520 43920 61400 72340 48820 37010 33620 56570 24231 72370 76040 15800 40020 86390 56420 26330 39161 50680 58351 42981 23640 30391 4420 56340 50250 0 15840 106880 83910 60971 33711 80500 47450 49460 15390 49970 72630 96440 47320 35020 64681 41980 47410 
49380 54160 47140 54500 55760 62950 47290 71200 37450 43550 77250 88190 60950 34210 27550 48500 14000 77990 91890 8000 54170 83590 72050 35670 26840 47880 47290 31920 36490 19330 15550 44480 53690 17130 0 104080 86610 49910 22490 96350 63080 43390 30240 65020 66210 93640 35460 26770 53620 57830 41220 
96220 154360 124910 119650 141231 164001 135130 69830 103370 144790 120280 121640 142640 71140 76830 142010 93430 37870 136420 96720 131610 21530 93860 133230 98070 56470 79990 94330 119200 96640 105660 115060 155770 107740 104310 0 25920 84710 94920 141680 99190 66290 97790 86470 61000 19770 108210 122700 90150 112050 71340 
70300 136630 109820 93730 126141 139410 120040 66970 88280 127300 94360 95720 116720 54570 60260 125560 76860 11950 110500 80150 105690 9290 67940 109710 82980 39900 68040 79240 93280 80070 80760 99970 133790 84160 87740 25680 0 74970 79440 115760 73270 51200 71870 60550 57920 12770 93120 106130 80410 86130 56250 
85910 87430 44970 99360 61580 102870 56790 28430 25050 82120 121270 128580 107191 37600 33100 66300 36970 74770 138500 47310 99701 70370 105560 81210 25910 45850 7930 22170 82021 40200 60290 35290 93320 62370 50570 84640 74480 0 29790 143640 102490 29240 70550 97730 30210 80420 30950 56010 6850 101850 21440 
64410 64770 39180 72230 53130 77260 45130 53010 20650 57030 94980 105920 79670 27110 20450 51000 9840 71780 109620 20180 72571 75740 86600 54030 9890 40780 28250 11580 54891 13070 33160 33550 68230 35240 23150 95130 79320 29680 0 114080 80780 32640 45480 78770 48020 85790 22480 33700 33280 75560 25630 
61040 89570 132540 44110 132500 66250 125410 159280 128250 80950 26920 24980 42260 110210 110140 118840 104181 104030 6640 94870 44190 124860 51570 68260 119111 110740 139150 122931 61350 110341 83410 132990 75150 80880 95790 141250 115570 141770 113661 0 44440 124560 70030 56080 150160 128340 126050 100090 145480 41050 124570 
18570 83910 105010 24520 112080 75290 103610 115140 95530 75840 21730 26730 48280 69010 69700 100990 70241 61100 39210 60930 37390 81930 14830 58250 85171 67410 97940 88991 40060 76401 49470 102350 75400 47110 61850 98320 72640 102110 79721 44470 0 83360 35840 13150 106020 85410 93330 79440 106770 13500 83370 
66450 94750 63580 85090 79901 105210 73800 34650 42040 85080 102370 109120 98530 17650 17410 80680 34410 47850 119260 37300 89730 44350 84820 76040 36630 18930 22290 33000 73350 37620 48470 53730 95890 50550 44890 63740 48460 29470 33210 123720 83030 0 55180 77430 25530 54400 46880 63680 34910 82950 9950 
20360 65330 73310 30120 81340 67500 72870 87660 62680 56010 50750 61690 46220 41650 40230 70880 36220 60330 65390 26500 35190 78810 42980 38420 51750 44550 66490 54970 21620 42380 16360 70650 62030 15410 30150 97550 71870 70430 45700 69850 36140 55760 0 35440 78660 84640 61630 49330 75090 31330 54020 
17320 95420 107680 37950 115710 88690 107240 110290 96720 86940 35160 35610 61710 64200 65620 105250 69690 49120 51300 60660 50820 69950 7830 69350 85790 60520 93860 87370 50210 75770 51450 105020 88800 49780 64520 86340 60660 98110 79090 56560 14070 78550 35090 0 100610 73430 96000 83700 102770 26930 79230 
90520 108842 72411 109160 88851 122922 84321 10230 52920 102322 129500 134500 122260 41190 39900 91830 53621 62360 146400 59790 113260 51870 107190 99570 47890 40850 26420 44150 95840 56851 70960 62561 113522 73040 67221 60010 56870 30110 48411 150860 107100 27080 79250 99920 0 59990 58030 77422 32600 107020 29840 
83310 145210 115760 106750 132081 152830 125980 69860 94220 135640 107370 108730 129730 61990 67680 132860 84280 24960 123510 87570 118700 10470 80950 122720 88920 47320 73980 85180 106290 87490 93770 105910 146620 97170 95160 19390 13010 80910 85770 128770 86280 57140 84880 73560 61030 0 99060 113550 86350 99140 62190 
80670 62030 21540 85010 36480 76950 30360 55231 6760 56720 107760 118700 88400 45030 38370 39720 29700 89700 122400 38070 83140 89210 103340 59910 13470 58700 32300 15570 65460 32940 46840 15450 67920 48420 35500 108600 93320 30870 22450 125590 94370 46200 61530 96640 57350 99260 0 30610 28740 88340 38570 
67330 31480 33650 64690 33810 47550 26070 82020 34030 27320 88740 99680 61120 53740 47080 22100 30500 98410 100261 31830 57841 103060 90000 32880 30200 67410 56240 35580 44860 35940 36070 35320 38520 34570 26390 123550 106080 56000 34210 99790 79520 62850 48970 83550 76921 113110 30840 0 54950 69320 57890 
90680 86570 41410 103250 58020 102010 53860 29930 22900 81260 126000 133350 110770 43700 37870 64150 40860 80830 142851 51200 103591 76430 110330 82780 27480 51910 13990 25720 85911 44090 64180 31730 92460 66260 54280 90690 80540 6840 33340 147601 107260 35340 75320 102500 32470 86480 28800 55150 0 106580 27540 
20230 70850 99040 11020 102710 61790 94240 115530 90880 62780 19420 30360 34780 69400 70090 91620 65591 74580 36530 56280 23890 95410 28310 45190 80521 69930 97810 84341 27000 71751 44820 97700 61900 42290 57200 111800 86120 101750 75071 40990 13480 83750 31440 26630 106410 98890 88680 70070 106041 0 83760 
67160 88720 55610 84070 71931 101110 65830 35160 34070 79910 103080 109830 95520 16760 15260 72710 28540 54000 119970 34290 86720 52430 86620 73030 28650 25080 15820 25030 70340 31770 45460 45760 90890 47540 41880 71820 56540 23000 25590 124430 83740 9380 54040 78980 29170 62480 38910 57650 28440 83660 0 

0 Ciudad_0 0 0 32400 0
1 Ciudad_1 561 8199 11604 1122
2 Ciudad_2 605 4704 8616 1210
3 Ciudad_3 365 13213 17346 730
4 Ciudad_4 263 15518 18045 526
5 Ciudad_5 753 9268 11706 1506
6 Ciudad_6 663 14611 17611 1326
7 Ciudad_7 102 22132 25157 204
8 Ciudad_8 290 8926 11271 580
9 Ciudad_9 517 22435 26538 1034
10 Ciudad_10 104 11331 13848 208
11 Ciudad_11 573 17548 20647 1146
12 Ciudad_12 336 3975 8661 672
13 Ciudad_13 766 11630 15560 1532
14 Ciudad_14 780 13123 17796 1560
15 Ciudad_15 381 20561 23399 762
16 Ciudad_16 316 6555 10040 632
17 Ciudad_17 701 21382 24423 1402
18 Ciudad_18 207 9926 14562 414
19 Ciudad_19 825 19186 22197 1650
20 Ciudad_20 617 24328 26631 1234
21 Ciudad_21 243 10182 12707 486
22 Ciudad_22 206 20672 24769 412
23 Ciudad_23 776 24013 28323 1552
24 Ciudad_24 494 13587 17086 988
25 Ciudad_25 270 20866 24068 540
26 Ciudad_26 307 24543 27062 614
27 Ciudad_27 807 17678 21435 1614
28 Ciudad_28 383 2603 6727 766
29 Ciudad_29 810 7989 11703 1620
30 Ciudad_30 537 12648 16477 1074
31 Ciudad_31 359 23393 26333 718
32 Ciudad_32 315 25373 28108 630
33 Ciudad_33 603 5546 8256 1206
34 Ciudad_34 141 15870 17906 282
35 Ciudad_35 552 5591 9006 1104
36 Ciudad_36 301 3458 6511 602
37 Ciudad_37 679 8096 11563 1358
38 Ciudad_38 766 7782 11154 1532
39 Ciudad_39 216 24511 26985 432
40 Ciudad_40 289 2943 6073 578
41 Ciudad_41 260 22870 27639 520
42 Ciudad_42 602 14519 18379 1204
43 Ciudad_43 206 7329 12067 412
44 Ciudad_44 776 14309 16404 1552
45 Ciudad_45 495 20194 23915 990
46 Ciudad_46 373 19760 24704 746
47 Ciudad_47 433 17704 20883 866
48 Ciudad_48 432 4748 7330 864
49 Ciudad_49 592 5677 10668 1184
50 Ciudad_50 178 24261 28812 356

0 -0.0164268 0.0064747 -0.040479 -0.0119842 0.0369228 -0.0867322 -0.0865244 0.0449758 -0.0688926 -0.0899343 -0.05991 0.0948619 -0.0986988 0.050393 -0.0520218 0.00147566 0.0140308 -0.0986239 0.0554459 0.00780574 0.0619528 0.0916496 0.0354496 0.0646372 0.0102756 -0.0389312 -0.00431059 -0.0748708 -0.0554701 -0.0327241 -0.014706 -0.051409 -0.0550119 -0.0931733 0.0865895 0.0848151 0.0614905 -0.0517324 0.0823715 0.0111768 0.0364756 -0.0228025 0.045192 0.0704583 0.0176252 0.0354107 -0.0251867 0.0922822 0.00363716 0.05161 
0.0164268 0 0.0710796 -0.0210026 -0.00362281 -0.0615951 0.0441123 -0.0108713 -0.00879906 -0.00823212 0.0162162 0.00560466 -0.0345074 0.00613549 -0.0583855 0.0657238 0.0634864 0.0253867 0.0186678 -0.0625811 0.0608537 -0.0453844 -0.0172501 0.0565366 -0.0667045 -0.0625965 0.0690668 -0.0805753 -0.0653863 0.00598534 -0.0749291 -0.0315452 0.0403901 -0.00256395 0.0177591 0.000706841 0.0488038 -0.0533468 0.0260211 0.0779337 0.0270348 -0.0852432 0.0336433 0.0892324 -0.0247861 -0.0981112 -0.00919897 -0.0485517 0.0226779 -0.0764688 0.0802476 
-0.0064747 -0.0710796 0 0.0136885 0.0680135 -0.0757501 -0.0900375 -0.00497561 -0.0382134 -0.0767617 0.0992334 -0.00273483 0.0461439 -0.00987814 -0.0621503 -0.0188043 -0.00346018 -0.00173602 -0.0581658 -0.0593021 0.0547262 0.0865218 -0.00273845 0.0925612 -0.0990384 -0.033936 0.0233273 -0.0541276 -0.00106779 0.0636388 0.0910722 -0.0776291 0.0576684 -0.0742919 -0.0283602 0.0629013 -0.0956281 0.066592 0.087963 -0.0473652 -0.0146721 -0.0880965 -0.011344 -0.063953 -0.027862 0.0229804 -0.0746745 0.0643178 0.0794947 0.0583118 -0.0886039 
0.040479 0.0210026 -0.0136885 0 -0.056763 -0.0321766 0.0714518 -0.0609346 -0.0650782 0.0572532 -0.00801593 0.0151446 0.060978 0.0341228 -0.0678932 -0.0205593 0.0628717 -0.0271186 -0.0607161 0.0819659 -0.0262627 -0.0385038 0.0715597 0.00112455 -0.0602708 0.001634 -0.0626984 0.0890117 -0.0522338 0.0448075 0.0350566 -0.0981351 0.054579 -0.0369434 0.0285756 0.0824811 -0.0942555 -0.00958423 0.0462499 0.0214928 -0.0357243 0.0887141 -0.0719771 0.0736529 0.0391434 -0.0545837 0.0565024 0.0208915 -0.0377666 0.0119699 -0.0197312 
0.0119842 0.00362281 -0.0680135 0.056763 0 -0.0205911 -0.0422788 0.0678823 -0.0596534 -0.0845568 0.024059 -0.020109 0.0713 0.0378321 0.0856458 0.0780967 0.0628976 0.0385477 0.0056992 -0.071406 0.0408819 0.0106748 -0.0898986 0.0651624 0.0162236 -0.0709405 0.0325144 -0.0297066 -0.0513102 -0.0893622 -0.0679159 0.0543181 -0.0369128 -0.00262703 -0.0319418 -0.0826663 0.025343 -0.013936 0.0696119 0.0356865 0.00166106 0.0939132 -0.0105416 0.0903195 0.0544958 0.0733418 0.0557398 0.0322201 0.0105715 0.0286602 -0.0963301 
-0.0369228 0.0615951 0.0757501 0.0321766 0.0205911 0 0.0121796 -0.0646523 0.0407725 -0.0614866 -0.0184935 0.0735471 0.0783998 -0.0192181 0.0469442 0.000673476 -0.0593118 0.00307335 0.0150208 0.00438069 0.0376329 0.0252524 0.0197713 0.0239633 0.0761987 -0.0798811 -0.0610687 0.0796129 -0.0407016 0.055538 0.0941849 -0.0122959 0.0938741 0.0460895 -0.0966003 0.0997697 -0.0573923 0.0477427 -0.00848421 -0.0380333 0.0181009 0.0854198 0.0400971 0.0519619 0.0520878 -0.0573374 -0.0297968 0.0605908 0.0101896 -0.0208925 -0.0139528 
0.0867322 -0.0441123 0.0900375 -0.0714518 0.0422788 -0.0121796 0 0.0148999 -0.0115142 0.0439508 0.0742251 0.0888852 0.0327308 -0.00647226 0.0474507 0.0944361 -0.0547603 0.0858867 0.0105773 -0.0834636 -0.0139757 -0.0503844 -0.0338176 0.0163968 0.0907718 0.079684 0.0321309 -0.0499503 0.0443696 0.0734813 -0.0693689 -0.0957677 0.0240182 -0.0651169 0.00361128 0.0523219 -0.0817032 -0.0828998 -0.0315735 0.0597052 -0.0666421 0.0217368 0.0447463 -0.0395601 -0.0318092 0.0679308 -0.0288095 -0.00586051 0.0850221 0.0304536 0.0472638 
0.0865244 0.0108713 0.00497561 0.0609346 -0.0678823 0.0646523 -0.0148999 0 -0.0278568 0.0379052 0.0865123 -0.0879052 0.0872589 0.00883887 -0.0612953 -0.0135837 -0.0853397 0.0906177 -0.0134103 -0.0151412 0.00431274 -0.0901982 0.0349926 -0.0901535 0.00851803 -0.0049127 0.0769476 -0.00325314 0.0502993 0.0768743 0.010453 -0.0937582 -0.0581643 0.0829447 0.0124816 -0.0838173 0.0193895 0.000475471 -0.0480039 -0.0437172 -0.0770028 -0.0932793 -0.0740158 0.0285726 -0.0943434 0.062369 -0.0440919 -0.00437309 0.0236773 0.0943595 -0.0686431 
-0.0449758 0.00879906 0.0382134 0.0650782 0.0596534 -0.0407725 0.0115142 0.0278568 0 0.031017 -0.0080537 0.0367492 0.0205679 0.0656925 0.0138013 -0.0611236 -0.0795355 -0.0556269 -0.0867591 -0.00710794 0.0530935 -0.0692748 -0.0143587 -0.0523663 -0.079801 -0.044781 -0.0762431 0.0543565 -0.0469622 -0.0668387 0.0555734 0.094905 -0.0478972 0.00957532 0.0740796 0.0288874 0.0442301 0.0876638 0.0228301 -0.0948181 -0.00784844 -0.00499971 0.069181 -0.0992551 -0.00679779 0.0402018 0.0419437 0.0265586 0.0571768 -0.0450918 -0.0440334 
0.0688926 0.00823212 0.0767617 -0.0572532 0.0845568 0.0614866 -0.0439508 -0.0379052 -0.031017 0 -0.0686274 -0.0628696 0.0360999 0.0534056 -0.0716697 0.0546488 -0.0289414 -0.0327282 0.0875347 -0.0480502 -0.0084355 -0.0177444 0.0147939 0.0702709 0.0280344 -0.0600402 -0.0225879 0.0165889 -0.0365702 0.0546116 0.070643 0.0483032 0.0942148 -0.0542792 -0.0425012 0.0204389 -0.0183385 0.0372413 -0.0464347 -0.0146515 -0.0256084 0.0788916 0.0345154 0.085299 0.0797774 -0.0869306 0.0160932 0.0486727 0.00480197 0.0636373 -0.0289725 
0.0899343 -0.0162162 -0.0992334 0.00801593 -0.024059 0.0184935 -0.0742251 -0.0865123 0.0080537 0.0686274 0 -0.0312305 0.0930278 0.0248641 0.0829586 0.0721214 -0.0669779 0.0824769 -0.0754666 0.0800076 0.0761498 -0.0397575 -0.0844298 -0.0229111 -0.000632793 -0.00230259 0.0759018 0.0429336 -0.00761597 -0.0308428 0.0634703 -0.0451101 -0.0853796 -0.0156868 -0.0382897 0.035234 -0.00399394 -0.0997263 0.0828022 -0.0146423 -0.0118395 0.0209878 -0.0539313 -0.0555105 -0.00178081 0.0617697 -0.0797224 -0.0852635 -0.0248965 -0.0982099 -0.0272247 
0.05991 -0.00560466 0.00273483 -0.0151446 0.020109 -0.0735471 -0.0888852 0.0879052 -0.0367492 0.0628696 0.0312305 0 -0.0153548 0.0968136 -0.0462346 -0.00331934 -0.020005 0.00947938 0.0531862 0.0762906 -0.0727861 -0.0178627 -0.048944 0.00238307 0.0248743 -0.0244092 -0.0971578 0.0471979 0.00863874 0.0248477 0.0705952 0.0698658 -0.0806885 -0.0859348 -0.0544783 0.0929439 0.0570975 -0.0257753 -0.00980087 0.0603472 -0.0362784 -0.0802981 0.0804426 -0.0878973 -0.00773748 -0.0969367 0.00766135 0.0324146 0.00140159 -0.0649803 -0.017046 
-0.0948619 0.0345074 -0.0461439 -0.060978 -0.0713 -0.0783998 -0.0327308 -0.0872589 -0.0205679 -0.0360999 -0.0930278 0.0153548 0 0.0505437 -0.0612687 0.0685612 -0.0989129 0.00962557 0.0513339 -0.010079 0.00212586 -0.010147 0.0885121 -0.0167082 0.0735714 0.0766467 0.0883078 -0.0864184 -0.0785429 -0.0518282 0.0678789 0.0666303 -0.0424276 0.0351876 -0.0138733 -0.0341417 -0.0797194 -0.0150485 -0.0100452 0.059961 0.060785 0.0532328 0.0625486 -0.0515633 0.00653986 -0.0537451 0.0216853 -0.00344909 0.0342518 0.0553263 -0.0628964 
0.0986988 -0.00613549 0.00987814 -0.0341228 -0.0378321 0.0192181 0.00647226 -0.00883887 -0.0656925 -0.0534056 -0.0248641 -0.0968136 -0.0505437 0 0.0867398 0.0914908 0.0302193 -0.0416704 0.0337106 -0.0462563 -0.0178871 0.0671556 0.0345627 0.0576322 -0.0143875 0.0141455 0.0967421 -0.0945845 0.0325334 0.0765068 0.0608034 -0.0197018 -0.0962695 0.0718595 0.0662003 0.022534 0.0166592 -0.03723 -0.063028 0.0841174 -0.039679 -0.0961781 -0.0156155 -0.0396443 0.0707793 0.026282 0.0651406 0.0413439 -0.0179201 0.0960365 0.0461554 
-0.050393 0.0583855 0.0621503 0.0678932 -0.0856458 -0.0469442 -0.0474507 0.0612953 -0.0138013 0.0716697 -0.0829586 0.0462346 0.0612687 -0.0867398 0 0.062198 -0.0698599 0.0649211 -0.0158775 -0.0954772 -0.0589931 0.037719 -0.0337644 0.0334866 -0.0629477 -0.036032 -0.0184589 -0.0190339 -0.0718297 0.0664345 -0.0630883 0.0572301 -0.0595149 0.0744051 0.0332538 -0.0749012 -0.0566319 -0.0189835 -0.0739372 -0.0301835 -0.0411938 0.0728615 -0.0326609 -0.0813224 -0.0915795 0.0565334 0.0699148 -0.0197473 0.0876637 -0.0574801 0.067106 
0.0520218 -0.0657238 0.0188043 0.0205593 -0.0780967 -0.000673476 -0.0944361 0.0135837 0.0611236 -0.0546488 -0.0721214 0.00331934 -0.0685612 -0.0914908 -0.062198 0 -0.0604734 0.0891193 0.0944839 -0.056126 0.0312899 0.0844354 0.0523594 -0.0360835 -0.0818472 -0.0765459 -0.0505447 0.0928086 -0.0109244 -0.0413263 -0.0244202 0.0857434 0.0883951 -0.0758221 -0.0305393 -0.0478215 -0.0476902 -0.0298625 -0.0994176 0.0105215 0.0818805 -0.0377625 -0.095684 0.0644276 0.0122555 -0.0667137 -0.0669244 -0.0895785 -0.0319132 0.0105298 0.010939 
-0.00147566 -0.0634864 0.00346018 -0.0628717 -0.0628976 0.0593118 0.0547603 0.0853397 0.0795355 0.0289414 0.0669779 0.020005 0.0989129 -0.0302193 0.0698599 0.0604734 0 0.0122578 -0.0543787 0.0774205 -0.0937811 -0.00615743 -0.0364186 0.0384885 -0.0325526 0.00950841 -0.08233 -0.0354637 -0.0161733 -0.0455601 -0.059304 -0.0589583 0.00203489 0.0341509 -0.00530676 -0.0536946 -0.0381617 -0.095254 0.0765006 0.0377953 -0.0145858 -0.0735253 -0.0951717 -0.0708681 -0.0637024 0.0500444 -0.0206156 -0.0105147 0.0550275 0.0376197 0.00792761 
-0.0140308 -0.0253867 0.00173602 0.0271186 -0.0385477 -0.00307335 -0.0858867 -0.0906177 0.0556269 0.0327282 -0.0824769 -0.00947938 -0.00962557 0.0416704 -0.0649211 -0.0891193 -0.0122578 0 -0.0991411 0.0446384 0.0434618 0.0874101 0.0656908 -0.00364386 -0.0860186 -0.031442 0.0721228 0.0706117 0.053694 -0.000837381 0.0282952 0.0242414 0.0586371 0.0159702 -0.0176834 -0.0229283 -0.0222197 -0.0287959 0.095939 0.0917767 -0.0882689 -0.0992945 -0.00700554 -0.029489 -0.0561253 -0.0107176 -0.0159059 0.018001 -0.0202441 -0.0171675 -0.0826315 
0.0986239 -0.0186678 0.0581658 0.0607161 -0.0056992 -0.0150208 -0.0105773 0.0134103 0.0867591 -0.0875347 0.0754666 -0.0531862 -0.0513339 -0.0337106 0.0158775 -0.0944839 0.0543787 0.0991411 0 -0.0521891 0.0236339 -0.0937529 -0.056653 -0.0601393 0.0983021 -0.091424 -0.00822199 0.075632 0.0732767 0.0952465 -0.0875346 -0.00271265 -0.0612541 -0.0182666 0.027372 0.0903714 0.0128275 -0.0543738 -0.0704284 0.0784389 -0.0907081 -0.0977332 0.0344189 -0.0448071 0.0185244 -0.0911223 -0.0265319 0.0839505 0.0612526 0.0250737 -0.0571071 
-0.0554459 0.0625811 0.0593021 -0.0819659 0.071406 -0.00438069 0.0834636 0.0151412 0.00710794 0.0480502 -0.0800076 -0.0762906 0.010079 0.0462563 0.0954772 0.056126 -0.0774205 -0.0446384 0.0521891 0 0.071208 -0.0230472 -0.0401772 0.0379214 -0.058155 -0.0419886 0.0696547 -0.0598498 -0.0325448 0.0670555 -0.0321915 -0.0199486 0.0116054 -0.0756456 -0.0648022 0.0282672 0.089428 -0.00939047 -0.0580437 -0.0772664 0.0693373 -0.0870662 0.0585176 0.0536678 -0.0956002 -0.0644173 0.0475479 -0.0608588 -0.00229696 -0.0108285 -0.00481253 
-0.00780574 -0.0608537 -0.0547262 0.0262627 -0.0408819 -0.0376329 0.0139757 -0.00431274 -0.0530935 0.0084355 -0.0761498 0.0727861 -0.00212586 0.0178871 0.0589931 -0.0312899 0.0937811 -0.0434618 -0.0236339 -0.071208 0 -0.0273634 0.0669666 0.0577028 0.00989648 0.0548085 0.0917293 0.0631543 0.01927 -0.0699187 -0.00717009 -0.0109551 -0.0844222 0.0619451 -0.0814511 0.0125868 0.00704942 0.0715835 0.0870098 0.0431401 -0.0265356 -0.0122794 -0.00959993 0.0470149 -0.00064002 -0.0983634 0.0718307 -0.091504 -0.0852455 0.0996074 0.0760735 
-0.0619528 0.0453844 -0.0865218 0.0385038 -0.0106748 -0.0252524 0.0503844 0.0901982 0.0692748 0.0177444 0.0397575 0.0178627 0.010147 -0.0671556 -0.037719 -0.0844354 0.00615743 -0.0874101 0.0937529 0.0230472 0.0273634 0 0.0815502 0.0338296 -0.0696724 -0.013218 0.00109403 0.00274118 -0.0825149 0.0960837 0.0232707 0.0927664 -0.0298063 0.0060124 0.0778265 -0.0994828 -0.0268385 0.0898084 -0.0581639 0.0708514 0.0112364 -0.0490746 0.00682541 0.0867117 0.0800543 -0.073649 -0.0456493 0.0361247 0.0271312 -0.061923 -0.0943701 
-0.0916496 0.0172501 0.00273845 -0.0715597 0.0898986 -0.0197713 0.0338176 -0.0349926 0.0143587 -0.0147939 0.0844298 0.048944 -0.0885121 -0.0345627 0.0337644 -0.0523594 0.0364186 -0.0656908 0.056653 0.0401772 -0.0669666 -0.0815502 0 -0.031522 -0.0902067 0.0989455 -0.0355862 0.0168387 -0.0808015 -0.0922471 -0.0057544 0.0320372 0.0335394 -0.0367484 0.0711972 0.0810988 0.0266305 -0.0240274 0.0986728 0.0826163 -0.0264578 0.0101309 0.0268325 -0.0126643 -0.0890759 0.016708 0.0998692 0.0988851 0.0726155 0.0750628 0.0222017 
-0.0354496 -0.0565366 -0.0925612 -0.00112455 -0.0651624 -0.0239633 -0.0163968 0.0901535 0.0523663 -0.0702709 0.0229111 -0.00238307 0.0167082 -0.0576322 -0.0334866 0.0360835 -0.0384885 0.00364386 0.0601393 -0.0379214 -0.0577028 -0.0338296 0.031522 0 0.0209428 0.0418822 -0.00450083 0.00703259 -0.0110867 -0.0681424 -0.0775826 -0.0789364 -0.0495647 -0.0617684 -0.0456393 -0.0672364 0.0235196 -0.0761897 0.00238613 -0.0703499 0.0647259 0.0613971 0.0408478 0.0411289 -0.0634254 0.0447181 -0.0772737 -0.0873325 -0.0218155 0.000394535 -0.0356389 
-0.0646372 0.0667045 0.0990384 0.0602708 -0.0162236 -0.0761987 -0.0907718 -0.00851803 0.079801 -0.0280344 0.000632793 -0.0248743 -0.0735714 0.0143875 0.0629477 0.0818472 0.0325526 0.0860186 -0.0983021 0.058155 -0.00989648 0.0696724 0.0902067 -0.0209428 0 -0.025216 0.0393638 -0.0160535 0.030667 -0.00217124 -0.0138188 0.0353413 0.0704141 -0.0883147 0.0728129 -0.026319 -0.0943111 -0.0592162 -0.0646638 0.0555791 -0.0216716 0.0877762 -0.0284581 0.0324666 0.0678286 -0.0827187 0.00308988 -0.0799894 0.0595534 -0.0251613 0.0746259 
-0.0102756 0.0625965 0.033936 -0.001634 0.0709405 0.0798811 -0.079684 0.0049127 0.044781 0.0600402 0.00230259 0.0244092 -0.0766467 -0.0141455 0.036032 0.0765459 -0.00950841 0.031442 0.091424 0.0419886 -0.0548085 0.013218 -0.0989455 -0.0418822 0.025216 0 -0.0860163 0.0582876 0.0500789 0.0929128 0.0116903 -0.042867 -0.0477411 0.0163365 -0.0624025 -0.093851 -0.0687932 -0.0718503 -0.0464722 0.0975411 -0.0264956 -0.0659276 0.0214592 0.0354618 0.00488813 -0.0344423 0.0808528 0.0536142 -0.00563115 0.0846661 -0.0205842 
0.0389312 -0.0690668 -0.0233273 0.0626984 -0.0325144 0.0610687 -0.0321309 -0.0769476 0.0762431 0.0225879 -0.0759018 0.0971578 -0.0883078 -0.0967421 0.0184589 0.0505447 0.08233 -0.0721228 0.00822199 -0.0696547 -0.0917293 -0.00109403 0.0355862 0.00450083 -0.0393638 0.0860163 0 0.0715288 0.00599166 -0.0442279 -0.0153496 0.0779567 0.0433835 -0.097072 -0.0798828 -0.0822393 0.0419664 -0.0174807 0.0754169 -0.0369013 -0.0891973 -0.00188571 0.0818141 -0.0218836 -0.0543573 0.0176897 -0.0262422 0.0566317 0.0847834 0.0117141 -0.0617868 
0.00431059 0.0805753 0.0541276 -0.0890117 0.0297066 -0.0796129 0.0499503 0.00325314 -0.0543565 -0.0165889 -0.0429336 -0.0471979 0.0864184 0.0945845 0.0190339 -0.0928086 0.0354637 -0.0706117 -0.075632 0.0598498 -0.0631543 -0.00274118 -0.0168387 -0.00703259 0.0160535 -0.0582876 -0.0715288 0 -0.0860504 0.0862945 0.050588 0.0203096 -0.0383919 -0.000872844 -0.0794547 -0.00805086 -0.0669414 -0.0472707 0.039041 -0.0314195 0.0558357 -0.0514305 0.00600243 -0.0274018 -0.0828047 -0.00577394 0.095497 -0.0721477 -0.0134551 -0.0692456 0.0585006 
0.0748708 0.0653863 0.00106779 0.0522338 0.0513102 0.0407016 -0.0443696 -0.0502993 0.0469622 0.0365702 0.00761597 -0.00863874 0.0785429 -0.0325334 0.0718297 0.0109244 0.0161733 -0.053694 -0.0732767 0.0325448 -0.01927 0.0825149 0.0808015 0.0110867 -0.030667 -0.0500789 -0.00599166 0.0860504 0 -0.0579057 0.0449155 -0.0146384 0.0431733 -0.032124 -0.0417807 -0.09741 -0.095826 0.00301639 0.0116899 0.031375 0.0218607 -0.0370509 0.0708553 -0.042234 -0.0808235 0.0627233 0.0175408 0.061259 0.0221091 -0.0717556 0.0569807 
0.0554701 -0.00598534 -0.0636388 -0.0448075 0.0893622 -0.055538 -0.0734813 -0.0768743 0.0668387 -0.0546116 0.0308428 -0.0248477 0.0518282 -0.0765068 -0.0664345 0.0413263 0.0455601 0.000837381 -0.0952465 -0.0670555 0.0699187 -0.0960837 0.0922471 0.0681424 0.00217124 -0.0929128 0.0442279 -0.0862945 0.0579057 0 -0.0678683 -0.0505446 0.0153948 0.00499787 -0.0613231 -0.0193429 0.0984527 0.0878393 -0.0223255 -0.0376196 0.0130317 -0.0542962 0.0165946 -0.0791428 -0.0589402 -0.030008 0.056443 0.0187911 0.062371 -0.08569 0.0985669 
0.0327241 0.0749291 -0.0910722 -0.0350566 0.0679159 -0.0941849 0.0693689 -0.010453 -0.0555734 -0.070643 -0.0634703 -0.0705952 -0.0678789 -0.0608034 0.0630883 0.0244202 0.059304 -0.0282952 0.0875346 0.0321915 0.00717009 -0.0232707 0.0057544 0.0775826 0.0138188 -0.0116903 0.0153496 -0.050588 -0.0449155 0.0678683 0 0.0447826 -0.073799 -0.0479895 -0.0197205 -0.0321862 0.0863729 0.0978539 -0.0506175 -0.0731016 0.0588935 -0.0877897 -0.0310336 -0.00157012 0.0946599 -0.0851379 -0.024791 0.0627368 -0.0487689 -0.0887653 0.0687119 
0.014706 0.0315452 0.0776291 0.0981351 -0.0543181 0.0122959 0.0957677 0.0937582 -0.094905 -0.0483032 0.0451101 -0.0698658 -0.0666303 0.0197018 -0.0572301 -0.0857434 0.0589583 -0.0242414 0.00271265 0.0199486 0.0109551 -0.0927664 -0.0320372 0.0789364 -0.0353413 0.042867 -0.0779567 -0.0203096 0.0146384 0.0505446 -0.0447826 0 0.0777 0.00104872 -0.0615698 -0.0748623 -0.0146392 -0.0530519 0.0155745 0.0635387 0.092987 -0.0735189 -0.0326039 -0.0210829 -0.0731776 -0.0190755 -0.0254798 -0.0431473 -0.0104089 0.0465472 0.0566255 
0.051409 -0.0403901 -0.0576684 -0.054579 0.0369128 -0.0938741 -0.0240182 0.0581643 0.0478972 -0.0942148 0.0853796 0.0806885 0.0424276 0.0962695 0.0595149 -0.0883951 -0.00203489 -0.0586371 0.0612541 -0.0116054 0.0844222 0.0298063 -0.0335394 0.0495647 -0.0704141 0.0477411 -0.0433835 0.0383919 -0.0431733 -0.0153948 0.073799 -0.0777 0 -0.00584338 0.0536213 -0.0776678 -0.045754 0.0381316 0.0766799 0.0506235 -0.0331605 0.0476153 0.09062 -0.0306682 -0.0837405 0.0941876 -0.0273502 -0.0975871 0.0596886 0.0940346 -0.0300343 
0.0550119 0.00256395 0.0742919 0.0369434 0.00262703 -0.0460895 0.0651169 -0.0829447 -0.00957532 0.0542792 0.0156868 0.0859348 -0.0351876 -0.0718595 -0.0744051 0.0758221 -0.0341509 -0.0159702 0.0182666 0.0756456 -0.0619451 -0.0060124 0.0367484 0.0617684 0.0883147 -0.0163365 0.097072 0.000872844 0.032124 -0.00499787 0.0479895 -0.00104872 0.00584338 0 0.0486312 -0.0574665 0.0259432 -0.0841685 -0.00688209 -0.0514963 0.0400748 -0.0835938 -0.068569 -0.0321318 0.0989923 0.0101796 0.0754508 0.00794861 0.095698 0.0235134 -0.0813165 
0.0931733 -0.0177591 0.0283602 -0.0285756 0.0319418 0.0966003 -0.00361128 -0.0124816 -0.0740796 0.0425012 0.0382897 0.0544783 0.0138733 -0.0662003 -0.0332538 0.0305393 0.00530676 0.0176834 -0.027372 0.0648022 0.0814511 -0.0778265 -0.0711972 0.0456393 -0.0728129 0.0624025 0.0798828 0.0794547 0.0417807 0.0613231 0.0197205 0.0615698 -0.0536213 -0.0486312 0 0.0254765 -0.0945298 0.00341004 0.0103407 -0.0282284 0.0497175 -0.0418305 0.0766693 -0.0275152 -0.0931699 0.0117995 0.0599696 0.0414464 0.00975414 0.0722697 -0.0971626 
-0.0865895 -0.000706841 -0.0629013 -0.0824811 0.0826663 -0.0997697 -0.0523219 0.0838173 -0.0288874 -0.0204389 -0.035234 -0.0929439 0.0341417 -0.022534 0.0749012 0.0478215 0.0536946 0.0229283 -0.0903714 -0.0282672 -0.0125868 0.0994828 -0.0810988 0.0672364 0.026319 0.093851 0.0822393 0.00805086 0.09741 0.0193429 0.0321862 0.0748623 0.0776678 0.0574665 -0.0254765 0 0.0490377 0.0723485 0.0557659 -0.00933014 -0.0267858 0.0611124 0.0602811 0.0742784 -0.0543355 0.0300175 -0.059996 -0.0968855 0.0584713 -0.0115855 -0.0982315 
-0.0848151 -0.0488038 0.0956281 0.0942555 -0.025343 0.0573923 0.0817032 -0.0193895 -0.0442301 0.0183385 0.00399394 -0.0570975 0.0797194 -0.0166592 0.0566319 0.0476902 0.0381617 0.0222197 -0.0128275 -0.089428 -0.00704942 0.0268385 -0.0266305 -0.0235196 0.0943111 0.0687932 -0.0419664 0.0669414 0.095826 -0.0984527 -0.0863729 0.0146392 0.045754 -0.0259432 0.0945298 -0.0490377 0 0.0630299 -0.00154037 0.0209095 -0.0399386 -0.0625079 -0.0826554 0.077896 0.04012 0.0127798 0.0630786 0.0876412 0.00891671 -0.0297018 0.0813281 
-0.0614905 0.0533468 -0.066592 0.00958423 0.013936 -0.0477427 0.0828998 -0.000475471 -0.0876638 -0.0372413 0.0997263 0.0257753 0.0150485 0.03723 0.0189835 0.0298625 0.095254 0.0287959 0.0543738 0.00939047 -0.0715835 -0.0898084 0.0240274 0.0761897 0.0592162 0.0718503 0.0174807 0.0472707 -0.00301639 -0.0878393 -0.0978539 0.0530519 -0.0381316 0.0841685 -0.00341004 -0.0723485 -0.0630299 0 -0.0733913 0.0315805 0.00852652 -0.0997753 0.00808813 -0.0788923 0.0238242 -0.0460401 0.0786707 0.0391743 0.0753939 0.00736718 -0.0570652 
0.0517324 -0.0260211 -0.087963 -0.0462499 -0.0696119 0.00848421 0.0315735 0.0480039 -0.0228301 0.0464347 -0.0828022 0.00980087 0.0100452 0.063028 0.0739372 0.0994176 -0.0765006 -0.095939 0.0704284 0.0580437 -0.0870098 0.0581639 -0.0986728 -0.00238613 0.0646638 0.0464722 -0.0754169 -0.039041 -0.0116899 0.0223255 0.0506175 -0.0155745 -0.0766799 0.00688209 -0.0103407 -0.0557659 0.00154037 0.0733913 0 -0.050892 0.032782 0.0475545 -0.0202808 -0.09206 0.0948362 0.0782803 -0.0986877 0.081238 -0.0266793 0.0298802 -0.0958282 
-0.0823715 -0.0779337 0.0473652 -0.0214928 -0.0356865 0.0380333 -0.0597052 0.0437172 0.0948181 0.0146515 0.0146423 -0.0603472 -0.059961 -0.0841174 0.0301835 -0.0105215 -0.0377953 -0.0917767 -0.0784389 0.0772664 -0.0431401 -0.0708514 -0.0826163 0.0703499 -0.0555791 -0.0975411 0.0369013 0.0314195 -0.031375 0.0376196 0.0731016 -0.0635387 -0.0506235 0.0514963 0.0282284 0.00933014 -0.0209095 -0.0315805 0.050892 0 -0.0281842 -0.0768993 -0.0934358 -0.0125652 -0.074116 -0.0257154 -0.0176836 0.0859238 -0.00170185 0.0518213 0.0343289 
-0.0111768 -0.0270348 0.0146721 0.0357243 -0.00166106 -0.0181009 0.0666421 0.0770028 0.00784844 0.0256084 0.0118395 0.0362784 -0.060785 0.039679 0.0411938 -0.0818805 0.0145858 0.0882689 0.0907081 -0.0693373 0.0265356 -0.0112364 0.0264578 -0.0647259 0.0216716 0.0264956 0.0891973 -0.0558357 -0.0218607 -0.0130317 -0.0588935 -0.092987 0.0331605 -0.0400748 -0.0497175 0.0267858 0.0399386 -0.00852652 -0.032782 0.0281842 0 -0.0655202 -0.0731863 0.0627045 -0.0832737 0.062065 -0.0788304 -0.0265946 0.00412493 -0.0975078 0.00116082 
-0.0364756 0.0852432 0.0880965 -0.0887141 -0.0939132 -0.0854198 -0.0217368 0.0932793 0.00499971 -0.0788916 -0.0209878 0.0802981 -0.0532328 0.0961781 -0.0728615 0.0377625 0.0735253 0.0992945 0.0977332 0.0870662 0.0122794 0.0490746 -0.0101309 -0.0613971 -0.0877762 0.0659276 0.00188571 0.0514305 0.0370509 0.0542962 0.0877897 0.0735189 -0.0476153 0.0835938 0.0418305 -0.0611124 0.0625079 0.0997753 -0.0475545 0.0768993 0.0655202 0 -0.00368546 -0.0443071 0.034786 -0.0293198 0.0959743 0.0173024 -0.0785117 -0.0778004 0.0305137 
