50

16000 4500

30 55 80

5

0 93170 91810 79220 72500 61900 33620 75020 38060 58420 80880 99320 34270 95961 53580 75860 17350 87920 52930 71650 39800 10270 22220 67410 64720 36410 70860 21190 78100 96650 98610 71480 79660 72410 19990 83460 60000 47880 80490 86610 49810 76570 43550 96320 71020 54620 55440 14660 78310 97230 65530 
91790 0 94500 23820 36710 68801 101070 19230 56140 35810 14830 43840 84510 99120 46371 57070 76120 112152 44470 43860 113821 94810 87140 80600 44100 66760 116351 112280 31180 28980 153881 143831 18060 76980 111080 78360 72700 51480 64660 158961 46991 19640 86000 71480 116511 95071 81310 105750 22120 170241 81700 
90690 94000 0 107761 113340 130880 82230 87071 80910 86360 95221 134040 60190 172840 107380 132880 91810 177010 99970 118940 127141 81400 69860 24690 114600 104190 162000 107080 71460 119180 190541 158821 102001 145640 105880 17700 38520 99100 35400 174231 100670 97661 51540 29490 162160 143360 38520 100550 77760 184571 26550 
78640 23550 108291 0 17180 50280 93660 22670 48730 29510 12770 28930 82920 79930 31090 35600 63240 88680 28000 23550 98690 82750 79730 90180 24570 50820 100000 98030 40060 19830 138750 128400 5670 55510 96830 92151 77420 35630 76820 143830 30120 12070 84410 86901 100160 78690 84960 91500 32300 155110 89690 
71630 37420 112690 18560 0 34300 88190 30940 45340 27160 25200 29510 80570 68640 19670 22310 56230 75060 20820 8280 86950 75740 74260 89220 9160 41010 86940 88500 46880 30920 127010 116650 19540 41890 87300 96550 75070 28620 79970 132090 23110 20900 82060 95910 87100 65630 82610 81970 41280 143370 87340 
61810 68541 131170 50900 34330 0 86230 58220 50770 48500 56020 49270 81400 43070 26160 19630 48720 49490 35290 28170 61480 66810 72300 106510 27120 28390 56840 69840 70130 58351 95120 90620 51810 16320 68640 115700 92360 35680 99120 105750 32820 51600 90250 115620 57000 35530 97100 63310 68110 117030 104630 
32500 101690 82470 93760 88360 86110 0 83540 44710 65850 90170 115680 24270 125940 70540 97340 38190 119860 67750 88860 67690 23210 14270 58070 81680 58320 102800 48890 74880 112660 127830 99370 90810 100230 47690 74120 50660 63810 71150 114780 65380 85880 32030 86980 102960 86560 45400 42360 82770 125120 56190 
73630 18890 87330 22630 30050 58380 82910 0 37980 17650 11120 50570 67530 96850 35930 51030 57960 104910 28490 37090 99220 76650 68980 68480 34470 48700 106580 94120 18360 40260 144110 129230 17510 70100 92920 71190 58260 33420 54820 144360 31520 10940 69020 65970 106740 85300 66870 87590 10590 155640 69580 
36910 56980 81160 49050 45780 50970 44920 38830 0 21140 45460 73100 37740 90800 28200 55070 21240 95930 25170 46520 68660 39900 30990 56880 39340 24580 86430 57490 40270 67990 126020 100340 46100 65090 56290 67900 42730 21230 51480 115520 22800 41170 41280 70150 86590 67880 48050 50960 41030 126750 55000 
57260 36100 86940 29350 27520 49110 66480 17950 21550 0 24770 54870 54630 89300 23200 47060 41590 95480 15470 33120 82860 60280 52550 63280 28550 32340 93450 77750 21910 48290 130990 112870 25410 62550 76550 70800 49130 17060 54220 128000 16920 20480 56120 70720 93610 72140 56670 71220 19890 139280 61400 
80120 14880 95861 12850 24050 55980 90450 11110 45520 25190 0 40320 78190 91532 34670 45210 64720 99492 30010 31200 102120 84060 76520 78830 31050 52300 104610 99510 28240 30430 142180 132130 7090 64790 98310 79721 68920 37020 64390 147260 33400 5180 79680 74471 104770 83250 77530 92980 19870 158540 79930 
98660 44120 134590 29390 28850 49370 115660 50940 72810 54580 40680 0 107990 65020 46630 33160 83260 86240 48290 29120 106640 102770 101730 116640 36270 64710 101530 112540 67230 18540 143040 135880 33840 53070 111340 118450 102490 56090 104200 151780 50580 40340 109480 112420 101690 80220 110030 106010 60200 163060 114760 
33250 84920 60470 83190 80870 82230 24340 68020 37760 54190 78710 108220 0 122060 63590 90390 34500 119480 60800 81910 68440 23960 12490 36230 74730 54440 102420 49640 55540 102130 128580 100120 79420 96350 48440 52280 30860 56860 50860 115530 58430 74490 9270 65140 102580 86180 22640 43110 63430 125870 34350 
96330 98890 172610 80210 68472 43190 125800 96790 90820 88840 91862 65270 120970 0 66520 49312 87390 24260 75650 62752 81340 103490 111870 147310 64440 68420 51420 100850 110750 82640 93300 94060 84760 27550 99280 158440 133080 76020 139540 114400 73180 87562 130250 158640 54220 44660 137150 94320 107872 125680 145430 
53320 46641 107500 31230 19850 26230 70780 36010 27930 23170 34970 46410 63600 66420 0 28230 37920 72840 9380 18740 72210 57430 56850 83220 11350 21910 74350 69400 44220 48020 112270 101780 31670 39670 68200 91650 69070 12010 75070 117030 7620 30550 68110 91570 74510 53040 74880 62870 42200 128310 81340 
75330 57800 133240 36450 22560 19600 97580 51580 54840 47710 45950 33460 90400 49790 28510 0 61200 56210 35600 16590 79070 80330 83650 109770 21300 40480 71320 87130 67430 42870 109600 106830 40290 23040 85930 117100 95620 38920 100520 123340 35170 41650 95020 116460 71480 50010 101790 80600 61920 134620 107890 
16120 76270 91120 63140 56420 48810 38410 58120 21160 41520 64800 83240 33580 87750 37500 61180 0 85040 36850 55570 48340 20230 24480 66720 48640 21730 70400 36700 61200 80570 102340 80020 63580 62770 35500 82770 53640 31800 68660 95150 33730 60490 42860 87330 70560 53610 54750 30170 61410 105770 64840 
88760 111310 177720 89820 75700 49790 120660 104760 95600 94610 99090 86830 118640 24260 73120 56510 85060 0 82250 69960 65710 97310 108640 152560 71040 71820 30440 93280 116960 96240 70640 73640 93430 34010 90200 164650 138410 81790 145750 93980 79780 94790 127920 164850 31860 34650 140170 86750 114940 105250 150680 
52430 44450 99880 28330 21720 35160 67930 28540 25080 15260 29960 49040 60750 75350 9250 35840 37030 81770 0 23000 75130 56540 54000 76020 15820 24610 82390 71820 36310 45760 119930 105140 28650 48600 70620 83740 61870 9380 67160 120270 3670 25650 64020 83660 82550 61080 69410 65290 34290 131550 74140 
70370 43790 118630 24210 8140 28430 88700 36970 45850 33100 31570 29080 81520 62820 18290 16160 54970 69240 21440 0 82610 74480 74770 95160 7930 36810 81690 84640 52820 35290 122670 112310 25910 36070 83440 102490 81010 29240 85910 127560 23730 27270 84860 101850 81850 60380 88550 78110 47310 138840 93280 
38640 112543 125951 97222 85731 59750 66790 98400 66710 81400 101072 105280 67520 79970 70990 77360 47010 65960 73460 81271 0 43440 55390 101411 76551 50610 44930 32860 103310 113901 60940 33140 97662 65800 28900 117601 93250 68570 114210 48270 70340 96652 76760 130461 42020 36170 88690 26590 101290 58890 99531 
9290 95010 81620 82540 75820 66970 23350 76860 39900 60260 84030 102640 24080 103570 56900 80390 20470 96650 56250 74970 44480 0 11950 57220 68040 40940 79590 25680 74030 99970 104340 76160 82980 78970 24480 73270 49810 51200 70300 91290 53130 79740 33320 86130 79750 63350 45250 19150 80150 101910 55340 
21040 88280 70460 80350 74950 72700 14210 70130 31300 52440 76760 102270 12910 112530 57130 83930 24780 108210 54340 75450 56230 11750 0 46060 68270 44910 91150 37430 62870 99250 116370 87910 77400 86820 36230 62110 38650 50400 59140 103320 51970 72470 22190 74970 91310 74910 34090 30900 70760 113660 44180 
66350 79910 24480 90580 89580 106690 57890 68540 56920 62370 78490 116930 36050 147830 83390 109120 67530 152380 75980 95180 102531 57060 45520 0 90610 80200 137370 82740 52510 105090 162671 134211 85270 120810 81540 16790 14530 75110 17390 149621 76680 79050 27400 29650 137530 118730 14820 76210 60170 159961 2500 
64130 44050 113880 25190 9380 27140 81910 34390 39060 28160 31670 36150 74730 64400 11340 21070 48730 70820 14800 8480 78380 68240 67980 90220 0 32580 79530 80170 48510 37550 118440 108080 26170 37650 78970 97740 76070 22600 81160 123330 17090 27250 78220 97540 79690 58220 83610 73640 44730 134610 88340 
35360 66650 104250 50340 41230 28820 58360 48990 24360 31990 52160 64840 53530 68650 22020 40790 21230 71530 24050 37170 51300 40360 44430 79970 32450 0 64310 48340 53900 67770 97920 81310 50780 42940 47140 91740 65820 19160 75320 96440 20930 47850 62380 93990 64470 43430 70560 41810 51880 107720 78090 
69990 114932 161200 98630 85390 55290 101890 104901 84990 91080 103461 99580 101270 51450 72900 69500 68900 30450 81020 79540 43710 78540 89870 136040 77790 63330 0 72160 113130 109341 42830 44640 100051 48420 68200 152510 121890 78260 136910 64980 77520 99041 110550 155580 3220 21750 123650 65890 111110 76260 134160 
21530 111580 107540 97630 88850 69830 49270 93430 56470 76830 99290 112380 50000 100581 69640 87310 35760 92540 71340 84710 33800 25920 37870 83140 79990 48880 73240 0 96510 115060 93280 65480 98070 79890 5940 99190 75730 66290 96220 80610 68220 94980 59240 112050 72520 59240 71170 7790 96720 91230 81260 
75050 31160 71290 40360 46880 69710 75000 18160 39340 22280 27990 68000 55130 111280 43800 66420 59380 116900 36070 52480 103920 74170 62630 52140 48540 53400 114520 95540 0 55410 152050 133930 34770 83150 94340 55150 42320 38120 38620 149060 37980 28670 56620 52300 114680 93200 50930 89010 9670 160340 53240 
96300 28860 119330 19840 30070 58401 112480 40410 67550 48330 30300 18340 101740 82550 47970 42520 80900 95600 45660 34960 115250 100410 98550 105430 37460 68480 111080 115690 55530 0 152590 144911 24290 62430 114490 103190 96240 53290 89490 160390 47780 30790 103230 97160 111240 89251 103780 109160 46950 171670 106530 
98680 151582 190161 136261 124770 95270 128320 141551 118260 127870 140111 143720 129050 93100 110170 109480 102170 70870 117810 120310 60950 104960 116920 162941 115590 98300 42970 93590 149780 152940 0 33470 136701 89400 89630 181801 154780 115050 170240 39630 114310 135691 138290 205540 40640 60240 150220 87320 147760 56200 161061 
71620 143543 158931 128222 116731 90620 99770 129400 99590 112400 132072 136150 100500 93980 101860 106670 79890 73320 104460 112271 33200 76420 88370 134391 107551 81610 44380 65840 134310 144901 33410 0 128662 88110 61880 150581 126230 99570 147611 23500 101340 127652 109740 163441 41470 57430 121670 59570 132290 35290 132511 
78940 17870 102611 5760 18650 51820 90910 17250 45980 25650 7090 33380 79060 84700 31490 39810 63540 94092 28410 25800 98940 83050 76980 84760 26040 51120 100460 98330 34640 24060 139000 128810 0 59390 97130 86471 73560 35840 71140 144080 30530 6810 80550 81221 100620 79100 81100 91800 26620 155360 85830 
72790 77730 145720 56380 42260 16350 100300 69950 64840 62180 65650 53390 95470 27380 39680 23070 62790 33800 48810 36520 67770 79170 86370 120580 37600 42460 50150 79920 83650 62800 89390 88230 59990 0 78720 131780 106430 49750 113190 108570 46340 61350 104320 131980 50310 31990 111170 73390 80290 119850 118700 
20150 110200 106160 96250 87470 68450 47890 92050 55090 75450 97910 111000 48620 98811 68260 85930 34380 90060 69960 83330 29910 24540 36490 81760 78610 47500 69350 6220 95130 113680 89390 61590 96690 78390 0 97810 74350 64910 94840 76720 66840 93600 57860 110670 68630 57470 69790 6410 95340 87340 79880 
81930 77170 17560 90931 96510 115140 73470 70241 67410 69700 78391 117210 51630 158970 91100 116050 83110 164590 83370 102110 118381 72640 61100 16410 97940 91390 153180 98320 54630 102350 181781 150061 85171 131740 97120 0 30160 83360 18570 165471 84240 80831 42980 13500 153340 134540 31150 91790 60930 175811 18830 
59120 72620 38810 77530 75390 92500 50660 57910 42730 48180 68600 102740 30790 133570 69200 94930 53630 138190 61790 80990 94310 49830 38290 14530 76420 66010 123180 75510 42480 96470 155441 126981 73590 106620 74310 30580 0 60920 22310 142391 62490 68290 24170 40380 123340 104540 13610 68980 51130 152731 12650 
44350 52070 98500 36300 29580 34650 61780 34410 18930 17410 37580 56900 54600 75520 11150 38020 28950 80780 9950 29470 67050 48460 47850 74220 22290 16530 78740 63740 39320 53730 116290 97060 36630 48770 62540 83030 60070 0 66450 112190 6890 33270 59110 82950 78900 57430 65880 57210 37300 123470 72340 
79640 63840 35100 76520 80480 99110 71180 54720 51380 53670 63980 103880 51040 140050 75070 100020 68630 145670 67340 86080 116050 70350 58810 17350 81910 75360 138180 96030 38660 89020 176231 147771 70760 113230 94830 18960 22310 67330 0 163181 68210 65310 42390 20230 138340 119250 30770 89500 45660 173521 18450 
86820 158743 174131 143422 131931 105820 114970 144600 115100 127600 147272 151350 115700 114430 117060 123430 95090 93770 119660 127471 48400 91620 103570 149591 122751 96810 64830 81040 149510 160101 39540 23340 143862 108560 77080 165781 141430 114770 162811 0 116540 142852 124940 181991 61920 77120 136870 74770 147490 20390 147711 
49100 47491 100700 30320 23600 32830 65270 31000 22420 16010 33420 50920 58090 73020 7510 35130 33700 79440 3640 24430 71800 53210 51340 76420 17250 21280 78790 68490 37920 47750 116330 101810 30760 46270 67290 84670 62270 6090 68090 116940 0 29110 62600 84590 78950 57480 69370 61960 35900 128220 74540 
75680 19650 98030 12050 19990 51540 86030 11000 41100 20770 5160 39990 74180 87472 30230 41150 60280 95432 25570 27140 97680 79640 72100 78510 26610 47860 100170 95070 28390 30890 137740 127690 6940 60730 93870 81890 68210 32580 65360 142820 28960 0 75670 76720 100330 78810 75750 88540 21340 154100 79610 
42230 86100 52040 84830 82690 90480 31900 69200 41620 55480 79890 110040 8980 130310 68200 95070 43480 128460 64400 86360 77420 32940 21470 27800 79180 62690 111400 58620 56720 103770 137560 109100 80890 104600 57420 43850 22430 61470 42430 124510 63040 75960 0 56710 111560 95160 14210 52090 64610 134850 25920 
95410 72070 29410 86281 95291 115530 86950 65591 69930 70090 73741 112560 65110 159640 91490 115690 87180 165260 83760 101750 131861 86120 74580 29890 97810 93910 156730 111800 52310 97700 203670 163541 80521 132410 110600 13480 40340 83750 20230 182551 84630 76181 56460 0 156890 138040 44630 105270 56280 189291 32310 
71670 116612 162880 100310 87070 56970 103570 106581 86670 92760 105141 101260 102950 53800 74580 71180 70580 31850 82700 81220 41920 80220 91550 137720 79470 65010 3100 72750 114810 111021 39900 41770 101731 50100 68790 154190 123570 79940 138590 62110 79200 100721 112230 157260 0 23430 125330 66480 112790 73390 135840 
54960 94542 143710 79221 66130 36030 86860 84511 66720 70830 83071 80320 86240 45080 53130 50240 53440 35100 60770 60280 37460 63510 74840 118550 58530 42940 23720 59480 92740 89401 60250 57480 79661 32390 57910 135020 104400 58010 118980 77250 57270 78651 95520 137890 23880 0 107410 52950 90720 88530 116670 
54040 81620 38300 85070 82930 97320 45540 66700 48330 55720 77390 110280 22620 137150 74910 101780 55220 140630 69330 88530 89230 44750 33210 14830 83960 70830 125620 70430 51270 104010 149370 120910 81130 111440 69230 31450 11300 68180 30600 136320 69750 75830 13970 44310 125780 106900 0 63900 60130 146660 12510 
14490 104540 100500 90590 81810 62790 42230 86390 49430 69790 92250 105340 42960 93541 62600 80270 28720 85500 64300 77670 27630 18880 30830 76100 72950 41840 67070 8280 89470 108020 87110 59310 91030 72850 7080 92150 68690 59250 89180 74440 61180 87940 52200 105010 66350 52200 64130 0 89680 85060 74220 
76720 22300 78000 32140 40550 67990 82830 10850 41010 20680 19600 59610 62960 107952 42080 61530 61050 115300 34350 47590 102320 79740 70460 60220 44970 51800 112920 97210 9630 47020 150450 132330 26380 80600 96010 61860 51150 36520 45780 147460 36290 21440 64450 56640 113080 91600 59760 90680 0 158740 61320 
96690 170323 184001 155002 143511 117400 124840 156180 124970 139180 158852 162930 125570 126010 128640 135010 105060 105350 131240 139051 58070 101490 113440 159461 134331 108390 76410 90910 161090 171681 56190 35450 155442 120140 86950 175651 151300 126350 172681 20380 128120 154432 134810 188511 73500 88700 146740 84640 159070 0 157581 
64640 81350 26760 89610 87470 104580 56180 69980 54810 60260 79930 114820 34090 145720 81280 107010 65710 150270 73870 93070 100821 55350 43810 2930 88500 78090 135260 81030 53950 106530 160961 132501 85670 118700 79830 19640 12420 73000 18830 147911 74570 80370 25440 32500 135420 116620 12420 74500 61610 158251 0 

0 Ciudad_0 0 0 32400 0
1 Ciudad_1 429 6440 9845 858
2 Ciudad_2 167 20027 23939 334
3 Ciudad_3 453 6872 11005 906
4 Ciudad_4 417 13127 15654 834
5 Ciudad_5 628 25933 28371 1256
6 Ciudad_6 262 12309 15309 524
7 Ciudad_7 137 20339 23364 274
8 Ciudad_8 552 22025 24370 1104
9 Ciudad_9 503 17394 21497 1006
10 Ciudad_10 115 12250 14767 230
11 Ciudad_11 241 4310 7409 482
12 Ciudad_12 660 10578 15264 1320
13 Ciudad_13 788 20411 24341 1576
14 Ciudad_14 276 20350 25023 552
15 Ciudad_15 201 4735 7573 402
16 Ciudad_16 558 9302 12787 1116
17 Ciudad_17 638 9251 12292 1276
18 Ciudad_18 177 19511 24147 354
19 Ciudad_19 506 24298 27309 1012
20 Ciudad_20 743 10854 13157 1486
21 Ciudad_21 180 1767 4292 360
22 Ciudad_22 134 18218 22315 268
23 Ciudad_23 214 5084 9394 428
24 Ciudad_24 334 3230 6729 668
25 Ciudad_25 147 27316 30518 294
26 Ciudad_26 447 5192 7711 894
27 Ciudad_27 371 10141 13898 742
28 Ciudad_28 472 13493 17617 944
29 Ciudad_29 191 5266 8980 382
30 Ciudad_30 513 8444 12273 1026
31 Ciudad_31 428 12312 15252 856
32 Ciudad_32 265 10229 12964 530
33 Ciudad_33 822 15803 18513 1644
34 Ciudad_34 683 22961 24997 1366
35 Ciudad_35 165 7288 10703 330
36 Ciudad_36 641 17852 20905 1282
37 Ciudad_37 391 17722 21189 782
38 Ciudad_38 489 10257 13629 978
39 Ciudad_39 464 16877 19351 928
40 Ciudad_40 297 7719 10849 594
41 Ciudad_41 426 23119 27888 852
42 Ciudad_42 262 3950 7810 524
43 Ciudad_43 480 15286 20024 960
44 Ciudad_44 307 23591 25686 614
45 Ciudad_45 651 2313 6034 1302
46 Ciudad_46 687 5028 9972 1374
47 Ciudad_47 761 24943 28122 1522
48 Ciudad_48 372 9736 12318 744
49 Ciudad_49 750 19391 24382 1500
50 Ciudad_50 111 5158 9709 222

0 0.0737868 -0.0826475 0.00802092 0.0694322 0.0597045 -0.0691694 0.0409466 0.0524598 0.091093 0.0821081 0.0978677 -0.0272115 -0.0181781 0.0769064 -0.00285818 0.059596 -0.0389415 -0.0933712 -0.0195299 0.016956 0.0017133 0.0402314 -0.00799581 0.0746552 -0.0876047 0.0866911 0.0551372 0.0378998 -0.0510746 -0.0183159 -0.0239016 0.030314 -0.0615321 -0.00336972 0.0793935 -0.042891 0.0856063 0.0668693 0.0202809 -0.0572252 0.0848989 0.0839692 -0.0664721 0.00305175 0.0619672 0.0731909 -0.0985967 0.0406737 -0.0883617 0.00583172 
-0.0737868 0 -0.0541168 -0.012033 0.0846453 -0.0806448 0.0990756 0.0413 0.0379892 0.00214483 0.0629541 -0.0112835 0.0458993 -0.0246513 -0.0808533 -0.037601 -0.0234575 0.0359695 0.0908251 -0.0993074 -0.0946697 -0.0845227 0.0385961 0.0281001 0.0505369 0.0425743 0.0499633 0.00642765 0.0588869 0.0489682 -0.0761731 0.0380674 -0.0231718 -0.0937076 0.0800364 0.0833835 -0.0286574 -0.0077769 -0.0268222 -0.0273093 -0.0918087 -0.0291991 0.0582372 -0.0771214 -0.0971777 0.00801134 0.0503031 -0.0207854 0.035058 0.054812 -0.0370801 
0.0826475 0.0541168 0 0.0103298 -0.0755655 0.0303599 -0.00489159 -0.00290905 0.0532141 0.0602743 0.0925095 -0.0940978 -0.0809391 -0.0541529 0.0569056 -0.0340941 0.0280468 0.0260728 0.0333621 -0.0463135 -0.0235526 -0.0888501 -0.0998242 -0.0660883 0.0880644 0.0876066 -0.0381171 -0.0642257 0.0465193 -0.0523413 0.071497 0.0935502 -0.0278811 -0.085825 0.040374 0.00370386 -0.0231921 -0.00950129 0.0898141 -0.026203 0.0164523 -0.0167712 -0.0608081 0.0595997 0.0249089 -0.0352301 -0.0424516 0.050979 -0.0276255 0.0803803 0.0564821 
-0.00802092 0.012033 -0.0103298 0 -0.0312056 -0.0509683 -0.0370356 0.0979102 0.018206 0.0512912 0.0808847 -0.00510403 0.0649075 0.0639274 0.074188 0.036164 0.0218176 0.000596701 0.0457227 -0.00884492 -0.0923638 -0.0624205 0.0323309 -0.049148 -0.0766782 -0.0793026 -0.011653 -0.0351995 -0.053521 -0.0853854 -0.0812896 0.0145301 -0.0605787 0.045063 -0.0685675 0.0569339 0.0168248 -0.0165597 0.00194916 0.0415366 -0.0409363 -0.00650944 -0.076208 0.0842815 0.0654424 -0.086111 0.0356396 -0.0974988 -0.0736191 -0.0557387 -0.0295924 
-0.0694322 -0.0846453 0.0755655 0.0312056 0 0.0309316 -0.0499868 0.0556073 -0.0774446 0.0607172 -0.0712418 -0.00311281 -0.0555251 0.0714005 0.036632 0.0478184 0.047597 0.0123303 0.0522342 0.0114026 0.0452833 -0.0777564 0.0281429 -0.0416153 -0.0354477 -0.0545098 0.0268939 0.0307414 -0.0663274 -0.0629482 -0.0698743 -0.002439 -0.0167042 0.0632925 0.0141726 0.00663001 -0.0483141 0.0957288 -0.0599245 0.0543182 0.000639808 0.00172145 0.0408787 0.0126997 0.089977 0.025405 0.0287883 0.0133866 -0.0290189 0.084973 0.0619551 
-0.0597045 0.0806448 -0.0303599 0.0509683 -0.0309316 0 0.00202435 0.0996119 0.0497343 0.0586824 0.0381204 0.0370553 -0.0180234 0.00304472 -0.0174935 -0.0478236 -0.0521277 0.0353287 0.0451813 0.0137924 0.0406833 0.0672617 0.0177547 0.056091 -0.0231967 -0.098432 0.0487943 0.0619594 -0.0387832 -0.0451705 0.0928986 0.0587372 -0.00084391 -0.0931967 0.0378393 -0.0663938 0.00147138 -0.00534108 -0.0835827 -0.0405517 -0.0689288 -0.0396572 -0.0967442 -0.0624511 0.00598164 -0.0206519 -0.0880524 -0.0187724 0.0162297 -0.0146056 -0.077662 
0.0691694 -0.0990756 0.00489159 0.0370356 0.0499868 -0.00202435 0 -0.0747524 -0.0630059 -0.0243507 -0.0751057 0.0747909 -0.0469754 0.0857813 -0.0888436 -0.0234407 -0.0509379 -0.0537288 0.0322953 0.073943 -0.0766601 0.0940026 -0.0279861 0.0147809 -0.00417425 0.0997933 0.0802358 -0.0954436 -0.0217876 -0.0274884 -0.0789043 0.0385948 -0.0771491 -0.0317459 -0.0811492 0.0581414 -0.0146073 0.0796387 -0.0194201 -0.0524389 0.0102318 -0.0530164 0.0766561 -0.0634984 0.037051 -0.0870086 0.0426226 -0.0110467 -0.0147172 0.0526143 0.00668246 
-0.0409466 -0.0413 0.00290905 -0.0979102 -0.0556073 -0.0996119 0.0747524 0 -0.0524266 0.0841191 0.0422237 0.0854526 0.0845636 0.0313073 -0.0149127 0.0778685 0.0554729 -0.0365406 -0.049804 -0.0489025 0.0336247 -0.0768809 0.0609484 0.0664442 0.00158187 -0.0710444 0.0971055 0.0370348 -0.0363438 -0.0823415 0.0980081 -0.00338744 0.0481348 -0.0692222 -0.0650639 0.0541512 -0.0994978 0.061214 -0.0621919 -0.0876972 0.0902991 0.0403344 0.0661048 0.0913992 0.0133417 0.00531563 -0.0437509 0.0386386 0.0192069 0.0955722 0.0535832 
-0.0524598 -0.0379892 -0.0532141 -0.018206 0.0774446 -0.0497343 0.0630059 0.0524266 0 0.0515376 -0.096375 0.0228441 0.0971321 0.0134145 -0.0939516 -0.0259398 -0.0098913 -0.0656445 -0.00677938 -0.0161644 0.0755896 -0.0448145 0.0553305 0.0728651 0.0701945 -0.0844554 -0.0378721 -0.0906877 0.0680413 -0.0559424 0.0315097 0.0543574 0.0305988 -0.0716459 -0.0935747 -0.095759 0.0152199 -0.0475556 0.0617418 -0.0603795 -0.0953053 0.0667632 0.0785478 0.0560851 -0.0307089 -0.0570592 0.0830171 0.0792854 -0.0891254 -0.088678 0.0747365 
-0.091093 -0.00214483 -0.0602743 -0.0512912 -0.0607172 -0.0586824 0.0243507 -0.0841191 -0.0515376 0 0.0424135 0.0219177 -0.0234469 0.02473 -0.0565507 0.0387734 -0.039977 0.02094 -0.0634063 -0.0940806 0.0109745 -0.0448338 -0.0204211 -0.0236036 -0.043725 -0.0369472 0.0453294 -0.0233084 -0.00711765 -0.0785519 -0.0647961 -0.0366118 0.0765853 -0.0817193 0.0615452 0.0790628 -0.0815335 -0.0413326 0.0560245 0.0365083 0.000718728 -0.0484854 -0.00705355 0.0285682 0.0846785 -0.0203668 -0.0358428 0.0299676 -0.0760018 -0.0117177 0.0268206 
-0.0821081 -0.0629541 -0.0925095 -0.0808847 0.0712418 -0.0381204 0.0751057 -0.0422237 0.096375 -0.0424135 0 0.0937421 -0.0289233 -0.0406385 -0.0451531 0.0301422 0.0681215 -0.00370391 0.0718615 0.0691021 -0.0301222 -0.0811147 -0.0753776 -0.014292 -0.000455152 0.0204683 0.0473696 -0.0505549 -0.0949531 0.056209 -0.0163325 -0.00732615 -0.0673843 -0.0194901 -0.0465596 0.0915507 0.0237454 -0.0326317 -0.00440568 0.0154611 -0.0921628 -0.0421159 0.0797738 0.00677513 0.0091887 0.0731554 -0.0759378 -0.0395828 -0.0413139 0.0552956 0.0293973 
-0.0978677 0.0112835 0.0940978 0.00510403 0.00311281 -0.0370553 -0.0747909 -0.0854526 -0.0228441 -0.0219177 -0.0937421 0 0.0124062 -0.0523531 -0.0999338 -0.00515654 0.070493 0.0571767 0.0716665 0.0999903 -0.0639061 -0.0836046 0.0896525 -0.0824266 -0.0657136 -0.0439095 -0.00699002 -0.047895 0.0687704 0.0738909 0.09075 -0.0336634 0.0348561 -0.0173863 -0.00488343 0.0813967 0.04265 -0.0200807 -0.0226452 -0.0715782 -0.00869553 0.0371053 0.0463455 0.095657 -0.0412027 0.0213951 -0.0231993 0.0719845 -0.0597701 -0.0607673 0.0532984 
0.0272115 -0.0458993 0.0809391 -0.0649075 0.0555251 0.0180234 0.0469754 -0.0845636 -0.0971321 0.0234469 0.0289233 -0.0124062 0 0.00543133 0.0680782 -0.00449364 0.0613412 0.0809648 -0.0976318 0.0460836 0.0775265 0.0241102 -0.0860996 -0.0939413 -0.0342839 -0.0842631 -0.0186023 -0.0432195 0.093146 0.0483309 -0.082723 0.0551338 -0.073522 0.0364249 0.0138157 0.00183902 0.0948903 -0.00689949 -0.0377401 -0.0206407 0.0790628 -0.0117607 0.0970331 0.0435207 -0.0561603 0.0787192 0.0862841 -0.0158256 0.0513509 -0.045295 0.00525341 
0.0181781 0.0246513 0.0541529 -0.0639274 -0.0714005 -0.00304472 -0.0857813 -0.0313073 -0.0134145 -0.02473 0.0406385 0.0523531 -0.00543133 0 -0.0739173 -0.08609 0.0815889 -0.0859755 0.0970254 -0.00236298 0.0159502 -0.00818684 -0.0612652 -0.0722233 0.020767 0.0963859 0.0858535 -0.0106213 -0.0779713 -0.0443876 0.0778239 -0.00469546 0.0448909 -0.00223562 -0.091131 -0.0408593 -0.0766871 0.0373713 -0.0165337 0.0567803 -0.0574544 -0.0596072 -0.0209751 -0.0911371 0.00588726 0.0974757 -0.00351495 -0.0958525 -0.0190388 -0.0528815 -0.0807873 
-0.0769064 0.0808533 -0.0569056 -0.074188 -0.036632 0.0174935 0.0888436 0.0149127 0.0939516 0.0565507 0.0451531 0.0999338 -0.0680782 0.0739173 0 -0.0950255 -0.0122125 -0.0426224 0.0402427 -0.06143 -0.033485 -0.0517233 -0.063167 -0.0305019 0.0367412 -0.0865556 0.00501154 -0.0134232 0.0747243 0.098785 0.0705048 -0.0680926 0.0788075 0.099996 -0.0238216 -0.0258808 0.0139859 -0.099011 0.0109607 -0.0382812 -0.0475415 0.0352377 0.0329664 -0.0761159 0.0129762 0.0624671 0.0548545 -0.0330303 0.0562766 0.0183579 0.043818 
0.00285818 0.037601 0.0340941 -0.036164 -0.0478184 0.0478236 0.0234407 -0.0778685 0.0259398 -0.0387734 -0.0301422 0.00515654 0.00449364 0.08609 0.0950255 0 0.0215446 -0.0881081 -0.0399607 0.00599114 -0.00643128 0.0836785 0.0962631 -0.0236324 0.0600453 -0.0996534 0.0897531 -0.0258878 -0.0856984 -0.0432792 0.0475937 0.0750461 0.0147256 -0.09897 0.0401958 -0.0348694 -0.0102391 -0.0831062 -0.0309828 -0.0830904 -0.0123472 -0.0954246 -0.0382909 -0.0726601 0.0971447 -0.079884 -0.0433946 0.0225459 -0.0203766 -0.0376185 0.00318693 
-0.059596 0.0234575 -0.0280468 -0.0218176 -0.047597 0.0521277 0.0509379 -0.0554729 0.0098913 0.039977 -0.0681215 -0.070493 -0.0613412 -0.0815889 0.0122125 -0.0215446 0 0.0387078 0.0363515 0.0712799 -0.0469067 0.0768406 -0.0517437 -0.0391528 0.010804 0.0941074 -0.0817793 -0.0215562 -0.000528174 0.0267496 0.0557805 0.0350923 -0.0980623 0.0749158 -0.0412588 0.0931176 0.0790647 -0.0803733 -0.0404516 -0.0900415 -0.0777897 -0.00498853 0.0842107 -0.0868531 0.083014 0.00825572 -0.0990146 0.0202866 -0.0934378 -0.0707652 0.0786042 
0.0389415 -0.0359695 -0.0260728 -0.000596701 -0.0123303 -0.0353287 0.0537288 0.0365406 0.0656445 -0.02094 0.00370391 -0.0571767 -0.0809648 0.0859755 0.0426224 0.0881081 -0.0387078 0 0.0514579 0.00744513 -0.0941857 0.0633601 0.0126535 -0.0190599 0.0570058 0.0354348 -0.0628444 -0.0907622 0.0567111 0.0844518 -0.0243509 0.0724942 -0.00944469 0.061624 -0.00472255 0.00686935 0.0111711 0.0824348 0.0781952 0.0212392 -0.00312145 -0.0334737 0.00997792 -0.0709252 0.0403489 0.0628913 -0.0203459 -0.0873531 0.0878818 0.0849324 0.0200932 
0.0933712 -0.0908251 -0.0333621 -0.0457227 -0.0522342 -0.0451813 -0.0322953 0.049804 0.00677938 0.0634063 -0.0718615 -0.0716665 0.0976318 -0.0970254 -0.0402427 0.0399607 -0.0363515 -0.0514579 0 0.0999446 -0.0878582 -0.00518425 0.0483206 -0.0995987 0.00333112 0.0813575 -0.0612332 0.0480132 0.0969126 -0.0407562 -0.029069 0.0227782 0.0917467 -0.0130887 -0.0589426 0.067114 0.0937652 0.085615 -0.0367718 -0.0632173 -0.0345322 0.093829 0.0732075 0.0527031 -0.0408161 0.0360407 -0.0223249 0.0315884 -0.0596294 -0.0666572 -0.0621295 
0.0195299 0.0993074 0.0463135 0.00884492 -0.0114026 -0.0137924 -0.073943 0.0489025 0.0161644 0.0940806 -0.0691021 -0.0999903 -0.0460836 0.00236298 0.06143 -0.00599114 -0.0712799 -0.00744513 -0.0999446 0 -0.0331062 0.0731438 -0.00820606 0.0104325 0.0450614 0.0962317 0.0324307 -0.0670042 0.0966502 -0.0776635 0.0530209 0.0522768 -0.0696732 0.0727675 0.084463 -0.0512224 -0.0435839 0.048178 -0.0668063 -0.030893 0.0423759 0.0132508 -0.0963129 0.0197606 -0.0321395 0.0508818 -0.00765985 -0.0561801 0.00893636 -0.0500234 0.0565457 
-0.016956 0.0946697 0.0235526 0.0923638 -0.0452833 -0.0406833 0.0766601 -0.0336247 -0.0755896 -0.0109745 0.0301222 0.0639061 -0.0775265 -0.0159502 0.033485 0.00643128 0.0469067 0.0941857 0.0878582 0.0331062 0 -0.0246649 -0.0201217 0.00106197 -0.0740963 -0.0350902 -0.000207958 0.0536159 0.0775914 -0.0272455 0.0432032 0.0658362 0.0934021 0.0253701 -0.0799667 0.0140921 0.0653102 0.0623678 0.0507799 -0.0370367 0.0955985 -0.0998208 -0.0985561 -0.0319748 0.0841619 -0.0967636 -0.0186928 0.0790967 -0.0958634 0.000642109 -0.0414969 
-0.0017133 0.0845227 0.0888501 0.0624205 0.0777564 -0.0672617 -0.0940026 0.0768809 0.0448145 0.0448338 0.0811147 0.0836046 -0.0241102 0.00818684 0.0517233 -0.0836785 -0.0768406 -0.0633601 0.00518425 -0.0731438 0.0246649 0 0.0288179 0.0455196 -0.0201982 -0.0865926 0.0664881 -0.08643 -0.0626703 0.0880252 -0.0419184 0.00393661 0.0548577 -0.0613149 0.0185048 0.0329113 0.0387672 -0.0400756 -0.0345994 0.0715168 0.0761413 -0.0736493 0.00948983 -0.0632622 -0.0175839 -0.0269812 -0.0562023 -0.0404386 -0.076902 -0.0264137 0.0033211 
-0.0402314 -0.0385961 0.0998242 -0.0323309 -0.0281429 -0.0177547 0.0279861 -0.0609484 -0.0553305 0.0204211 0.0753776 -0.0896525 0.0860996 0.0612652 0.063167 -0.0962631 0.0517437 -0.0126535 -0.0483206 0.00820606 0.0201217 -0.0288179 0 0.0533353 -0.0266339 -0.018517 -0.0632179 0.0139487 0.066304 0.0241673 0.0806737 -0.0665934 0.0619697 -0.00511503 0.0735871 0.00681169 -0.0357382 0.0349658 -0.084914 -0.0531581 -0.096137 0.0452172 0.0937815 0.0448951 -0.0618472 -0.089368 -0.033312 0.0904883 0.0445688 -0.0306907 -0.0396095 
0.00799581 -0.0281001 0.0660883 0.049148 0.0416153 -0.056091 -0.0147809 -0.0664442 -0.0728651 0.0236036 0.014292 0.0824266 0.0939413 0.0722233 0.0305019 0.0236324 0.0391528 0.0190599 0.0995987 -0.0104325 -0.00106197 -0.0455196 -0.0533353 0 -0.00888254 -0.0377423 0.094576 -0.0595709 0.0387029 0.0778905 -0.0129053 -0.0357773 0.0531556 0.0292344 -0.0730282 0.0427168 0.00686517 -0.0712469 -0.0283154 0.00210013 -0.0151857 0.00716457 -0.0569275 0.0129267 0.0135711 0.0491548 -0.0184704 0.0646662 0.0437943 -0.0739165 0.0126794 
-0.0746552 -0.0505369 -0.0880644 0.0766782 0.0354477 0.0231967 0.00417425 -0.00158187 -0.0701945 0.043725 0.000455152 0.0657136 0.0342839 -0.020767 -0.0367412 -0.0600453 -0.010804 -0.0570058 -0.00333112 -0.0450614 0.0740963 0.0201982 0.0266339 0.00888254 0 -0.0674962 -0.0579767 -0.00166152 0.00747001 0.0638023 -0.0132679 -0.0693584 -0.0237017 -0.0486909 -0.0577627 0.0090017 -0.0192259 0.0265668 -0.0693674 0.0909407 -0.0654016 -0.0262891 0.0183129 -0.0978299 0.0826919 0.0157652 0.0938154 0.0829104 0.0576218 -0.0644326 -0.0672137 
0.0876047 -0.0425743 -0.0876066 0.0793026 0.0545098 0.098432 -0.0997933 0.0710444 0.0844554 0.0369472 -0.0204683 0.0439095 0.0842631 -0.0963859 0.0865556 0.0996534 -0.0941074 -0.0354348 -0.0813575 -0.0962317 0.0350902 0.0865926 0.018517 0.0377423 0.0674962 0 0.0513904 -0.0543402 -0.0897311 -0.0860298 0.0987923 -0.0766419 -0.0298295 0.0571536 -0.0181081 0.0533477 -0.0757415 -0.0677438 0.0854645 -0.0885551 -0.0100654 -0.00872383 0.0345893 -0.0209567 -0.0601415 0.0306075 -0.0563184 -0.0132322 0.0868716 0.0201939 -0.0821251 
-0.0866911 -0.0499633 0.0381171 0.011653 -0.0268939 -0.0487943 -0.0802358 -0.0971055 0.0378721 -0.0453294 -0.0473696 0.00699002 0.0186023 -0.0858535 -0.00501154 -0.0897531 0.0817793 0.0628444 0.0612332 -0.0324307 0.000207958 -0.0664881 0.0632179 -0.094576 0.0579767 -0.0513904 0 -0.0439258 0.0451528 -0.0124152 0.0931457 -0.0821947 -0.0668817 0.0260277 -0.0895237 -0.0839326 0.0251934 0.0236142 0.05446 0.048766 -0.070306 0.00835322 0.0371697 0.0816075 -0.039066 0.0757595 -0.0278773 0.0429091 -0.0362217 0.0191151 0.017988 
-0.0551372 -0.00642765 0.0642257 0.0351995 -0.0307414 -0.0619594 0.0954436 -0.0370348 0.0906877 0.0233084 0.0505549 0.047895 0.0432195 0.0106213 0.0134232 0.0258878 0.0215562 0.0907622 -0.0480132 0.0670042 -0.0536159 0.08643 -0.0139487 0.0595709 0.00166152 0.0543402 0.0439258 0 0.037588 0.0525085 0.0228376 -0.00669181 -0.0951345 0.0584909 0.094395 0.0532611 0.0143023 0.083999 -0.0825038 -0.0793814 0.000959294 0.0216878 -0.0994728 0.014875 0.0782226 0.0316177 0.0859976 0.0133056 0.0701995 -0.0208581 0.0079198 
-0.0378998 -0.0588869 -0.0465193 0.053521 0.0663274 0.0387832 0.0217876 0.0363438 -0.0680413 0.00711765 0.0949531 -0.0687704 -0.093146 0.0779713 -0.0747243 0.0856984 0.000528174 -0.0567111 -0.0969126 -0.0966502 -0.0775914 0.0626703 -0.066304 -0.0387029 -0.00747001 0.0897311 -0.0451528 -0.037588 0 -0.0979042 0.0749095 0.0629912 0.0434523 0.012154 0.0626852 0.0515036 0.0409746 0.0973653 -0.0751673 -0.0299194 -0.0569603 0.0160431 -0.0609875 -0.0991295 -0.0148304 -0.0275292 -0.0394626 -0.0709777 -0.0282428 0.0492407 0.0963549 
0.0510746 -0.0489682 0.0523413 0.0853854 0.0629482 0.0451705 0.0274884 0.0823415 0.0559424 0.0785519 -0.056209 -0.0738909 -0.0483309 0.0443876 -0.098785 0.0432792 -0.0267496 -0.0844518 0.0407562 0.0776635 0.0272455 -0.0880252 -0.0241673 -0.0778905 -0.0638023 0.0860298 0.0124152 -0.0525085 0.0979042 0 -0.00434907 0.057409 -0.0601499 0.0823141 -0.0579636 0.0807023 0.0326892 0.0874602 -0.091087 -0.0818363 -0.0401546 0.096637 0.0820006 0.0626152 0.057927 0.00747513 0.0690327 -0.0530434 -0.0408964 0.0905211 -0.0515995 
0.0183159 0.0761731 -0.071497 0.0812896 0.0698743 -0.0928986 0.0789043 -0.0980081 -0.0315097 0.0647961 0.0163325 -0.09075 0.082723 -0.0778239 -0.0705048 -0.0475937 -0.0557805 0.0243509 0.029069 -0.0530209 -0.0432032 0.0419184 -0.0806737 0.0129053 0.0132679 -0.0987923 -0.0931457 -0.0228376 -0.0749095 0.00434907 0 0.0898993 0.0586628 -0.0701903 0.0178698 0.0669805 -0.0784719 -0.0608895 -0.0977432 -0.025462 0.0449552 -0.0533554 -0.0814497 -0.0120001 0.0424787 -0.0515058 -0.0486742 -0.0960035 0.0765328 -0.0541978 -0.0129198 
0.0239016 -0.0380674 -0.0935502 -0.0145301 0.002439 -0.0587372 -0.0385948 0.00338744 -0.0543574 0.0366118 0.00732615 0.0336634 -0.0551338 0.00469546 0.0680926 -0.0750461 -0.0350923 -0.0724942 -0.0227782 -0.0522768 -0.0658362 -0.00393661 0.0665934 0.0357773 0.0693584 0.0766419 0.0821947 0.00669181 -0.0629912 -0.057409 -0.0898993 0 0.0342027 0.0385602 -0.0112323 -0.0869381 -0.00809752 0.0361444 -0.0641632 -0.063397 0.0234731 -0.0809247 -0.0171948 0.0481355 -0.0701897 0.0201954 -0.0202386 -0.0746917 -0.025148 0.0330901 -0.0276704 
-0.030314 0.0231718 0.0278811 0.0605787 0.0167042 0.00084391 0.0771491 -0.0481348 -0.0305988 -0.0765853 0.0673843 -0.0348561 0.073522 -0.0448909 -0.0788075 -0.0147256 0.0980623 0.00944469 -0.0917467 0.0696732 -0.0934021 -0.0548577 -0.0619697 -0.0531556 0.0237017 0.0298295 0.0668817 0.0951345 -0.0434523 0.0601499 -0.0586628 -0.0342027 0 0.00737172 -0.0800505 0.022838 0.0491182 -0.0554966 -0.0849103 0.0378511 0.0636189 -0.095777 -0.0645199 0.0322551 0.0183435 0.00798179 0.0199971 -0.0931948 -0.0819932 -0.0540805 0.0403581 
0.0615321 0.0937076 0.085825 -0.045063 -0.0632925 0.0931967 0.0317459 0.0692222 0.0716459 0.0817193 0.0194901 0.0173863 -0.0364249 0.00223562 -0.099996 0.09897 -0.0749158 -0.061624 0.0130887 -0.0727675 -0.0253701 0.0613149 0.00511503 -0.0292344 0.0486909 -0.0571536 -0.0260277 -0.0584909 -0.012154 -0.0823141 0.0701903 -0.0385602 -0.00737172 0 -0.0999936 -0.0624444 0.0878357 -0.00902644 0.0380896 0.0425323 -0.0832465 -0.0354924 -0.0278943 -0.032347 0.0940901 -0.0644767 -0.0517968 -0.0893952 -0.05671 -0.0851333 -0.0556764 
0.00336972 -0.0800364 -0.040374 0.0685675 -0.0141726 -0.0378393 0.0811492 0.0650639 0.0935747 -0.0615452 0.0465596 0.00488343 -0.0138157 0.091131 0.0238216 -0.0401958 0.0412588 0.00472255 0.0589426 -0.084463 0.0799667 -0.0185048 -0.0735871 0.0730282 0.0577627 0.0181081 0.0895237 -0.094395 -0.0626852 0.0579636 -0.0178698 0.0112323 0.0800505 0.0999936 0 -0.00460542 0.0366706 -0.0408683 0.0109839 0.00153335 -0.0733294 -0.0672061 0.0149333 -0.0199706 0.0167351 -0.0589173 0.0284888 0.00607456 0.0968255 -0.00188696 0.0676885 
-0.0793935 -0.0833835 -0.00370386 -0.0569339 -0.00663001 0.0663938 -0.0581414 -0.0541512 0.095759 -0.0790628 -0.0915507 -0.0813967 -0.00183902 0.0408593 0.0258808 0.0348694 -0.0931176 -0.00686935 -0.067114 0.0512224 -0.0140921 -0.0329113 -0.00681169 -0.0427168 -0.0090017 -0.0533477 0.0839326 -0.0532611 -0.0515036 -0.0807023 -0.0669805 0.0869381 -0.022838 0.0624444 0.00460542 0 0.0867211 0.0297809 0.0246495 0.0725164 -0.0741249 0.00863021 0.0060875 -0.0935803 0.0205124 -0.0530753 0.00718042 0.0986487 -0.0348623 -0.019561 -0.0904411 
0.042891 0.0286574 0.0231921 -0.0168248 0.0483141 -0.00147138 0.0146073 0.0994978 -0.0152199 0.0815335 -0.0237454 -0.04265 -0.0948903 0.0766871 -0.0139859 0.0102391 -0.0790647 -0.0111711 -0.0937652 0.0435839 -0.0653102 -0.0387672 0.0357382 -0.00686517 0.0192259 0.0757415 -0.0251934 -0.0143023 -0.0409746 -0.0326892 0.0784719 0.00809752 -0.0491182 -0.0878357 -0.0366706 -0.0867211 0 -0.0141502 -0.0782307 -0.0385655 -0.0130894 0.0637416 -0.0291535 -0.0344018 0.0278127 -0.0916121 -0.054576 -0.0507618 -0.0422411 -0.00745318 -0.0419597 
-0.0856063 0.0077769 0.00950129 0.0165597 -0.0957288 0.00534108 -0.0796387 -0.061214 0.0475556 0.0413326 0.0326317 0.0200807 0.00689949 -0.0373713 0.099011 0.0831062 0.0803733 -0.0824348 -0.085615 -0.048178 -0.0623678 0.0400756 -0.0349658 0.0712469 -0.0265668 0.0677438 -0.0236142 -0.083999 -0.0973653 -0.0874602 0.0608895 -0.0361444 0.0554966 0.00902644 0.0408683 -0.0297809 0.0141502 0 -0.0636111 0.0306549 -0.0221012 -0.0574892 -0.00566964 0.0759067 0.0174852 -0.0253081 0.00791329 0.00601831 -0.0372936 0.00322117 0.0485045 
-0.0668693 0.0268222 -0.0898141 -0.00194916 0.0599245 0.0835827 0.0194201 0.0621919 -0.0617418 -0.0560245 0.00440568 0.0226452 0.0377401 0.0165337 -0.0109607 0.0309828 0.0404516 -0.0781952 0.0367718 0.0668063 -0.0507799 0.0345994 0.084914 0.0283154 0.0693674 -0.0854645 -0.05446 0.0825038 0.0751673 0.091087 0.0977432 0.0641632 0.0849103 -0.0380896 -0.0109839 -0.0246495 0.0782307 0.0636111 0 -0.0212143 -0.0381983 0.0100742 0.0870164 -0.0493688 -0.0689562 -0.0267071 -0.0415332 -0.00745712 0.0225899 0.0199953 -0.0983929 
-0.0202809 0.0273093 0.026203 -0.0415366 -0.0543182 0.0405517 0.0524389 0.0876972 0.0603795 -0.0365083 -0.0154611 0.0715782 0.0206407 -0.0567803 0.0382812 0.0830904 0.0900415 -0.0212392 0.0632173 0.030893 0.0370367 -0.0715168 0.0531581 -0.00210013 -0.0909407 0.0885551 -0.048766 0.0793814 0.0299194 0.0818363 0.025462 0.063397 -0.0378511 -0.0425323 -0.00153335 -0.0725164 0.0385655 -0.0306549 0.0212143 0 0.0803355 -0.0231645 0.0237258 0.000939704 -0.00244401 -0.041342 -0.0310685 0.00090765 0.0654719 0.0453324 0.0388441 
0.0572252 0.0918087 -0.0164523 0.0409363 -0.000639808 0.0689288 -0.0102318 -0.0902991 0.0953053 -0.000718728 0.0921628 0.00869553 -0.0790628 0.0574544 0.0475415 0.0123472 0.0777897 0.00312145 0.0345322 -0.0423759 -0.0955985 -0.0761413 0.096137 0.0151857 0.0654016 0.0100654 0.070306 -0.000959294 0.0569603 0.0401546 -0.0449552 -0.0234731 -0.0636189 0.0832465 0.0733294 0.0741249 0.0130894 0.0221012 0.0381983 -0.0803355 0 -0.0391201 0.000836186 -0.0639382 -0.0838072 -0.0731303 0.0392076 0.0250168 0.0181654 -0.0467389 -0.00339845 
