50

16000 4500

30 55 80

6

0 90980 45570 44570 77910 86330 71551 47040 40860 53220 84430 92640 34890 69261 10570 75240 79090 70550 55060 51860 38420 54400 92960 34170 91980 70690 83100 44920 95490 67770 70821 62140 63520 54030 50820 60231 59860 74980 29950 90800 95010 25320 18490 85991 28740 98371 19610 94490 76751 59651 80650 
91020 0 91590 51230 100580 32660 82890 44650 55620 51330 50030 20690 60020 80600 90790 38800 94210 53530 104970 51860 129380 64350 111930 113260 180592 105070 61430 53770 185632 90170 72070 95180 59450 78330 44500 75030 63670 29460 82520 177112 18090 82170 72210 90440 76200 101620 80110 108740 73780 68730 90110 
45570 91560 0 64380 32340 101880 33610 60860 61000 73570 55810 106100 56750 31320 35880 93610 111260 43020 18130 72210 72390 29210 49890 31590 121440 27550 51420 66950 118470 23590 34720 16570 34680 15030 70630 24330 29790 90010 21270 127180 108470 24330 44210 50180 26950 61570 53970 50560 42170 27280 41650 
44800 51150 64230 0 92760 42380 78330 11320 5910 10140 69090 49620 11510 76040 45730 31290 55290 58990 79101 8780 79350 54080 109360 68420 130362 90200 73780 3980 135402 80060 69500 80800 54600 65650 6870 65100 57150 31480 43610 126882 52230 41850 25990 90250 37760 102630 29880 106170 74240 62080 87540 
77490 100670 31920 92830 0 123600 23670 85660 89450 102020 57470 119090 86710 22800 67800 118690 143420 49520 24680 100660 94380 42020 20320 49860 131400 9270 49550 95400 126670 16080 30710 15540 43600 28440 96430 28200 39290 111870 52880 145800 118510 56250 76130 34670 57081 41910 85890 21080 31870 34860 21840 
86270 32510 102750 42550 123510 0 104430 43090 47440 39090 75830 14270 53540 102140 87200 14370 67160 75070 117621 40280 118860 85450 135160 109890 169872 126170 85140 45050 174912 111660 93610 116280 80990 99430 35580 96130 84770 13940 82940 166392 19160 82290 67460 113680 76430 127730 70590 131970 95320 89830 113040 
71641 82930 33560 78540 23630 104500 0 70910 75160 87730 39730 101350 72420 2990 63090 102420 130850 31780 37210 86370 102570 27730 34450 63360 145210 31950 31830 81110 142240 15920 12340 22600 25950 19280 81680 13680 23210 95600 43600 156940 100770 47071 67411 20320 45291 32700 78271 31260 15660 19140 13680 
47470 44970 60810 11320 85630 43330 70910 0 12040 19330 59550 47560 16310 68620 47540 33540 65520 49990 75681 18550 85830 46950 100360 70010 138262 85880 64780 14390 142900 73360 60500 75990 45600 58950 11090 57970 48150 31470 41000 134782 49930 40460 28660 81250 34490 93630 37370 97170 65240 53210 78540 
41130 55950 60880 5870 89410 47630 74980 12060 0 14630 70600 54420 6520 72690 42060 36540 56150 57320 75751 13270 76890 50730 106320 65070 127902 86850 72110 7510 132942 76710 67830 77450 52930 62300 12120 61750 55480 36280 40260 124422 57030 38500 22320 88580 34410 100960 27420 103130 72570 58730 85450 
53600 50990 73470 10190 102000 39030 87570 19340 14760 0 73470 46850 20020 85280 54580 25450 47010 67960 88341 3250 83650 63320 118330 77660 134662 99440 82640 9490 139702 89300 78470 90040 63570 74890 9290 74340 66120 28710 52850 131182 49030 51090 34840 99220 47000 111600 35380 115140 83210 71180 96510 
83760 50020 56100 68850 57430 75770 39740 58820 70460 73570 0 70390 70600 37450 78430 76150 120660 16200 67810 74100 118250 30100 67920 86680 172190 63050 12190 71920 173210 47020 28920 53200 21220 41410 66040 33840 26160 67860 58030 172100 67860 60640 74320 41200 55660 54910 86140 64730 28720 30310 46100 
92880 20760 106950 49440 118860 14250 101170 47850 54050 47390 70400 0 60150 98880 92650 26790 80230 71810 121821 48010 127660 82630 130510 115120 179002 123350 81800 51980 184042 108450 90350 113460 77730 96610 42710 93310 81950 20330 87140 175522 5580 86600 74070 109030 80630 122830 78520 127320 92060 87010 108390 
35190 60510 56400 11540 86241 53810 71990 16490 6550 19930 70740 60600 0 69700 36120 42720 60270 55560 71271 18570 72100 47740 103300 60540 123112 82370 70350 11630 128152 72711 66070 72970 51170 58151 18300 58760 53200 42460 35780 119632 63210 34020 16380 86590 29930 99200 21960 99831 70810 55740 82460 
69351 80730 31270 76250 22800 102300 2990 68620 72870 85440 37530 99150 70130 0 60800 100130 128560 29580 34920 84080 100280 25440 35000 61070 142920 29660 30400 78820 139950 13630 12110 20310 23660 16990 79390 11390 20920 93310 41310 154650 98570 44781 65121 20870 43001 33250 75981 31810 16210 16850 14230 
10730 91490 35990 45800 68330 87560 63110 47850 42150 54510 78160 92940 36180 60820 0 76470 84930 64770 45370 53150 45550 48130 83270 28060 99110 61000 76770 46210 102620 58270 63280 52560 57250 44530 52050 52941 53590 76210 22090 98470 95310 17680 19870 78701 22960 91070 24300 84800 69210 52110 71150 
75170 38720 93870 31720 118580 14310 102310 33440 37000 25450 76250 26730 43100 100020 76760 0 56140 75490 108741 28440 105220 80010 133420 99450 156232 119350 85560 34140 161272 106440 91900 109050 77000 92010 24750 90910 79550 11040 74060 152752 31620 72640 57020 112650 67550 126690 56950 130230 95740 84610 109940 
79620 94020 111580 55490 144230 66680 129980 65630 56260 47400 122540 79770 60390 127690 85060 56360 0 112290 126611 50390 106940 105700 161580 112140 147720 137860 127080 53210 160530 131490 122800 128310 107900 117270 56020 116720 110450 66670 92570 142790 84660 89460 67990 143550 89160 155930 61400 158390 127540 113700 140710 
70270 53560 43210 58950 49380 75130 31690 50080 57270 67950 16170 71980 55420 29400 64990 75510 112120 0 55230 66780 105350 17200 60730 73780 158910 55000 17060 61980 159890 38970 20870 45150 8400 28590 60850 24940 13340 67220 45130 158820 71400 47740 59140 39960 42130 53670 70960 57540 22820 18760 38910 
54710 104810 18110 79241 24740 116741 37190 75721 75861 88431 67640 120961 71611 34900 45020 108471 126121 54850 0 87071 71010 43310 39220 26490 108340 16740 60650 81811 105370 21820 42360 15560 46510 26610 85491 35730 41620 104871 36131 122430 122650 39191 59071 52610 41811 61740 68690 40750 48420 39110 41820 
52130 51520 71950 8670 100480 40150 86050 18490 13240 3250 74000 47880 18500 83760 53060 28120 50000 66710 86821 0 82500 61800 117080 76140 133512 97920 81500 7970 138552 87780 77220 88520 62320 73370 9670 72820 64870 29740 51330 130032 50180 49570 33320 97970 45480 110350 34200 113890 81960 69800 95260 
38500 129340 72270 79120 94680 118610 102590 85400 76700 83810 118270 127710 72020 100300 45440 105030 106350 105310 70930 83000 0 88240 108830 48990 55640 86560 116740 78240 60180 92370 103250 86110 97360 84010 85880 92690 93700 109350 62200 56480 130140 57790 56850 118450 63530 130560 50710 110360 109180 92080 110630 
53750 64320 29490 54040 42050 85450 27620 46870 50660 63230 30170 82740 47920 25330 48420 79620 105510 17210 43540 61870 88240 0 58830 57920 141800 43740 29140 56610 144800 29910 20140 33850 9260 16900 57640 14390 6990 73580 28020 141710 82160 30630 45890 40900 25650 53270 57900 55640 25290 11370 38090 
92130 111920 49260 109350 20260 135150 34410 100480 106550 118350 68280 130640 103711 34960 82440 133230 161570 60770 39390 117180 108430 58710 0 63910 143020 22980 58670 112380 136281 35560 41330 32880 55030 45130 111250 44830 53680 125880 69570 161830 130060 73030 92910 35150 73771 32570 104040 6690 40990 50350 22980 
34470 113140 31580 68080 50270 109840 63330 70130 64700 77270 86600 115220 60450 61040 27470 98750 111590 73640 26520 75910 49160 57850 64420 0 96330 42150 83000 70500 93360 47960 66300 41700 65640 46610 74330 55910 60780 98490 32370 102650 117590 31330 44160 78750 37410 87880 50530 65950 73750 58460 67960 
92120 180870 121330 130280 131250 169770 144870 138190 127860 134970 172270 179270 123180 142580 99060 156190 147870 158930 108060 134160 55460 141860 143230 96310 0 123130 168950 129400 27590 129500 150040 123240 150980 134030 137040 143150 147320 160510 115820 21410 181700 111410 110300 160290 117150 169790 101870 144760 156100 145700 149500 
69940 105220 27560 90360 9300 125660 32180 86040 86980 99630 63250 123640 82730 29890 60250 119200 137480 55200 16670 98270 86240 43780 23110 41720 123260 0 56120 92930 119690 17190 37830 12830 46860 27350 96610 31900 41970 113790 47250 137660 123060 50310 70190 43520 52930 48530 79950 24640 40720 38520 30690 
82560 61400 51210 73740 49070 85170 31960 64870 72060 82720 12130 81770 70210 30070 76900 85550 126910 17070 60430 81570 116720 28990 58230 82800 168920 55670 0 76770 165950 39640 21060 45820 20110 36530 75190 27610 23890 77260 55950 170570 79240 59110 73930 30920 54460 44630 85750 55040 19030 25080 36410 
45650 53610 66850 3950 95380 44840 80950 14350 7890 9270 72120 52080 12020 78660 46580 33620 53030 61990 81721 7910 78890 56700 112290 71000 129902 92820 76780 0 134942 82680 72500 83420 57600 68270 9330 67720 60150 33940 46230 126422 54690 44470 26840 93250 40380 105630 29420 109100 77240 64700 90540 
95920 186240 118420 135650 126560 175140 141960 142820 133230 140340 173010 184640 128550 139670 102860 161560 160530 159360 105150 139530 60340 144690 136591 93400 27580 119570 166040 134770 0 126590 147130 120330 151020 131120 142410 140240 146130 165880 119100 47970 187070 114690 114270 157380 120430 163750 107240 139771 153190 143620 146590 
67770 90240 23650 80090 16090 111370 15930 73290 76710 89280 47070 108660 73501 13640 58320 106240 131050 39120 21920 87920 92590 29650 36000 48070 129920 16970 39940 82660 126950 0 21650 7310 31810 14710 84060 15830 26920 99500 38950 144010 108080 43440 63920 30970 43561 40100 74780 33170 27600 22490 20180 
69450 70590 33860 68020 31050 92160 12770 59150 66340 77020 27390 89010 64490 11400 62080 90660 121190 19440 41760 75850 101900 18810 41500 65450 149760 37000 20000 71050 146790 20970 0 27150 13700 19220 69920 10230 12350 83840 41130 155770 88430 44290 62720 22390 41440 34770 74730 38310 8690 10640 19680 
62120 94950 16550 80930 15770 115390 22390 75770 77550 90120 52980 113370 73300 20100 52430 108520 127810 44930 15680 88760 86350 33510 33320 41830 123680 12670 45850 83500 120710 7020 27560 0 36590 17080 86540 21630 31700 103520 37820 137770 112790 40880 60760 37810 43500 46940 70520 33990 33620 28250 27020 
62610 59980 34960 54620 43880 81550 26190 45750 52940 63620 21700 78400 51090 23900 57280 77260 107790 8910 47040 62450 97100 8950 55470 65530 150660 46980 20670 57650 151700 32400 15610 37090 0 20400 56520 16820 5150 70440 36880 150570 77820 39490 54750 36360 34510 48740 66630 52280 20350 10570 33650 
54080 78200 15100 65610 28460 98540 19320 58920 62230 74800 41030 96620 58911 17030 44630 91670 117280 28240 26640 73440 84110 16700 45240 46690 134270 27230 36720 68180 131300 14710 20130 17300 19900 0 69690 9690 15010 86670 25260 137580 96040 29750 50230 35590 28971 47280 61090 42050 27530 12500 27360 
51070 44280 70500 6960 96970 35510 82100 11740 12240 9190 66120 42750 18340 79810 52000 24420 55630 61180 85371 9720 86180 58290 111550 74690 137192 96470 75290 9460 142232 84700 71690 87070 56790 70290 0 69310 59340 24610 49880 133712 45360 48120 32260 92440 44030 104820 36710 108360 76430 64400 89730 
60631 75050 24170 65270 28080 96180 13680 58100 61890 74460 33730 93470 59150 11390 53260 90850 117370 24790 35540 73100 92740 14460 44860 55760 143170 31730 27680 67840 140200 15940 11110 21840 16450 9490 68870 0 11730 84310 32590 146590 92890 36061 55680 28280 34281 40660 67261 41670 18430 7110 24150 
59490 63790 30160 57230 39610 84920 23440 48360 55550 66230 26020 82210 53660 21150 54160 79870 110400 13230 42110 65060 93980 7090 53610 61280 147540 42050 23720 60260 146770 27470 13750 32160 4890 15470 59130 11940 0 73050 33760 147450 81630 36370 51630 34500 31390 46880 63640 50420 18900 5640 31790 
74750 29430 90890 31310 111940 13940 95670 31570 35920 29170 67910 20350 42020 93380 75680 11000 66410 67150 105761 29880 109300 73590 125850 98370 160312 114310 77220 33850 165352 99800 85260 104420 70360 87570 24580 84270 72910 0 71080 156832 25240 70540 55940 104370 64570 118420 60390 122660 87400 77970 103300 
29960 81360 20910 43470 52900 80870 43760 39850 40090 52660 58070 85090 35840 41470 22340 72600 92320 45110 35781 51300 62160 28040 69470 32540 115720 46880 55830 46040 118750 38920 42340 37480 37160 25180 49720 32570 33490 69000 0 115630 87460 4800 25270 58330 5940 70710 36130 66490 48270 31170 51800 
92090 178600 128220 128010 146570 167500 158210 135810 125590 132700 173530 177000 120910 155920 99670 153920 143100 160190 122820 131890 57640 143120 161820 103690 21450 138450 172000 127130 48030 144260 158530 138000 152240 138890 134770 147950 148580 158240 117080 0 179430 112670 107920 174300 118410 186330 99600 163350 164800 146960 164260 
94580 18060 108640 51400 118380 19770 100690 49540 56010 48940 67830 6210 62110 98400 94340 32310 85750 71330 122770 50190 129910 82150 130030 116810 180962 122870 79230 53940 186002 107970 89870 112980 77250 96130 44670 92830 81470 25210 88830 177482 0 88290 75770 108240 82320 120130 80480 126840 91580 86530 107910 
25300 82340 24360 41720 56700 81370 46901 40350 38340 50910 60620 85590 34090 44611 17930 72390 89170 47660 39231 49550 57750 30590 72920 32030 111310 50330 59230 44290 114340 43430 45740 40930 39710 29690 47970 35581 36050 69500 4770 111220 87960 0 22120 61341 6340 73721 32450 71000 51670 34570 56310 
18860 72660 44130 26250 76470 68010 67241 28720 22540 34900 74320 74320 16570 64951 19790 56920 67690 59140 59001 33540 57220 45930 92690 44210 110222 70100 73930 26600 114290 63810 63680 60700 54750 50070 32500 55430 51390 56660 25120 106742 76690 22010 0 81681 22420 94061 12140 91380 69610 52510 76690 
85971 90230 49630 90220 34660 113350 20400 81350 88540 99220 40960 108840 86690 20950 78600 112860 143390 39680 52620 98050 118080 41010 35070 78770 160620 43480 30690 93250 157650 30920 22200 38010 35900 34990 92120 28030 34550 104080 57930 172490 108070 61401 81741 0 59621 17150 92601 30260 18850 32660 14260 
28440 76420 27260 37570 56601 75450 45201 34430 34190 46760 56170 79670 29940 42911 23160 67180 88850 42440 42131 45400 63420 26140 73381 37900 116980 53230 54840 40140 120010 43071 43060 43830 35260 28511 43820 33881 31600 63580 6940 116890 82040 6270 22330 59641 0 72021 34310 70191 48990 31890 55501 
98241 102540 61520 102490 41750 127410 32670 93620 100810 111490 54600 122900 98960 33220 90870 126370 155660 53320 61840 110320 130350 53280 32720 87990 170020 48520 44330 105520 163910 40140 34470 47230 48170 47240 104390 40300 46820 118140 70200 184760 121090 73671 94011 17130 71891 0 104871 27910 32620 44930 20510 
19850 80500 53580 29910 85920 70820 78101 37600 27490 35690 86160 78970 22090 75811 24140 57240 60910 70980 68240 34330 50850 58000 104280 50210 101862 79550 85770 29030 106902 74530 75750 70150 66590 60790 36670 66781 63460 60830 35980 98382 81580 32080 12200 92541 34040 104921 0 102540 81680 64580 87410 
93680 108770 50450 106200 21450 132000 31260 97330 103400 115200 65130 127490 100561 31810 83990 130080 159270 57620 40940 114030 109980 55560 6660 65460 144870 24530 55520 109230 139831 33140 38180 34070 51880 41980 108100 41680 50530 122730 66420 163410 126910 70910 91390 30310 70621 27730 102690 0 37840 47200 19830 
76820 73780 41900 74050 31290 95350 15640 65180 72370 83050 28840 92200 70520 16190 69450 95730 127220 22660 48330 81880 109270 25470 40450 73490 156330 40110 19230 77080 153360 27060 8870 33720 19730 27220 75950 18300 19010 87440 48500 163710 91620 51660 70010 18550 48810 32290 82020 37260 0 18010 18630 
59730 68690 27050 62130 34930 89820 19150 53260 59040 71130 30290 87110 56300 16860 52360 84770 114520 18600 38970 69960 92180 11170 50670 58640 145740 38360 25180 64990 143630 22790 12070 28470 10260 12330 64030 7020 5370 77950 31410 145650 86530 34570 53000 32670 31720 45050 65010 47480 18000 0 29570 
80420 90060 41440 87490 21890 112990 13740 78620 85720 96490 46420 108480 82980 14290 70970 110130 140660 38910 41760 95320 110450 38280 22940 67910 149760 30710 36810 90520 146790 20060 19470 27150 33170 27160 89390 24240 31820 103310 51600 163850 107900 56090 76570 14210 55801 20500 87430 19750 19130 29890 0 

0 Ciudad_0 0 0 32400 0
1 Ciudad_1 622 13085 16490 1244
2 Ciudad_2 569 12245 16157 1138
3 Ciudad_3 621 10418 14551 1242
4 Ciudad_4 449 22653 25180 898
5 Ciudad_5 626 20164 22602 1252
6 Ciudad_6 173 7534 10534 346
7 Ciudad_7 627 4449 7474 1254
8 Ciudad_8 490 22745 25090 980
9 Ciudad_9 586 4855 8958 1172
10 Ciudad_10 609 7637 10154 1218
11 Ciudad_11 533 23761 26860 1066
12 Ciudad_12 126 21676 26362 252
13 Ciudad_13 749 15493 19423 1498
14 Ciudad_14 546 20309 24982 1092
15 Ciudad_15 191 13793 16631 382
16 Ciudad_16 614 22333 25818 1228
17 Ciudad_17 472 13590 16631 944
18 Ciudad_18 463 17010 21646 926
19 Ciudad_19 745 13216 16227 1490
20 Ciudad_20 585 6539 8842 1170
21 Ciudad_21 771 12278 14803 1542
22 Ciudad_22 571 15268 19365 1142
23 Ciudad_23 328 21337 25647 656
24 Ciudad_24 633 10300 13799 1266
25 Ciudad_25 655 13069 16271 1310
26 Ciudad_26 681 15099 17618 1362
27 Ciudad_27 523 22330 26087 1046
28 Ciudad_28 139 8135 12259 278
29 Ciudad_29 770 21690 25404 1540
30 Ciudad_30 398 8505 12334 796
31 Ciudad_31 235 6055 8995 470
32 Ciudad_32 382 25178 27913 764
33 Ciudad_33 270 3187 5897 540
34 Ciudad_34 112 18384 20420 224
35 Ciudad_35 258 23038 26453 516
36 Ciudad_36 195 5660 8713 390
37 Ciudad_37 304 19389 22856 608
38 Ciudad_38 497 22642 26014 994
39 Ciudad_39 742 12641 15115 1484
40 Ciudad_40 178 24149 27279 356
41 Ciudad_41 662 8667 13436 1324
42 Ciudad_42 243 6843 10703 486
43 Ciudad_43 406 17848 22586 812
44 Ciudad_44 650 17244 19339 1300
45 Ciudad_45 496 13066 16787 992
46 Ciudad_46 766 21036 25980 1532
47 Ciudad_47 514 23619 26798 1028
48 Ciudad_48 534 10879 13461 1068
49 Ciudad_49 460 21950 26941 920
50 Ciudad_50 321 14679 19230 642

0 0.0247603 -0.0948458 0.0565601 0.0416144 0.0501884 0.0382854 -0.0758632 0.000390193 0.00420959 0.0741094 0.0663069 -0.00472017 -0.0122876 -0.0306627 0.0994847 0.0146683 0.0682474 0.0503462 -0.0265636 0.0277808 0.0327089 -0.0713227 -0.0823459 -0.0601415 -0.0622242 -0.0735464 0.0556642 0.092879 0.077344 0.0856308 0.0342656 0.00600609 -0.0632541 0.0543046 0.037629 0.042658 0.0737496 0.0268772 0.0471335 -0.0407675 0.088456 -0.0618811 0.0995492 0.019261 0.0623552 0.0608489 -0.0310914 0.0475049 -0.074758 -0.0136183 
-0.0247603 0 0.0730306 0.0768823 -0.0103952 -0.0653409 -0.0696855 0.034957 -0.0244683 0.0602559 -0.0847304 -0.0015516 -0.0929943 0.057304 -0.0378312 0.0270499 -0.0388219 0.00683665 -0.069837 0.0929352 0.0846499 0.0629367 -0.0936044 0.0299857 0.0726476 -0.00110346 -0.0251465 -0.0815803 0.08635 0.043188 0.0849062 0.0741793 -0.0944129 -0.0423434 -0.0634177 0.0900844 0.069858 0.0629319 -0.075213 0.00119371 0.0812747 0.0159397 0.0481552 -0.040329 -0.078016 0.0510353 0.0353782 0.0186318 -0.092743 -0.0451946 0.0453719 
0.0948458 -0.0730306 0 -0.0642499 0.0256435 -0.0234594 -0.0316521 0.0595008 0.066427 0.0512825 -0.0092533 0.0589396 -0.0201807 -0.0545952 -0.00542871 -0.046966 0.032299 -0.0201703 -0.0255969 0.0146357 0.0145158 -0.0350976 0.0514885 0.0913784 0.00919067 0.0334506 0.0154564 0.0904181 -0.0895728 0.0871727 0.00511062 -0.043812 0.0212758 0.0545035 -0.0821237 -0.00103599 -0.0207956 0.0783576 -0.0381591 -0.0709335 -0.0986887 -0.026432 -0.0656641 0.0659226 0.0797654 0.0736485 -8.35289e-05 0.0531522 -0.0312623 -0.0937938 -0.0580277 
-0.0565601 -0.0768823 0.0642499 0 0.0798493 -0.0620499 -0.0544335 0.072243 -0.0249008 -0.0906478 0.0161371 -0.0899369 0.0627733 -0.0456071 -0.0582091 -0.0881345 0.0525758 -0.0166183 -0.0823526 -0.0232766 0.00534531 -0.00249316 0.0890766 0.0468823 0.0331729 -0.0913631 -0.0506115 -0.063516 0.0461887 -0.0705745 -0.0867424 -0.055931 -0.0658328 0.03067 0.0293446 -0.0560412 -0.0262743 -0.00822851 0.0348244 0.0637583 0.0613244 0.0954984 -0.0368172 0.0953109 0.0267587 0.00591143 -0.0115334 0.00610305 -0.0857618 -0.00602685 0.0943199 
-0.0416144 0.0103952 -0.0256435 -0.0798493 0 -0.0914097 -0.0552073 -0.0270602 0.0812685 -0.0242329 0.074143 0.081028 -1.86586e-05 -0.0706788 0.00557668 0.0847727 0.0107464 0.014385 -0.00948224 0.0424453 0.032391 0.0412947 0.0533871 -0.0889331 -0.00877426 -0.0588374 -0.0174114 -0.00219282 -0.0953842 0.0674109 0.0925063 -0.0174832 -0.0940676 0.0697772 0.0821411 0.0125856 0.0373646 -0.0677982 -0.0926103 0.0664289 -0.0963663 -0.0769392 -0.0940063 0.0642868 0.0661762 -0.0956483 5.21828e-07 0.0471991 0.0622188 -0.09408 -0.0325009 
-0.0501884 0.0653409 0.0234594 0.0620499 0.0914097 0 -0.0664129 0.0901442 -0.032648 0.0583392 0.0166892 -0.0759406 0.0892212 0.0986195 -0.03554 -0.0261595 0.0539595 0.0755387 0.0977762 -0.0415235 -0.0141404 0.0579224 -0.0315423 -0.0425668 -0.0112728 0.0478703 0.0543112 0.0408517 -0.00818328 -0.0447257 -0.0552969 0.0917735 -0.0933297 -0.0154397 -0.0164919 -0.0138402 0.0251215 -0.00138696 -0.0647807 -0.0880902 0.0963253 0.087869 -0.0574714 0.0729376 -0.0312605 -0.0543691 0.0661588 0.0742926 0.000424718 0.0830116 0.0796189 
-0.0382854 0.0696855 0.0316521 0.0544335 0.0552073 0.0664129 0 -0.0950703 0.00438244 0.0424343 -0.0331548 -0.0229736 -0.0873629 0.037281 0.0659629 -0.0342185 -0.028839 -0.0264277 0.0777492 -0.0320334 0.0415886 -0.00921358 -0.0679287 -0.0808239 0.0427155 0.0929999 0.0111569 -0.0224774 0.0139004 -0.013079 -0.0796282 -0.0446595 0.0266714 0.0264486 -0.0089261 0.000319107 0.0958675 0.0229272 0.0638173 0.00610868 -0.0678548 0.0178761 0.0775482 0.0172787 -0.0251101 -0.0767316 0.0208756 0.000571368 0.0828652 0.0788237 -0.00863308 
0.0758632 -0.034957 -0.0595008 -0.072243 0.0270602 -0.0901442 0.0950703 0 0.0722801 0.022738 0.0713729 0.0017329 0.058241 0.0301035 -0.014647 -0.0375701 -0.0512893 -0.00614256 0.0449953 -0.0427496 -0.0517165 -0.0185722 0.0411013 -0.0886111 0.0680802 0.0779741 -0.0915221 -0.048808 -0.0880558 0.0869407 -0.0170706 -0.0867219 0.0505872 -0.0497826 0.0781748 -0.052197 -0.0218146 0.06208 0.0537214 0.0584581 -0.0284454 0.00232307 0.0672487 0.0284805 0.0747881 -0.015016 0.015616 0.0313807 -0.00915306 -0.0600707 0.0308192 
-0.000390193 0.0244683 -0.066427 0.0249008 -0.0812685 0.032648 -0.00438244 -0.0722801 0 -0.0561393 -0.0507161 0.0949011 -0.0247273 0.00801192 0.0223067 -0.0615885 -9.81212e-05 -0.00085078 0.0812623 -0.0965217 -0.0758439 -0.0497714 -0.0529118 0.0520155 -0.0488073 -0.0819667 0.0456951 0.0907954 0.085795 -0.0954257 0.0552158 0.0291556 -0.0404922 0.0665729 0.0429155 0.000319896 0.0419539 -0.0409845 0.0355705 -0.0380669 -0.0762046 0.0432327 0.0991764 0.0823955 -0.0278456 0.0517904 0.0943892 0.0534995 0.00986808 -0.00413083 -0.0369916 
-0.00420959 -0.0602559 -0.0512825 0.0906478 0.0242329 -0.0583392 -0.0424343 -0.022738 0.0561393 0 -0.0570504 -0.0272246 -0.0377904 0.0773373 -0.0532616 -0.0571383 0.062162 0.0570693 -0.0173355 -0.0148967 0.0207231 0.0616598 -0.0667147 -0.0426329 0.0686033 0.0313753 0.0370873 0.0645377 0.00924566 -0.0179879 0.06644 -0.0711243 0.0659676 -0.0174933 0.0745305 0.011077 0.0662838 -0.0856397 -0.0627108 0.0610859 0.0631978 -0.0347037 -0.0164299 -0.0316198 0.0280974 -0.071689 0.0262757 0.098012 -0.0713918 0.0847947 -0.082509 
-0.0741094 0.0847304 0.0092533 -0.0161371 -0.074143 -0.0166892 0.0331548 -0.0713729 0.0507161 0.0570504 0 -0.0547193 -0.0111785 -0.0473895 -0.0638825 -0.0190201 0.0222019 -0.0294243 0.0026179 0.0249932 -0.0340128 -0.0780922 -0.0222087 -0.00615732 -0.0133031 -0.067852 0.0655131 -0.0981303 -0.0653191 0.057296 -0.000663871 -0.033748 0.0971348 -0.0589343 0.0632569 -0.0650142 -0.0938853 -0.0735034 -0.030073 0.0885901 -0.0625028 0.067063 0.0033307 0.0977433 0.0829279 0.0644613 -0.0117192 0.0728791 0.0534791 -0.0442823 -0.0758316 
-0.0663069 0.0015516 -0.0589396 0.0899369 -0.081028 0.0759406 0.0229736 -0.0017329 -0.0949011 0.0272246 0.0547193 0 0.0571491 -0.029067 -0.0685967 0.0827575 0.0187464 0.0448137 0.0624335 -0.00610343 -0.0923366 0.00445113 -0.0457387 -0.083144 -0.0657967 -0.0589241 -0.0427129 0.0489144 -0.00545096 0.0972603 -0.0714412 -0.0848643 -0.0820025 -0.0799411 0.0775774 -0.0537094 -0.0516805 0.0842499 0.00232721 0.0079264 -0.0150664 0.0117844 -0.0213226 0.0347536 -0.0873172 -0.0328766 0.0601404 -0.0973411 -0.0631738 0.0773505 -0.045144 
0.00472017 0.0929943 0.0201807 -0.0627733 1.86586e-05 -0.0892212 0.0873629 -0.058241 0.0247273 0.0377904 0.0111785 -0.0571491 0 0.0238572 0.0122822 0.0362842 -0.0668099 -0.0661091 0.0684998 -0.0374942 0.0215675 -0.056271 -0.0793704 0.0975682 0.0304522 -0.00533852 0.00712792 -0.0484704 0.0495791 -0.0637788 0.0830782 0.0493333 -0.0501506 0.000799678 0.0757525 0.064211 0.0908332 -0.0819319 0.0320445 -0.084256 -0.0903848 -0.0558574 0.0965491 0.055338 0.0988102 -0.0602933 0.0209647 0.0960173 0.00448548 -0.0911858 -0.0711767 
0.0122876 -0.057304 0.0545952 0.0456071 0.0706788 -0.0986195 -0.037281 -0.0301035 -0.00801192 -0.0773373 0.0473895 0.029067 -0.0238572 0 -0.0147795 -0.0190569 0.0365952 -0.0702085 0.010138 -0.0815602 0.0684183 -0.0677528 -0.0819474 0.023927 -0.00843148 -0.0758191 -0.0682442 -0.0149112 -0.0348372 -0.0596013 0.0526771 0.0877209 0.0548117 -0.0774958 0.00828132 0.0444088 0.063996 0.063495 0.0505365 -0.0884326 -0.0620187 0.095597 0.0969037 0.0642979 -0.0351368 0.0799929 0.00504984 -0.017041 0.0120158 -0.0799445 0.0266714 
0.0306627 0.0378312 0.00542871 0.0582091 -0.00557668 0.03554 -0.0659629 0.014647 -0.0223067 0.0532616 0.0638825 0.0685967 -0.0122822 0.0147795 0 0.0124026 -0.00756239 0.0698632 0.0717808 -0.016847 0.0709587 -0.0834541 -0.027461 0.019309 0.0930408 0.0200019 -0.0756237 0.0212982 -0.00521827 0.00251104 0.00702129 0.0809791 -0.0654342 -0.03139 0.0603164 0.0290948 0.0452035 0.0154967 -0.0851536 -0.0585527 -0.0236762 0.0850717 -0.0378006 0.0652473 0.0210204 0.0848498 -0.0731048 -0.0881727 -0.0646772 0.0417007 0.0546037 
-0.0994847 -0.0270499 0.046966 0.0881345 -0.0847727 0.0261595 0.0342185 0.0375701 0.0615885 0.0571383 0.0190201 -0.0827575 -0.0362842 0.0190569 -0.0124026 0 0.0899879 0.0149749 0.0253438 0.0720525 0.0826287 -0.0793457 -0.0649532 0.0478456 -0.0123323 0.0588378 -0.095945 -0.0688939 0.053216 0.0317038 0.0448083 -0.0151119 -0.0661954 0.0600741 0.0201135 -0.0456057 0.0970464 0.0552343 0.0750577 0.0370966 -0.0350165 0.0525367 0.0657119 -0.0380107 0.0479381 0.0774311 -0.0861003 -0.0443149 0.043065 -0.0178587 0.0680694 
-0.0146683 0.0388219 -0.032299 -0.0525758 -0.0107464 -0.0539595 0.028839 0.0512893 9.81212e-05 -0.062162 -0.0222019 -0.0187464 0.0668099 -0.0365952 0.00756239 -0.0899879 0 0.0941519 -0.0121635 0.0279215 0.00397453 -0.0568386 -0.0719341 -0.0975965 0.0730512 -0.00141268 -0.0731404 -0.0435181 0.0346615 0.0600009 0.0519348 -0.036941 -0.0563177 0.0584943 -0.0833276 0.0345276 0.0752953 -0.0400021 0.020293 0.0181126 0.0341784 -0.0279068 -0.0725391 -0.0636022 -0.094475 0.0538221 0.0446755 -0.0250487 0.00977462 -0.0340874 -0.082466 
-0.0682474 -0.00683665 0.0201703 0.0166183 -0.014385 -0.0755387 0.0264277 0.00614256 0.00085078 -0.0570693 0.0294243 -0.0448137 0.0661091 0.0702085 -0.0698632 -0.0149749 -0.0941519 0 -0.0638179 0.0750907 0.0975301 0.0376976 0.00667045 -0.0573485 0.0815521 -0.0827884 0.0215338 -0.0375255 -0.066171 -0.025164 0.0723671 -0.0282696 -0.0179365 -0.013344 -0.000938484 0.0900408 -0.040276 0.0217354 -0.00971102 0.0998016 -0.00733058 -0.0765633 0.0946476 -0.0310687 0.058555 -0.0925529 -0.0699483 -0.0975064 0.0157915 -0.0314548 -0.0991399 
-0.0503462 0.069837 0.0255969 0.0823526 0.00948224 -0.0977762 -0.0777492 -0.0449953 -0.0812623 0.0173355 -0.0026179 -0.0624335 -0.0684998 -0.010138 -0.0717808 -0.0253438 0.0121635 0.0638179 0 0.0888103 -0.0431661 0.0137631 0.0196252 0.0335886 -0.0236329 0.0556012 -0.0530516 0.0932161 -0.07464 0.0186871 0.0215772 -0.0167275 0.0752561 0.0938317 0.0755005 0.00950435 -0.0658426 0.0408351 0.0362216 0.0394874 -0.0301845 0.0942305 -0.0459705 0.0235862 0.0643761 0.0763419 0.0806283 -0.0471024 0.0764098 0.0541315 0.0577733 
0.0265636 -0.0929352 -0.0146357 0.0232766 -0.0424453 0.0415235 0.0320334 0.0427496 0.0965217 0.0148967 -0.0249932 0.00610343 0.0374942 0.0815602 0.016847 -0.0720525 -0.0279215 -0.0750907 -0.0888103 0 -0.09935 -0.0903429 -0.0793247 0.00624871 -0.0148621 0.034553 -0.0460428 0.0407032 -0.0165898 -0.0316916 -0.0061999 0.0428586 0.0837364 -0.0940636 -0.0514082 0.0211079 -0.036103 -0.0158723 0.0390823 -0.0857714 0.0836161 -0.0505894 0.079365 0.0783667 0.064542 -0.0829672 0.0607431 0.0814691 0.0362182 -0.0138393 0.008259 
-0.0277808 -0.0846499 -0.0145158 -0.00534531 -0.032391 0.0141404 -0.0415886 0.0517165 0.0758439 -0.0207231 0.0340128 0.0923366 -0.0215675 -0.0684183 -0.0709587 -0.0826287 -0.00397453 -0.0975301 0.0431661 0.09935 0 0.0439803 0.0134364 0.0584845 -0.0837808 -0.0910647 0.0937032 0.0839167 -0.0531511 -0.0149612 0.0986958 -0.00269482 0.0738678 0.049794 -0.00613431 0.0342549 0.00630948 -0.0783323 -0.0044973 -0.0192038 -0.0323974 -0.0735724 0.0935707 -0.0918719 -0.0492067 0.0843208 -0.0134039 0.0817357 -0.0177994 -0.0500195 -0.0767678 
-0.0327089 -0.0629367 0.0350976 0.00249316 -0.0412947 -0.0579224 0.00921358 0.0185722 0.0497714 -0.0616598 0.0780922 -0.00445113 0.056271 0.0677528 0.0834541 0.0793457 0.0568386 -0.0376976 -0.0137631 0.0903429 -0.0439803 0 0.0891283 0.00190303 -0.00775687 -0.0213996 -0.0265015 -0.0906874 -0.0599804 0.0759272 -0.0740913 -0.0355699 0.094083 -0.04576 0.0869868 -0.0438426 -0.0933148 0.0612859 0.0475769 -0.0930838 0.037245 0.0525189 -0.0196957 -0.0343231 0.0292481 -0.0758716 -0.08973 0.0658741 0.0430014 -0.014161 0.0882538 
0.0713227 0.0936044 -0.0514885 -0.0890766 -0.0533871 0.0315423 0.0679287 -0.0411013 0.0529118 0.0667147 0.0222087 0.0457387 0.0793704 0.0819474 0.027461 0.0649532 0.0719341 -0.00667045 -0.0196252 0.0793247 -0.0134364 -0.0891283 0 -0.0533847 -0.0893442 0.0222612 -0.0242985 -0.0257962 -0.00296127 0.0352829 0.0790876 -0.0559462 -0.00641407 -0.0754948 0.00102603 -0.0551992 -0.018268 -0.0746433 -0.000722653 0.00755699 -0.053075 0.0872631 0.00633908 0.05556 0.0714948 -0.0450805 -0.0733843 0.0151783 -0.0505288 -0.0434331 -0.0557648 
0.0823459 -0.0299857 -0.0913784 -0.0468823 0.0889331 0.0425668 0.0808239 0.0886111 -0.0520155 0.0426329 0.00615732 0.083144 -0.0975682 -0.023927 -0.019309 -0.0478456 0.0975965 0.0573485 -0.0335886 -0.00624871 -0.0584845 -0.00190303 0.0533847 0 -0.0899675 0.0888172 0.0362723 -0.00147404 -0.0291943 -0.0419618 0.0734876 -0.0519044 -0.0291662 0.0353734 0.022049 -0.0556858 0.0266489 0.039392 0.0850888 0.0205173 0.0911874 -0.0425267 0.0239846 -0.0983907 0.0782007 0.0225497 -0.0159553 0.0650055 -0.0637166 0.0794472 0.0687841 
0.0601415 -0.0726476 -0.00919067 -0.0331729 0.00877426 0.0112728 -0.0427155 -0.0680802 0.0488073 -0.0686033 0.0133031 0.0657967 -0.0304522 0.00843148 -0.0930408 0.0123323 -0.0730512 -0.0815521 0.0236329 0.0148621 0.0837808 0.00775687 0.0893442 0.0899675 0 0.0987616 -0.0514515 -0.0883371 -0.0125534 0.00624504 0.0241062 0.0501717 -0.0362549 0.0415176 -0.0672549 0.051496 0.0955182 -0.0677435 0.0571757 0.0248383 0.0139398 -0.0421861 -0.00969039 0.0354502 -0.0277107 0.0288497 -0.0881513 0.036845 0.0647147 0.0470482 -0.0790694 
0.0622242 0.00110346 -0.0334506 0.0913631 0.0588374 -0.0478703 -0.0929999 -0.0779741 0.0819667 -0.0313753 0.067852 0.0589241 0.00533852 0.0758191 -0.0200019 -0.0588378 0.00141268 0.0827884 -0.0556012 -0.034553 0.0910647 0.0213996 -0.0222612 -0.0888172 -0.0987616 0 0.0714911 0.0897482 0.0454141 0.0378882 -0.00353664 -0.0143214 -0.0859818 0.0333918 0.000181708 -0.0699928 -0.0343797 0.0469349 -0.00133803 0.0699292 0.0221121 0.0703722 -0.0208209 0.0908591 0.033037 -0.0704095 -0.010295 0.0905838 0.000959677 -0.0595317 -0.0167924 
0.0735464 0.0251465 -0.0154564 0.0506115 0.0174114 -0.0543112 -0.0111569 0.0915221 -0.0456951 -0.0370873 -0.0655131 0.0427129 -0.00712792 0.0682442 0.0756237 0.095945 0.0731404 -0.0215338 0.0530516 0.0460428 -0.0937032 0.0265015 0.0242985 -0.0362723 0.0514515 -0.0714911 0 0.0481186 -0.0419752 -0.0105065 -0.0687938 0.00993042 0.00282749 -0.000913837 0.0870121 0.0906775 -0.047804 -0.0954627 -0.088231 0.00607266 0.0332906 0.0322524 -0.0633725 -0.0530257 0.0237744 -0.0884294 0.0159738 -0.0192646 0.0920875 0.0245133 -0.0124183 
-0.0556642 0.0815803 -0.0904181 0.063516 0.00219282 -0.0408517 0.0224774 0.048808 -0.0907954 -0.0645377 0.0981303 -0.0489144 0.0484704 0.0149112 -0.0212982 0.0688939 0.0435181 0.0375255 -0.0932161 -0.0407032 -0.0839167 0.0906874 0.0257962 0.00147404 0.0883371 -0.0897482 -0.0481186 0 -0.0831813 0.024043 0.0879249 -0.00156421 0.0129752 -0.0654017 0.0713627 0.0649333 -0.0462795 0.0283813 0.0627519 -0.0762122 0.0420091 -0.0353152 -0.0589563 -0.0895727 0.0240199 0.0517856 0.0546152 -0.0831184 -0.0344062 -0.0997295 -0.0120325 
-0.092879 -0.08635 0.0895728 -0.0461887 0.0953842 0.00818328 -0.0139004 0.0880558 -0.085795 -0.00924566 0.0653191 0.00545096 -0.0495791 0.0348372 0.00521827 -0.053216 -0.0346615 0.066171 0.07464 0.0165898 0.0531511 0.0599804 0.00296127 0.0291943 0.0125534 -0.0454141 0.0419752 0.0831813 0 0.0576317 0.00804528 -0.039608 0.000963208 0.0702579 -0.0446369 -0.0892877 0.00302574 0.0471805 0.0124752 0.050996 0.000447819 0.0301957 -0.00570018 -0.0476498 0.0456575 0.0215914 -0.0259081 0.0100806 -0.070768 -0.00916749 -0.0199602 
-0.077344 -0.043188 -0.0871727 0.0705745 -0.0674109 0.0447257 0.013079 -0.0869407 0.0954257 0.0179879 -0.057296 -0.0972603 0.0637788 0.0596013 -0.00251104 -0.0317038 -0.0600009 0.025164 -0.0186871 0.0316916 0.0149612 -0.0759272 -0.0352829 0.0419618 -0.00624504 -0.0378882 0.0105065 -0.024043 -0.0576317 0 0.0402605 -0.0935316 0.0559504 -0.0161011 -0.0390276 -0.0371373 0.0668909 0.0701144 0.0771131 -0.0799797 -0.0344408 0.0949876 0.0857614 0.000558291 -0.0562534 -0.0187723 -0.0724806 -0.0679338 0.0855394 0.091257 -0.0276487 
-0.0856308 -0.0849062 -0.00511062 0.0867424 -0.0925063 0.0552969 0.0796282 0.0170706 -0.0552158 -0.06644 0.000663871 0.0714412 -0.0830782 -0.0526771 -0.00702129 -0.0448083 -0.0519348 -0.0723671 -0.0215772 0.0061999 -0.0986958 0.0740913 -0.0790876 -0.0734876 -0.0241062 0.00353664 0.0687938 -0.0879249 -0.00804528 -0.0402605 0 -0.00891571 0.0814361 0.0503806 0.0246706 -0.0649743 -0.0787937 0.0728842 -0.0497661 -0.00216432 0.0806234 0.00282868 0.028173 0.0769303 0.0999024 0.0355637 -0.029507 0.0069316 -0.0263524 0.0404004 -0.0157384 
-0.0342656 -0.0741793 0.043812 0.055931 0.0174832 -0.0917735 0.0446595 0.0867219 -0.0291556 0.0711243 0.033748 0.0848643 -0.0493333 -0.0877209 -0.0809791 0.0151119 0.036941 0.0282696 0.0167275 -0.0428586 0.00269482 0.0355699 0.0559462 0.0519044 -0.0501717 0.0143214 -0.00993042 0.00156421 0.039608 0.0935316 0.00891571 0 0.00327989 -0.0477962 0.0353236 -0.0451483 -0.0846485 0.0887063 -0.0761179 -0.0564195 -0.0236182 -0.00691285 -0.0292267 -0.0983762 0.0831712 0.0321869 0.0282781 -0.01825 -0.0228326 -0.0523528 -0.0899996 
-0.00600609 0.0944129 -0.0212758 0.0658328 0.0940676 0.0933297 -0.0266714 -0.0505872 0.0404922 -0.0659676 -0.0971348 0.0820025 0.0501506 -0.0548117 0.0654342 0.0661954 0.0563177 0.0179365 -0.0752561 -0.0837364 -0.0738678 -0.094083 0.00641407 0.0291662 0.0362549 0.0859818 -0.00282749 -0.0129752 -0.000963208 -0.0559504 -0.0814361 -0.00327989 0 -0.0375439 -0.0912144 0.00241047 0.0930164 0.0884275 0.0183931 -0.00111287 -0.0581535 -0.0931408 -0.0401044 -0.0337814 -0.0174239 0.0650294 -0.0810124 0.0883852 -0.0911888 -0.0653833 -0.0437269 
0.0632541 0.0423434 -0.0545035 -0.03067 -0.0697772 0.0154397 -0.0264486 0.0497826 -0.0665729 0.0174933 0.0589343 0.0799411 -0.000799678 0.0774958 0.03139 -0.0600741 -0.0584943 0.013344 -0.0938317 0.0940636 -0.049794 0.04576 0.0754948 -0.0353734 -0.0415176 -0.0333918 0.000913837 0.0654017 -0.0702579 0.0161011 -0.0503806 0.0477962 0.0375439 0 -0.0138576 -0.025061 -0.0868699 0.0618625 0.0446593 -0.00885592 -0.0754485 0.0145481 0.0129633 -0.0424885 0.010767 0.0263112 0.028694 -0.0734578 -0.0350518 0.0108126 0.0818587 
-0.0543046 0.0634177 0.0821237 -0.0293446 -0.0821411 0.0164919 0.0089261 -0.0781748 -0.0429155 -0.0745305 -0.0632569 -0.0775774 -0.0757525 -0.00828132 -0.0603164 -0.0201135 0.0833276 0.000938484 -0.0755005 0.0514082 0.00613431 -0.0869868 -0.00102603 -0.022049 0.0672549 -0.000181708 -0.0870121 -0.0713627 0.0446369 0.0390276 -0.0246706 -0.0353236 0.0912144 0.0138576 0 0.0922842 -0.0730459 0.0162013 0.0839861 0.0535027 0.0194784 -0.0760743 0.0478004 0.0655973 -0.0110656 -0.0495629 0.0140543 -0.0977911 -0.0230563 0.0874149 0.0725487 
-0.037629 -0.0900844 0.00103599 0.0560412 -0.0125856 0.0138402 -0.000319107 0.052197 -0.000319896 -0.011077 0.0650142 0.0537094 -0.064211 -0.0444088 -0.0290948 0.0456057 -0.0345276 -0.0900408 -0.00950435 -0.0211079 -0.0342549 0.0438426 0.0551992 0.0556858 -0.051496 0.0699928 -0.0906775 -0.0649333 0.0892877 0.0371373 0.0649743 0.0451483 -0.00241047 0.025061 -0.0922842 0 0.0688343 -0.0927244 0.00331409 0.010007 0.00831467 -0.094586 -0.0593246 0.0918625 -0.0693493 -0.0129825 0.0380068 -0.0818663 0.0112955 0.095204 -0.094113 
-0.042658 -0.069858 0.0207956 0.0262743 -0.0373646 -0.0251215 -0.0958675 0.0218146 -0.0419539 -0.0662838 0.0938853 0.0516805 -0.0908332 -0.063996 -0.0452035 -0.0970464 -0.0752953 0.040276 0.0658426 0.036103 -0.00630948 0.0933148 0.018268 -0.0266489 -0.0955182 0.0343797 0.047804 0.0462795 -0.00302574 -0.0668909 0.0787937 0.0846485 -0.0930164 0.0868699 0.0730459 -0.0688343 0 -0.030444 -0.020603 -0.0364102 0.0555668 0.0601424 0.076438 0.0823009 -0.0771992 -0.00426423 -0.0635685 0.0992688 -0.00392257 -0.00934082 0.000447158 
-0.0737496 -0.0629319 -0.0783576 0.00822851 0.0677982 0.00138696 -0.0229272 -0.06208 0.0409845 0.0856397 0.0735034 -0.0842499 0.0819319 -0.063495 -0.0154967 -0.0552343 0.0400021 -0.0217354 -0.0408351 0.0158723 0.0783323 -0.0612859 0.0746433 -0.039392 0.0677435 -0.0469349 0.0954627 -0.0283813 -0.0471805 -0.0701144 -0.0728842 -0.0887063 -0.0884275 -0.0618625 -0.0162013 0.0927244 0.030444 0 0.0497747 -0.00216045 -0.0800597 -0.00113698 -0.0646447 -0.0281729 0.0797778 0.0663127 -0.0698165 -0.0225604 -0.0943583 -0.00847107 -0.0933114 
-0.0268772 0.075213 0.0381591 -0.0348244 0.0926103 0.0647807 -0.0638173 -0.0537214 -0.0355705 0.0627108 0.030073 -0.00232721 -0.0320445 -0.0505365 0.0851536 -0.0750577 -0.020293 0.00971102 -0.0362216 -0.0390823 0.0044973 -0.0475769 0.000722653 -0.0850888 -0.0571757 0.00133803 0.088231 -0.0627519 -0.0124752 -0.0771131 0.0497661 0.0761179 -0.0183931 -0.0446593 -0.0839861 -0.00331409 0.020603 -0.0497747 0 -0.0212479 0.0408684 0.0625738 -0.088222 -0.091771 -0.0508611 0.0774336 0.0681147 0.0425912 -0.0477414 0.0231984 0.0296413 
-0.0471335 -0.00119371 0.0709335 -0.0637583 -0.0664289 0.0880902 -0.00610868 -0.0584581 0.0380669 -0.0610859 -0.0885901 -0.0079264 0.084256 0.0884326 0.0585527 -0.0370966 -0.0181126 -0.0998016 -0.0394874 0.0857714 0.0192038 0.0930838 -0.00755699 -0.0205173 -0.0248383 -0.0699292 -0.00607266 0.0762122 -0.050996 0.0799797 0.00216432 0.0564195 0.00111287 0.00885592 -0.0535027 -0.010007 0.0364102 0.00216045 0.0212479 0 0.0816587 -0.0444186 0.0682905 0.0811377 -0.0101338 -0.0364906 -0.03949 -0.0483363 0.0801397 0.0914778 0.0394052 
0.0407675 -0.0812747 0.0986887 -0.0613244 0.0963663 -0.0963253 0.0678548 0.0284454 0.0762046 -0.0631978 0.0625028 0.0150664 0.0903848 0.0620187 0.0236762 0.0350165 -0.0341784 0.00733058 0.0301845 -0.0836161 0.0323974 -0.037245 0.053075 -0.0911874 -0.0139398 -0.0221121 -0.0332906 -0.0420091 -0.000447819 0.0344408 -0.0806234 0.0236182 0.0581535 0.0754485 -0.0194784 -0.00831467 -0.0555668 0.0800597 -0.0408684 -0.0816587 0 -0.0706516 0.0877043 0.00460755 0.0296324 -0.010778 0.0384717 0.0224811 -0.0546495 -0.0780995 -0.0805894 
-0.088456 -0.0159397 0.026432 -0.0954984 0.0769392 -0.087869 -0.0178761 -0.00232307 -0.0432327 0.0347037 -0.067063 -0.0117844 0.0558574 -0.095597 -0.0850717 -0.0525367 0.0279068 0.0765633 -0.0942305 0.0505894 0.0735724 -0.0525189 -0.0872631 0.0425267 0.0421861 -0.0703722 -0.0322524 0.0353152 -0.0301957 -0.0949876 -0.00282868 0.00691285 0.0931408 -0.0145481 0.0760743 0.094586 -0.0601424 0.00113698 -0.0625738 0.0444186 0.0706516 0 0.0203408 0.0594389 -0.0986987 0.0792106 0.0207712 -0.0313536 -0.023204 0.0250054 -0.0849342 
