50

16000 4500

30 55 80

5

0 76451 75750 24660 85801 36930 59081 23090 41020 32390 92760 75811 98932 77400 59060 53580 64491 51210 41670 28330 79550 81960 60830 57240 25210 33260 34330 74060 71810 27490 40540 98382 73221 38570 99931 6180 81680 67710 74111 66840 17250 95940 63360 88561 21510 38590 50420 35980 90951 70820 95051 
76671 0 149791 54200 162492 45090 133911 72320 114540 95240 170032 150872 110740 152441 133951 128471 13160 100461 86400 74120 154741 110310 101210 90900 83090 106850 84930 25680 142971 88960 114391 128300 148282 61370 176622 72941 156301 141691 15910 141270 92141 174572 138401 165252 96301 112180 29270 110871 25490 102800 171742 
74730 148981 0 98460 15650 109460 20520 82890 73870 60100 24150 11400 155940 36810 23250 33860 137021 74420 80250 82240 37000 95980 83840 90660 85570 60680 75850 134340 25860 66340 35550 155770 8810 104720 29780 76510 8690 8640 144620 55240 59000 22950 30710 18410 54130 60470 122950 41130 169402 92160 24900 
24820 54270 99440 0 109351 19710 82371 25820 59590 49500 116610 99271 86900 100370 82360 76400 42310 61500 46950 31920 103150 86670 66840 60530 32890 51900 41490 61560 92760 42930 64210 94740 96681 23220 123481 22760 105710 91100 51930 86940 40550 119620 86180 112111 44800 57230 26470 59270 67750 74110 118601 
85631 161952 15230 109011 0 121441 29010 98120 78600 75330 9320 11960 165560 37220 31360 41970 149002 89650 95480 97470 33490 112430 99070 105890 95121 69480 91080 149570 40950 81570 49390 165390 14030 114271 16560 88751 13610 23870 158622 57110 69221 21340 35640 3580 65091 68980 134931 50960 178392 108610 10130 
37031 45001 110151 19740 121312 0 94271 32540 76820 55600 128571 111232 102230 112801 94311 88831 33041 60821 47800 34510 115101 81540 66761 57440 52540 69130 45440 47600 103301 49320 74751 110070 108642 38550 135442 33301 116661 102051 42661 102091 52501 131001 98761 124072 56661 74460 17710 71231 59501 71020 130562 
58761 133922 21880 81971 30150 94401 0 74160 56050 55170 36660 20160 138260 31620 7120 15930 121962 72680 75450 73560 31810 101090 82100 87100 68251 42860 68870 125660 32290 57660 22440 137710 17570 87401 44280 61720 28160 17160 131582 44620 42351 42230 16720 32910 38221 42570 107891 24090 148422 93970 39400 
25050 72091 84340 25870 98350 32510 74200 0 65540 24080 106850 89200 112690 95350 75740 71530 60131 36190 21640 7170 97650 62540 41530 36400 47850 55450 15960 56800 74660 17800 52250 120530 86610 49010 112480 19480 89080 75910 65540 87540 37950 101520 81310 101110 37630 60460 45690 52520 86591 49980 107600 
41250 116220 74950 59380 78570 76910 56150 63820 0 62910 81740 69880 95340 47170 53880 41120 102380 85050 82400 69060 50990 116300 95540 95800 33470 14070 72960 115030 79040 61750 45170 94790 68270 56670 89610 46910 80880 69330 112000 29990 31370 95140 49370 78880 33650 15060 85770 34760 124900 106890 84870 
32240 94961 61530 49550 75540 55440 55130 24060 63200 0 84040 69650 130462 84900 61750 61080 83001 24990 23170 23410 86660 56170 34820 36310 56060 49470 15810 75470 51850 6910 33170 129912 67060 67960 89670 27890 66270 53100 84210 80690 33970 78710 70860 78300 30290 54480 68930 40590 109461 46240 84790 
92940 170202 23900 116630 8990 129060 36580 106790 81830 84000 0 19390 170830 39760 35930 46540 156621 100670 104150 106140 36040 121100 108010 115800 102000 74050 99750 158240 49620 90240 57670 168950 21460 121740 8070 96190 22280 32540 167862 60340 75550 25760 38870 6820 71990 73550 142550 56700 186642 117280 3640 
75981 151312 12110 99361 12090 111791 19360 89420 69890 69570 19170 0 154820 29470 20660 31270 139352 83890 89720 88770 29660 106120 93310 100130 85471 58780 84080 141710 36000 72870 39720 154650 2770 104621 27040 79101 16210 17100 148972 48400 59571 28820 26930 14850 55441 58280 125281 41310 168742 102300 21400 
98770 110770 157320 86780 165840 102040 138600 112530 95070 130290 170910 154710 0 135630 136330 127390 106980 148210 133660 118630 139450 173380 153550 147240 75070 98050 128200 126370 160530 124760 126660 21600 152510 64030 178810 102910 163590 151680 116600 112800 103150 178080 137170 167070 108460 100340 101900 116250 108290 160820 173860 
78060 152751 37490 99280 36900 113230 31540 95400 46720 84960 39830 29550 135470 0 30480 25670 140791 104030 106080 98530 4900 130270 113450 118480 78210 49130 96380 148500 60230 85090 53790 133840 28420 101500 46360 82280 43510 41970 150411 24400 60880 55520 19060 37210 58700 44220 125820 45360 177831 125320 42960 
59290 134161 24170 82460 31670 94640 7080 75530 53830 61680 36040 20770 136330 30550 0 13300 122201 79680 81960 78190 30740 108070 89100 93610 68060 40810 73500 128630 38090 62290 29440 135780 18570 87550 43910 62410 31620 22720 131821 42780 42310 44970 14880 32900 38750 40310 108130 23460 148661 100970 38990 
53970 128641 34720 76390 42220 89120 15940 71310 41130 60870 46590 31320 127730 25400 13300 0 116681 80590 81910 74440 27550 110130 90010 93610 61110 31820 72210 124410 48150 61000 32120 127180 29120 80850 54460 58190 42170 33020 126301 31510 36790 55520 9780 43450 34610 27560 102610 21270 143141 101880 49540 
65111 12860 138231 42580 149392 33530 122351 60760 102920 83680 156651 139312 107450 140881 122391 116911 0 88901 75880 62590 143181 104710 94841 85300 75010 95230 73520 20080 131411 77400 102831 125010 136722 53290 165062 61381 144741 130131 10310 130171 80581 159261 126841 152152 84741 100560 17650 99311 37490 97200 158642 
50900 100412 75840 61990 89850 60891 73050 36710 84960 24790 101080 83960 148452 104300 80090 80480 88452 0 18250 31160 104580 32930 11580 17680 74730 71230 22450 79981 53850 26430 51090 147902 81370 85130 106710 45880 80580 67410 88721 101810 55680 91250 89690 92610 52050 76240 74381 60670 114912 23260 101830 
41140 85710 81390 46910 95400 47550 75240 21650 81630 23290 103900 89510 133730 105920 81860 81700 75111 17650 0 16080 106770 43230 21060 17440 63770 69640 12270 64850 64560 23680 53280 136942 86920 70050 109530 35570 86130 72960 73590 101070 53630 98570 91480 98160 50460 74650 61040 61480 101571 30630 104650 
28830 73340 83670 31830 97680 34200 73540 7240 69320 23410 106180 88530 118650 98210 78380 74390 61761 30900 16350 0 100510 56070 36240 29930 51460 58310 12820 52480 73990 17130 51580 124632 85940 54970 111810 23260 88410 75240 61220 90400 40810 100850 84170 100440 40490 63320 47690 55380 88221 43510 106930 
79950 154881 37830 102610 33180 115360 31880 97530 50540 86850 36110 29890 139290 4860 30820 27560 142921 104370 107140 100660 0 130610 113790 119200 82030 52950 98270 150630 60570 86980 54130 137660 28760 105320 42700 84410 40720 42310 152541 28220 62770 52730 19400 33490 60590 48040 128850 47250 179721 125660 39240 
81080 109610 97420 86910 112550 81300 101090 62720 116290 56120 121050 105950 173730 130230 108130 111040 104310 32970 43280 56080 130420 0 24200 27260 103710 102560 51880 88750 71690 57920 81280 177512 103360 110050 126760 75510 99130 92260 96120 132670 87010 109930 115800 115310 83380 107570 94790 91230 135020 14070 121590 
60390 100420 85260 66800 99270 66781 83090 41540 95450 34420 107930 93380 153620 114120 90130 90890 94342 11580 21050 35970 114310 24160 0 11000 83660 81720 29880 79560 59960 35920 61130 156832 90790 89940 113640 55370 87400 76830 88300 112520 65950 96810 99690 102030 62540 86730 80271 71080 120802 13940 108470 
56950 90150 91900 60520 105910 57620 87410 36330 96530 36290 116070 100020 147340 118730 94030 93870 84850 17870 17640 29690 119350 27160 11040 0 79580 82800 28440 69290 68300 37000 65450 152752 97430 83660 121700 51380 95740 83470 78030 114230 67030 106540 103650 108670 63620 87810 71110 74060 111641 14310 116820 
25540 82550 86641 32840 95071 52480 68351 45710 33510 55660 101820 85081 75410 78700 68090 61280 74480 75250 64290 50950 82520 104580 84180 79860 0 32600 57830 93870 86970 51530 53240 74860 82491 23400 109201 29680 92571 79700 84100 61310 28520 106831 71060 97831 33830 36640 58950 45770 90440 93440 104321 
33330 108620 61740 51780 69690 69310 43040 55000 14120 49220 74060 58790 98370 49450 40770 31820 94780 71360 68970 58130 53270 102610 81850 82110 32640 0 59270 107110 65470 48060 31600 97820 56590 54900 81930 38990 67670 56120 104400 35400 17740 81930 41600 70920 19960 5630 78170 21190 121410 93200 77010 
34200 84010 77220 41530 91230 45030 68770 15940 73220 15740 99730 83760 128350 95770 73610 71950 72591 22230 12210 12510 97920 51690 29740 28120 56860 59490 0 63150 65340 13240 46810 130032 81170 64670 105360 28630 81960 68790 71890 90920 43330 94400 81730 93990 40310 64500 58520 51330 99051 40150 100480 
74410 25010 137080 61520 151090 47710 126950 56980 114950 75550 159590 141970 126160 148570 128800 124590 19710 80151 64870 52590 150870 88820 79680 69370 93720 107190 63400 0 126270 69270 104990 143720 139380 72000 165220 68890 141820 128650 12890 140611 89970 154260 134530 153850 90690 112480 36590 105580 50420 81270 160340 
71790 142961 27350 92790 41090 103410 32350 74650 78830 51860 49590 35880 160330 60350 38450 48200 131001 53580 65070 74000 60540 71740 60010 68300 87220 65260 65430 124640 0 58100 35190 159780 33290 106240 55000 70860 29060 21230 135270 73980 60560 38470 46080 43850 54590 69150 116930 48430 157461 67920 50130 
27420 88751 67830 43030 81840 49230 57700 17850 62150 6930 90340 72690 124972 84700 62540 60880 76791 26660 23350 17200 86850 58230 36280 36540 51250 48420 13270 69300 58150 0 35740 124422 70100 62470 95970 22400 72570 59400 78040 79850 32330 85010 70660 84600 29240 53430 62720 40260 103251 47630 91090 
40720 114571 36860 64430 49700 75050 22340 52230 44980 33190 57250 39550 126480 53680 29380 32040 102611 50700 53470 51580 53870 80240 60120 65120 53370 31410 46890 103680 35210 35680 0 125930 36960 72390 63830 42500 42140 27840 112231 54201 26710 56400 38980 52460 21370 35300 88540 14440 129071 71990 58950 
99600 128650 158530 95270 166030 110530 139430 119770 95900 131120 169200 155920 21850 134630 137160 128220 124860 149310 138350 125010 138450 179040 158240 153920 75900 98880 131890 144250 161360 125590 127490 0 153720 72720 178730 103740 164800 152510 134480 111380 103980 179290 136830 166340 109290 101170 115130 117080 123420 167500 172330 
73371 148702 9500 96751 14160 109181 16750 86810 68300 66960 21240 2770 152670 28380 18510 29120 136742 81280 87110 86160 28570 103510 90700 97520 82861 56630 81470 139100 33390 70260 37110 152500 0 102011 29110 76491 15560 14490 146362 46810 56961 28170 25340 16920 52831 56130 122671 38700 166132 99690 23470 
38540 61230 106380 23680 115651 38940 88051 49430 56670 68340 122870 105571 64030 102010 87820 81090 53160 85110 70560 55530 105830 110280 90450 84140 23360 55280 65100 72550 106280 62720 72550 72340 102981 0 129781 41300 112370 99010 62780 80780 47830 126990 90870 118411 53140 59800 43540 65470 69120 97720 124901 
99681 176002 29280 123061 16220 135491 43060 112170 89710 89380 8080 27270 178740 46400 43810 54420 164042 106050 109530 111520 42700 126440 113350 121180 109171 81930 105130 163620 54660 95620 63440 178570 29320 128321 0 102801 27430 37920 173662 68220 83271 21130 46750 14050 79141 81430 148981 64580 192442 122620 6610 
6120 72911 77220 22770 88571 33400 61360 17130 46610 27690 95860 78581 103122 81640 62030 57820 60951 45790 35710 22370 83940 76000 55410 51280 29400 38850 28370 68340 70560 22070 42010 102572 75991 40960 102701 0 83150 68900 70571 71220 21630 97420 67600 91331 23920 44140 46880 38810 87411 64860 97821 
82020 156481 8870 105820 13390 116960 28070 88920 81240 66130 21890 16190 163880 42900 31290 41900 144521 80450 86280 88270 40110 99170 87440 95730 92940 68050 81880 140370 29050 72370 42210 163710 15380 112400 27300 83550 0 15430 150650 61810 66370 14750 38750 16150 61500 67840 130450 48500 176772 95350 22430 
67440 141671 10180 90900 24190 102150 16920 75870 69730 53080 32690 17220 151780 42010 22540 32770 129711 67400 73230 75220 42200 92350 76820 83640 79410 56540 68830 127320 21260 59320 27630 151230 14630 98430 38320 68970 15430 0 137600 58070 52750 29690 30170 26950 47880 56330 115640 36990 156171 88530 33440 
74871 15830 146180 52340 159152 43290 132111 65710 112680 84280 168232 149072 116980 150641 132151 126671 10530 88881 73600 61320 152941 95980 88410 78100 84540 104990 72130 12880 135540 78000 112591 134540 146482 62820 174822 71141 150920 137750 0 139931 90341 163360 136601 161912 94501 110320 27410 109071 41240 88510 169942 
67230 140610 55950 86320 57180 102340 44660 87230 30070 79480 60350 48490 113100 24410 42790 31520 129470 101050 99750 90360 28230 130680 110560 112890 61370 35370 90050 140360 73630 78840 54441 111470 46880 80800 68220 71640 62010 58260 139090 0 49970 74620 28060 57490 51240 30600 112860 42490 148500 122430 63480 
17650 92281 60260 40580 69441 52760 42721 37650 31530 33880 75550 59451 103142 60600 42260 36780 80321 56020 53530 40780 62750 87270 66510 66770 28570 17950 43450 90180 60320 32450 26590 102592 56861 47550 83420 22060 66190 53050 89941 50040 0 80450 46560 72201 7090 22960 66250 19620 106781 77860 78500 
96310 174672 23160 119650 21280 131310 41730 101510 95530 78720 26030 28800 178170 54810 44770 55380 158901 90900 98870 100860 52020 109940 96850 106500 107230 82340 94470 152960 38460 84960 56500 178000 27990 126690 21400 97720 14750 29720 163240 74150 80660 0 52230 22830 75790 82130 144830 62790 191112 106120 24300 
63750 138441 31530 86170 35580 98920 16660 81090 49220 70650 38750 26890 137510 19040 14790 9780 126481 89260 91640 84220 19230 115610 98680 103290 70890 41600 81990 134190 45630 70780 39020 136340 25280 90630 46620 67970 38980 30260 136101 28000 46570 52330 0 35890 44390 37340 112410 31050 152941 110550 41880 
88501 164822 18100 111881 3190 124311 31880 100990 78820 78200 6810 14830 167070 37220 32870 43480 151872 92520 98350 100340 33490 115300 101940 108760 97991 70990 93950 152440 43820 84440 52260 165940 16900 117141 14050 91621 16480 26740 161492 57330 72091 22820 35860 0 67961 70490 137801 53640 181262 111480 7620 
21710 96061 55130 44920 65341 56540 38621 37110 34110 29890 72030 55351 108862 58740 38740 34920 84101 52030 49640 40240 60890 83280 62520 62780 34290 20380 39940 90210 54490 28730 21270 108312 52761 53270 79471 23990 61060 47920 93721 52410 7190 75320 44700 68101 0 25390 70030 15520 110561 73870 74591 
38610 113890 61780 57050 69280 74580 42630 59820 15070 54040 73650 58380 100630 44740 40360 27500 100050 76180 73790 62950 48560 107430 86670 86930 36680 5570 64090 112350 69160 52880 35290 100080 56180 59880 81520 44230 67820 56270 109670 30630 22560 82080 37280 70510 24780 0 83440 22960 126680 98020 76600 
50711 29340 123831 26470 134992 17600 107951 45590 85990 68910 142251 124912 101800 126481 107991 102511 17380 74501 61110 47820 128781 95220 80441 71120 59000 78300 58750 36770 117011 62630 88431 114660 122322 43140 149122 46981 130341 115731 27000 113570 66181 144861 112441 137752 70341 83630 0 84911 43840 84700 144242 
36130 111291 42340 59340 51590 71770 24500 52370 34680 39860 56740 41470 116180 44730 23450 20910 99331 59580 60950 55500 46880 89120 69000 72600 46080 21110 51300 105470 47530 40090 13260 115630 39010 65230 64610 39250 48270 36720 108951 42540 19720 62530 30690 53600 15590 22890 85260 0 125791 80870 59690 
91661 25590 171512 68000 179942 60080 148901 87310 124350 110230 187482 169952 108270 177951 148941 143461 37620 115451 102430 89140 180101 135310 121391 112070 91000 119910 100070 50680 157961 103950 129381 123250 167362 69280 194072 87931 177442 156681 40910 149180 107131 192022 153391 182702 111291 125240 44260 125861 0 125650 189192 
70590 102250 93610 74160 108740 71260 94950 49970 106970 45940 117240 102140 160980 125980 101990 102750 96950 23250 30630 43330 126170 14030 13940 14370 93220 93240 40280 81390 67880 47440 72990 166392 99550 97300 122950 65020 95320 88450 88820 124140 77470 106120 111550 111500 74060 98250 84750 82940 125281 0 117780 
94971 171292 24570 118351 9780 130781 38350 107460 84770 84670 3650 21400 173720 42970 38820 49430 158342 101340 104820 106810 39270 121540 108450 116470 104461 76940 100420 158910 50060 90910 58730 171890 23470 123611 6610 98091 22720 33210 168952 63280 78440 24040 41810 7610 74431 76440 144271 59590 187732 117720 0 

0 Ciudad_0 0 0 32400 0
1 Ciudad_1 101 6066 9471 202
2 Ciudad_2 453 21489 25401 906
3 Ciudad_3 447 2452 6585 894
4 Ciudad_4 303 6162 8689 606
5 Ciudad_5 638 4529 6967 1276
6 Ciudad_6 469 2661 5661 938
7 Ciudad_7 449 8242 11267 898
8 Ciudad_8 333 14035 16380 666
9 Ciudad_9 686 11068 15171 1372
10 Ciudad_10 307 7104 9621 614
11 Ciudad_11 557 7221 10320 1114
12 Ciudad_12 638 9370 14056 1276
13 Ciudad_13 132 24449 28379 264
14 Ciudad_14 247 21754 26427 494
15 Ciudad_15 240 3240 6078 480
16 Ciudad_16 377 5327 8812 754
17 Ciudad_17 339 3758 6799 678
18 Ciudad_18 330 16006 20642 660
19 Ciudad_19 724 10265 13276 1448
20 Ciudad_20 506 21763 24066 1012
21 Ciudad_21 289 19343 21868 578
22 Ciudad_22 291 21053 25150 582
23 Ciudad_23 172 14678 18988 344
24 Ciudad_24 770 23800 27299 1540
25 Ciudad_25 305 20784 23986 610
26 Ciudad_26 800 20740 23259 1600
27 Ciudad_27 251 6016 9773 502
28 Ciudad_28 368 11007 15131 736
29 Ciudad_29 296 15389 19103 592
30 Ciudad_30 723 2220 6049 1446
31 Ciudad_31 129 8940 11880 258
32 Ciudad_32 704 20455 23190 1408
33 Ciudad_33 611 19379 22089 1222
34 Ciudad_34 313 6454 8490 626
35 Ciudad_35 320 7237 10652 640
36 Ciudad_36 440 13186 16239 880
37 Ciudad_37 735 19570 23037 1470
38 Ciudad_38 516 14396 17768 1032
39 Ciudad_39 323 18839 21313 646
40 Ciudad_40 128 21055 24185 256
41 Ciudad_41 446 3888 8657 892
42 Ciudad_42 387 11562 15422 774
43 Ciudad_43 183 22357 27095 366
44 Ciudad_44 172 1580 3675 344
45 Ciudad_45 503 2304 6025 1006
46 Ciudad_46 700 17455 22399 1400
47 Ciudad_47 617 17987 21166 1234
48 Ciudad_48 495 11662 14244 990
49 Ciudad_49 678 8896 13887 1356
50 Ciudad_50 329 16521 21072 658

0 -0.0686671 0.0720767 -0.0796712 -0.0649882 0.0261999 -0.0450877 0.0505592 0.0779646 -0.0559628 0.0332745 -0.0169539 -0.0208853 0.0746036 -0.0764795 0.0507061 -0.0983513 -0.0667085 0.0267559 -0.0199169 0.0867168 -0.0532247 0.0242852 -0.0794951 -0.0721918 0.0189553 -0.0308281 0.0412504 0.0348985 -0.0706714 -0.0743341 -0.0896895 -0.0710974 0.0941324 -0.0561115 0.0574763 -0.0128277 0.00638796 0.0761945 0.0169788 0.00631051 -0.0051795 0.0399709 0.0162361 -0.0533248 0.0218914 -0.0414726 0.0958325 -0.0888152 0.0440819 -0.0042064 
0.0686671 0 0.0545926 -0.00197853 0.0310385 0.0877915 -0.089102 0.0214157 -0.0396489 -0.00886117 -0.0188404 -0.0193895 -0.0124773 -0.0877235 0.00436413 0.0176358 0.0207346 0.00762968 -0.0513952 -0.0197946 -0.0989022 -0.0131923 0.0872633 0.0837518 -0.0868344 0.0230775 -0.073871 -0.0204946 -0.0148495 -0.00636192 -0.0451537 -0.0724606 -0.0499877 0.00283816 0.0387847 0.0739465 -0.0239398 0.0766927 0.063772 0.0549793 0.0469885 -0.0567549 -0.040056 0.073593 -0.0219529 0.0472204 0.0419701 -0.0145188 -0.0667057 -0.0173408 0.0263976 
-0.0720767 -0.0545926 0 -0.0660577 0.0939239 0.0322669 0.0318401 -0.0523904 -0.0416477 -0.031139 -0.0193026 0.0628856 0.081577 -0.0950958 -0.0454067 -0.0496799 -0.00738962 0.0982439 0.0530386 0.0262201 -0.086048 0.0187933 -0.0795637 0.0767207 -0.0938864 -0.0844927 -0.0381017 0.0928401 -0.0560897 0.013475 -0.0842223 -0.031799 -0.019883 0.0954359 -0.0118418 -0.0434283 -0.0792415 -0.0489564 -0.00254595 0.0168303 -0.047984 -0.00923646 -0.0153572 0.0198816 -0.012658 0.045434 0.0904594 -0.0379862 -0.0555091 0.0301432 0.0338152 
0.0796712 0.00197853 0.0660577 0 0.0910875 -0.0313436 0.061205 -0.0912961 0.0361955 0.0310747 -0.0870055 -0.0972959 0.0480677 0.00393572 0.00335199 0.0113233 -0.0623554 -0.0143611 -0.0723571 0.0999792 0.0805206 -0.0599281 0.0249402 0.0775587 -0.0710713 0.0222715 -0.0673393 0.0968107 0.00661141 0.0830106 0.00408989 -0.0912417 -0.0169979 0.0292642 -0.0398255 0.0806276 0.0909733 -0.0939793 -0.0460707 -0.000769319 0.0732233 0.0135139 -0.0257604 0.0290742 0.0685855 -0.0337211 0.0401606 -0.0806288 0.0580017 0.0138245 0.0624924 
0.0649882 -0.0310385 -0.0939239 -0.0910875 0 0.0114152 0.00794126 -0.091507 -0.03423 0.0664168 0.0992226 0.0696401 -0.00488623 0.069217 0.0366258 -0.0598544 -0.0970265 0.0680211 0.0339272 0.0125486 -0.0365745 0.0261006 0.0795596 0.0805977 -0.00863053 -0.0825522 -0.0493635 -0.0462996 -0.0301705 0.0204704 0.0717951 -0.0970586 0.00600335 0.0808174 0.0661125 -0.09102 0.0787714 0.00647203 -0.0601996 -0.00212488 -0.00267503 0.0681746 -0.0596767 0.0622352 0.0266487 -0.0800951 -0.0314208 -0.0938433 0.094941 -0.0547306 -0.0541615 
-0.0261999 -0.0877915 -0.0322669 0.0313436 -0.0114152 0 0.0809604 0.0200419 -0.0603513 -0.0116874 -0.0436358 -0.0255662 0.0565521 0.0888414 0.0300675 0.0390605 -0.0398936 -0.0472392 0.0435918 -0.043613 0.00283395 0.00442354 -0.0887142 -0.0130427 0.0895314 0.0798467 0.0882812 0.0483537 -0.0994842 0.0278385 0.0530978 -0.0475272 0.0786479 -0.0428931 0.0475486 0.0258916 -0.093412 0.0630558 -0.0550453 0.0123691 0.0334177 0.0099142 0.0117807 -0.0539578 -0.014767 -0.00453638 -0.0794171 -0.0364372 -0.0724223 -0.0127435 0.053334 
0.0450877 0.089102 -0.0318401 -0.061205 -0.00794126 -0.0809604 0 -0.0482999 0.000668258 0.068993 0.0692158 0.0488671 -0.00429944 0.0807741 -0.0359126 -0.0865744 -0.0622053 0.0884168 0.0139022 -0.0947134 0.00438439 -0.0142173 0.0118271 -0.0967064 0.0776786 -0.0382429 0.0477252 -0.0378386 -0.0154789 0.00894257 -0.0289403 -0.0982003 -0.0996609 0.0332597 0.0368849 -0.0320903 -0.0410217 -0.0251482 0.0953202 0.0501107 0.0995149 -0.0159028 -0.0133071 0.0110258 -0.0892032 -0.0392077 -0.0214969 0.0542323 -0.0949023 0.0266461 -0.0225298 
-0.0505592 -0.0214157 0.0523904 0.0912961 0.091507 -0.0200419 0.0482999 0 -0.0940207 -0.0840067 -0.0882122 0.00190898 0.0118998 -0.0645109 0.0861986 -0.00117369 0.0645355 0.0856591 -0.0320377 -0.0112187 -0.0639147 -0.0933544 0.0239111 -0.0237926 -0.0848764 -0.0912062 -0.0581168 -0.0963315 0.0293224 0.0244655 -0.0462736 0.036349 0.0244099 -0.045522 -0.0140606 -0.0759652 -0.0238188 0.0463912 0.0337834 -0.0350972 0.0713707 -0.0304751 -0.0957908 0.0721598 -0.0254476 -0.0715994 -0.0383289 -0.0259532 0.0172241 -0.056429 0.0352617 
-0.0779646 0.0396489 0.0416477 -0.0361955 0.03423 0.0603513 -0.000668258 0.0940207 0 0.0621711 0.00290944 -0.0216133 -0.0501246 -0.0547078 0.0332159 0.075129 0.0108218 -0.0101228 0.0289005 0.0599691 -0.0301287 0.0255733 0.0627004 0.024254 -0.0332474 -0.0179926 0.0253334 -0.0230977 -0.0667186 -0.0233323 0.0811534 -0.0487384 0.00806123 -0.0914757 -0.00390432 -0.00556973 -0.00625058 0.0307859 -0.0706638 -0.0533825 0.0708796 -0.00111105 0.0499989 -0.0404715 0.0804032 0.0549096 0.0117009 -0.0320277 -0.0953062 -0.0491674 -0.0485105 
0.0559628 0.00886117 0.031139 -0.0310747 -0.0664168 0.0116874 -0.068993 0.0840067 -0.0621711 0 0.0957127 -0.0935208 0.0867949 -0.089053 -0.0145246 -0.0278543 -0.0977524 -0.0570441 -0.0209522 -0.0864837 0.0271656 -0.0858937 0.0749818 0.0327006 0.0249487 -0.0409775 0.0813514 0.0650733 0.0185349 -0.0958216 0.0707374 -0.0105246 -0.0584917 0.0848147 0.0878838 -0.025191 -0.0959582 -0.00346038 0.0750504 -0.0421483 -0.0395702 -0.0976913 0.0670619 0.0452634 0.0075397 0.0585959 0.0337839 0.0540679 -0.0474803 0.0032672 -0.0615436 
-0.0332745 0.0188404 0.0193026 0.0870055 -0.0992226 0.0436358 -0.0692158 0.0882122 -0.00290944 -0.0957127 0 0.0144294 -0.0726495 -0.0707967 -0.0847072 0.00304995 -0.0668153 0.0352348 -0.0663539 0.0741672 0.0250672 -0.0396904 0.0278981 -0.092297 -0.0622309 -0.0239212 -0.0123936 0.0533039 -0.0559626 -0.00407813 0.0777661 -0.00706628 0.0783299 -0.0682969 -0.0804716 -0.0117711 -0.0784263 -0.0335162 -0.0998341 0.0851566 -0.0815575 0.0223391 -0.00704735 -0.0576843 0.058465 0.00951585 0.0995278 -0.0656451 -0.0268509 -0.0699223 -0.0214297 
0.0169539 0.0193895 -0.0628856 0.0972959 -0.0696401 0.0255662 -0.0488671 -0.00190898 0.0216133 0.0935208 -0.0144294 0 0.062529 -0.0582245 0.041448 0.0200815 -0.0903011 -0.0775592 -0.024085 -0.00489242 0.0908 -0.0115736 -0.0405229 0.0636809 0.0300042 0.0276625 0.0834599 -0.0323021 0.0305776 -0.000508457 -0.0248071 0.0784506 0.00569472 -0.0469633 -0.0356913 -0.0373357 0.0490866 0.0754732 -0.00163855 -0.0611442 -0.0528298 0.0369117 -0.0802105 -0.00711858 -0.0392129 -0.0976076 0.0396421 -0.00807859 0.0563688 0.0940241 -0.0659624 
0.0208853 0.0124773 -0.081577 -0.0480677 0.00488623 -0.0565521 0.00429944 -0.0118998 0.0501246 -0.0867949 0.0726495 -0.062529 0 0.0865234 0.0162398 -0.0728862 0.085727 -0.0773278 -0.0944393 0.0641055 -0.0732216 -0.0466229 -0.0339896 0.0403689 0.0573532 -0.0315998 0.0272248 0.0610131 -0.0926628 -0.0230105 0.0983156 0.0363056 -0.0641576 -0.0511143 -0.0826314 0.0742309 0.0685773 0.0031277 -0.02047 0.0465719 0.0736948 -0.0995596 0.0925657 0.0351452 -0.0699121 -0.0404448 -0.0580129 0.0310596 0.0698998 -0.0753613 0.0857808 
-0.0746036 0.0877235 0.0950958 -0.00393572 -0.069217 -0.0888414 -0.0807741 0.0645109 0.0547078 0.089053 0.0707967 0.0582245 -0.0865234 0 -0.00349321 0.0530676 -0.0507676 0.046586 -0.0919119 -0.0807155 0.0698269 -0.00706267 0.0291253 0.0360883 -0.0428716 -0.00631485 -0.0173056 0.0861736 -0.0459949 0.0870567 -0.0560405 0.0798543 0.0151716 -0.0837286 -0.0935966 -0.084515 0.0414918 0.0710395 -0.0186567 -0.0746446 0.00716426 0.0824536 0.060858 0.0363691 -0.0382054 -0.0821525 0.0940327 -0.00700978 0.0741449 0.0234919 0.0104512 
0.0764795 -0.00436413 0.0454067 -0.00335199 -0.0366258 -0.0300675 0.0359126 -0.0861986 -0.0332159 0.0145246 0.0847072 -0.041448 -0.0162398 0.00349321 0 -0.0635124 -0.0282153 0.0934444 -0.0790674 0.0844867 -0.0386685 -0.00730123 0.0255615 -0.0119975 0.0788207 -0.00244324 -0.0780492 0.040752 0.0872328 0.0838564 0.040712 0.0633263 -0.041038 0.038628 -0.0173026 -0.0593083 -0.0758645 0.0853694 0.014613 -0.030169 -0.0496226 -0.0470269 0.00796725 -0.0139766 0.0337707 -0.0434717 -0.0513426 -0.0125099 -0.00729266 -0.0246489 -0.093789 
-0.0507061 -0.0176358 0.0496799 -0.0113233 0.0598544 -0.0390605 0.0865744 0.00117369 -0.075129 0.0278543 -0.00304995 -0.0200815 0.0728862 -0.0530676 0.0635124 0 0.00341087 -0.013473 0.082897 0.0551481 -0.0366417 0.0424355 -0.0906968 -0.0437858 0.0915373 0.0775015 -0.0979078 0.0716753 -0.0555406 -0.0971947 0.0493511 -0.0864991 -0.0545487 0.0797915 -0.0621573 0.0082165 0.0972718 0.0367804 -0.0590348 -0.00198118 -0.0954964 -0.0362661 0.0979832 -0.0888848 0.0337355 0.0495777 -0.0511099 -0.0149615 -0.0273838 -0.0270281 0.0126858 
0.0983513 -0.0207346 0.00738962 0.0623554 0.0970265 0.0398936 0.0622053 -0.0645355 -0.0108218 0.0977524 0.0668153 0.0903011 -0.085727 0.0507676 0.0282153 -0.00341087 0 0.0358867 -0.070791 -0.0502369 -0.0841295 -0.0869119 -0.000356338 -0.0862834 -0.0577708 0.0326721 -0.0935171 -0.00690147 -0.0925543 0.0934214 -0.0317306 0.0455269 -0.0597025 -0.0576798 -0.0972972 0.0653672 0.0808344 0.0387018 0.0586875 -0.0519635 -0.0317059 -0.0876221 -0.0437182 0.038811 0.0584312 0.0370061 0.00889142 0.0185366 0.0786418 0.0180379 -0.0214212 
0.0667085 -0.00762968 -0.0982439 0.0143611 -0.0680211 0.0472392 -0.0884168 -0.0856591 0.0101228 0.0570441 -0.0352348 0.0775592 0.0773278 -0.046586 -0.0934444 0.013473 -0.0358867 0 0.0507144 0.0790621 0.033688 -0.00549389 0.0206057 -0.0890946 0.0983345 0.0800146 -0.078112 -0.0672289 -0.0914024 0.0209307 -0.0721639 0.0321942 0.0373664 -0.0288735 -0.0687967 0.0202442 -0.0959167 0.0114835 -0.099401 -0.0762378 -0.0765384 -0.0939978 0.0356624 0.0323211 -0.00483632 -0.0850428 -0.0651006 0.0861984 -0.0790559 -0.0147455 -0.0504471 
-0.0267559 0.0513952 -0.0530386 0.0723571 -0.0339272 -0.0435918 -0.0139022 0.0320377 -0.0289005 0.0209522 0.0663539 0.024085 0.0944393 0.0919119 0.0790674 -0.082897 0.070791 -0.0507144 0 0.0915167 -0.0333244 -0.0540654 0.0130418 0.0368471 0.091463 0.0970869 0.0409862 -0.0617111 -0.0301698 -0.0990327 -0.0111528 0.0328994 0.0515351 -0.0847109 -0.00607547 -0.0227351 -0.0219924 -0.071848 0.00151811 0.00873235 -0.055035 -0.0366783 0.0481082 -0.0342332 0.0340963 -0.078074 -0.0916397 0.0328527 -0.00649045 -0.0679009 0.056867 
0.0199169 0.0197946 -0.0262201 -0.0999792 -0.0125486 0.043613 0.0947134 0.0112187 -0.0599691 0.0864837 -0.0741672 0.00489242 -0.0641055 0.0807155 -0.0844867 -0.0551481 0.0502369 -0.0790621 -0.0915167 0 -0.0672063 -0.0825347 -0.0229252 -0.0711874 -0.0147924 0.00348648 0.0740552 -0.030145 0.0338151 -0.0484324 0.0675018 -0.019505 -0.0222359 -0.0937569 0.0690729 0.0101606 -0.0942588 -0.0216777 0.00593906 0.0967633 -0.0728132 -0.0275537 -0.0526798 0.0821872 -0.0640787 -0.0976935 0.0441397 0.0927695 0.0230385 0.0688043 0.0447271 
-0.0867168 0.0989022 0.086048 -0.0805206 0.0365745 -0.00283395 -0.00438439 0.0639147 0.0301287 -0.0271656 -0.0250672 -0.0908 0.0732216 -0.0698269 0.0386685 0.0366417 0.0841295 -0.033688 0.0333244 0.0672063 0 -0.0557726 -0.0690961 0.0956815 -0.0443066 0.012445 0.0311138 -0.0187718 -0.00190067 -0.0348095 0.0404366 -0.0423344 0.078486 0.0338599 -0.02631 0.0826962 0.0552491 -0.0604089 -0.0794939 -0.0415832 -0.041439 -0.0176244 -0.0454776 -0.0468383 -0.0715642 0.0733751 0.0289549 0.0654283 0.0696619 0.0005429 0.050549 
0.0532247 0.0131923 -0.0187933 0.0599281 -0.0261006 -0.00442354 0.0142173 0.0933544 -0.0255733 0.0858937 0.0396904 0.0115736 0.0466229 0.00706267 0.00730123 -0.0424355 0.0869119 0.00549389 0.0540654 0.0825347 0.0557726 0 -0.0134373 0.0177286 0.0875071 0.0405152 0.0676079 0.055548 -0.0199043 0.0647684 -0.0625762 -0.0494251 0.057938 -0.0516044 0.0883654 -0.0923999 0.0421074 0.0117958 -0.040248 -0.092728 -0.0495432 0.0328298 -0.029889 -0.0401839 -0.0458454 0.0955128 0.0928127 0.000291872 0.0333423 -0.081478 0.0835802 
-0.0242852 -0.0872633 0.0795637 -0.0249402 -0.0795596 0.0887142 -0.0118271 -0.0239111 -0.0627004 -0.0749818 -0.0278981 0.0405229 0.0339896 -0.0291253 -0.0255615 0.0906968 0.000356338 -0.0206057 -0.0130418 0.0229252 0.0690961 0.0134373 0 0.0288255 0.0246674 0.0293151 -0.0466436 0.053668 0.0427073 0.0379178 -0.0468812 -0.0316449 0.0132391 -0.0220992 0.0409032 0.0322162 0.0677282 -0.0938545 0.0374877 0.0706324 0.0206737 0.0297234 0.0516161 0.00561854 -0.0608524 -0.0225296 -0.0436014 -0.0643723 0.00964897 -0.066891 -0.0501314 
0.0794951 -0.0837518 -0.0767207 -0.0775587 -0.0805977 0.0130427 0.0967064 0.0237926 -0.024254 -0.0327006 0.092297 -0.0636809 -0.0403689 -0.0360883 0.0119975 0.0437858 0.0862834 0.0890946 -0.0368471 0.0711874 -0.0956815 -0.0177286 -0.0288255 0 -0.0957601 -0.0943407 -0.00234786 0.0069206 -0.0744221 0.0154122 -0.0726439 -0.0257266 -0.091912 -0.0802793 0.0494289 -0.0426173 -0.0647935 -0.0360791 -0.0917396 0.0805724 -0.0243517 0.0281914 -0.0885157 -0.0159011 -0.0357851 0.0270843 -0.0721925 0.00267624 -0.0202611 0.014399 0.0633817 
0.0721918 0.0868344 0.0938864 0.0710713 0.00863053 -0.0895314 -0.0776786 0.0848764 0.0332474 -0.0249487 0.0622309 -0.0300042 -0.0573532 0.0428716 -0.0788207 -0.0915373 0.0577708 -0.0983345 -0.091463 0.0147924 0.0443066 -0.0875071 -0.0246674 0.0957601 0 0.0679658 0.0337074 0.0388478 0.00181007 -0.0564427 -0.0981904 0.0689397 0.0219573 0.0366223 -0.0414127 -0.0771791 0.0385259 0.0132544 0.0164028 0.0608933 -0.0775787 -0.0818477 -0.0872248 -0.0279539 0.000855582 -0.00846202 0.0297521 0.0105274 0.0685416 -0.0230395 0.0384311 
-0.0189553 -0.0230775 0.0844927 -0.0222715 0.0825522 -0.0798467 0.0382429 0.0912062 0.0179926 0.0409775 0.0239212 -0.0276625 0.0315998 0.00631485 0.00244324 -0.0775015 -0.0326721 -0.0800146 -0.0970869 -0.00348648 -0.012445 -0.0405152 -0.0293151 0.0943407 -0.0679658 0 0.016563 0.0294982 -0.00398797 -0.0741715 0.0990176 0.0356159 0.0687609 0.0556695 -0.0675065 0.0199147 0.0808067 0.0406755 -0.0732907 0.0255865 0.0111768 0.0267241 0.00248943 0.0929738 0.098338 0.087888 -0.0536734 -0.019677 0.0981256 0.0817749 -0.0961896 
0.0308281 0.073871 0.0381017 0.0673393 0.0493635 -0.0882812 -0.0477252 0.0581168 -0.0253334 -0.0813514 0.0123936 -0.0834599 -0.0272248 0.0173056 0.0780492 0.0979078 0.0935171 0.078112 -0.0409862 -0.0740552 -0.0311138 -0.0676079 0.0466436 0.00234786 -0.0337074 -0.016563 0 0.0361977 0.0414865 0.0961337 -0.0537451 0.0279172 0.0622892 -0.0247056 -0.0279262 0.0810297 -0.061566 -0.0968953 -0.0196011 -0.0435322 0.0203509 0.0359438 0.00923247 -0.00437247 -0.0202873 0.00983392 0.00720703 0.0378792 -0.0892627 0.0486662 0.0725922 
-0.0412504 0.0204946 -0.0928401 -0.0968107 0.0462996 -0.0483537 0.0378386 0.0963315 0.0230977 -0.0650733 -0.0533039 0.0323021 -0.0610131 -0.0861736 -0.040752 -0.0716753 0.00690147 0.0672289 0.0617111 0.030145 0.0187718 -0.055548 -0.053668 -0.0069206 -0.0388478 -0.0294982 -0.0361977 0 -0.0675001 -0.0203281 0.0675763 -0.0913916 0.0625075 0.0477596 -0.0642281 0.0559874 -0.0598147 -0.0253398 -0.0447063 -0.0997639 0.0924254 -0.0910338 0.00248529 0.0911315 0.0215999 0.0513403 -0.00737966 -0.0784459 0.00989695 -0.0782462 0.0368067 
-0.0348985 0.0148495 0.0560897 -0.00661141 0.0301705 0.0994842 0.0154789 -0.0293224 0.0667186 -0.0185349 0.0559626 -0.0305776 0.0926628 0.0459949 -0.0872328 0.0555406 0.0925543 0.0914024 0.0301698 -0.0338151 0.00190067 0.0199043 -0.0427073 0.0744221 -0.00181007 0.00398797 -0.0414865 0.0675001 0 -0.0305033 0.0739478 0.0220565 -0.0567406 0.0246918 -0.0771061 0.0686355 -0.0669306 -0.0797835 0.0353914 -0.0839558 -0.021227 0.0136859 -0.011096 0.0387648 -0.0614467 0.0787575 0.0728967 0.0378051 0.0275445 0.0785993 -0.0362736 
0.0706714 0.00636192 -0.013475 -0.0830106 -0.0204704 -0.0278385 -0.00894257 -0.0244655 0.0233323 0.0958216 0.00407813 0.000508457 0.0230105 -0.0870567 -0.0838564 0.0971947 -0.0934214 -0.0209307 0.0990327 0.0484324 0.0348095 -0.0647684 -0.0379178 -0.0154122 0.0564427 0.0741715 -0.0961337 0.0203281 0.0305033 0 0.0816435 0.00826625 0.00433277 0.0512862 0.0772424 -0.0415075 -0.00504005 0.000880252 0.0617503 0.0150286 -0.0488954 0.0372429 0.0186873 -0.0952018 -0.0238437 0.0896069 -0.019177 -0.086794 0.021159 -0.0591869 -0.0724323 
0.0743341 0.0451537 0.0842223 -0.00408989 -0.0717951 -0.0530978 0.0289403 0.0462736 -0.0811534 -0.0707374 -0.0777661 0.0248071 -0.0983156 0.0560405 -0.040712 -0.0493511 0.0317306 0.0721639 0.0111528 -0.0675018 -0.0404366 0.0625762 0.0468812 0.0726439 0.0981904 -0.0990176 0.0537451 -0.0675763 -0.0739478 -0.0816435 0 -0.0969348 0.0612582 -0.0376888 -0.0366512 -0.00266717 0.0401585 0.0171203 -0.0519188 -0.086659 -0.0266944 0.0358508 -0.057436 0.0705922 -0.0379203 0.071178 -0.010754 0.0520902 -0.00149898 -0.0469905 -0.0134139 
0.0896895 0.0724606 0.031799 0.0912417 0.0970586 0.0475272 0.0982003 -0.036349 0.0487384 0.0105246 0.00706628 -0.0784506 -0.0363056 -0.0798543 -0.0633263 0.0864991 -0.0455269 -0.0321942 -0.0328994 0.019505 0.0423344 0.0494251 0.0316449 0.0257266 -0.0689397 -0.0356159 -0.0279172 0.0913916 -0.0220565 -0.00826625 0.0969348 0 0.0339419 0.0627811 0.071397 0.0828061 0.0889014 0.0557409 -0.0544581 0.00731656 -0.0510022 0.0300571 -0.0832231 0.0417921 0.0502642 -0.0608531 0.0319578 0.0596563 0.0900414 0.0570788 0.0254734 
0.0710974 0.0499877 0.019883 0.0169979 -0.00600335 -0.0786479 0.0996609 -0.0244099 -0.00806123 0.0584917 -0.0783299 -0.00569472 0.0641576 -0.0151716 0.041038 0.0545487 0.0597025 -0.0373664 -0.0515351 0.0222359 -0.078486 -0.057938 -0.0132391 0.091912 -0.0219573 -0.0687609 -0.0622892 -0.0625075 0.0567406 -0.00433277 -0.0612582 -0.0339419 0 0.0175323 0.0879592 0.0780616 0.0704268 0.0442195 0.0785593 0.0995941 -0.0959542 0.0726961 0.0540559 -0.0996201 0.0975056 0.0561539 0.0189977 0.0297032 -0.00457417 0.0177711 -0.0376018 
-0.0941324 -0.00283816 -0.0954359 -0.0292642 -0.0808174 0.0428931 -0.0332597 0.045522 0.0914757 -0.0848147 0.0682969 0.0469633 0.0511143 0.0837286 -0.038628 -0.0797915 0.0576798 0.0288735 0.0847109 0.0937569 -0.0338599 0.0516044 0.0220992 0.0802793 -0.0366223 -0.0556695 0.0247056 -0.0477596 -0.0246918 -0.0512862 0.0376888 -0.0627811 -0.0175323 0 0.0519336 -0.052874 0.0301682 0.0965354 -0.0966928 0.00270559 0.0833352 0.0179572 0.0394068 -0.0543885 0.0600975 0.0543279 -0.0490874 -0.0271066 -0.0359644 0.0739222 -0.0697242 
0.0561115 -0.0387847 0.0118418 0.0398255 -0.0661125 -0.0475486 -0.0368849 0.0140606 0.00390432 -0.0878838 0.0804716 0.0356913 0.0826314 0.0935966 0.0173026 0.0621573 0.0972972 0.0687967 0.00607547 -0.0690729 0.02631 -0.0883654 -0.0409032 -0.0494289 0.0414127 0.0675065 0.0279262 0.0642281 0.0771061 -0.0772424 0.0366512 -0.071397 -0.0879592 -0.0519336 0 0.0247817 0.0973699 0.0747305 0.0115537 -0.0813124 -0.0354035 0.0175574 -0.0285558 0.0702566 -0.0115612 -0.0860537 -0.0457537 -0.0672718 0.0176836 -0.0161547 -0.0664889 
-0.0574763 -0.0739465 0.0434283 -0.0806276 0.09102 -0.0258916 0.0320903 0.0759652 0.00556973 0.025191 0.0117711 0.0373357 -0.0742309 0.084515 0.0593083 -0.0082165 -0.0653672 -0.0202442 0.0227351 -0.0101606 -0.0826962 0.0923999 -0.0322162 0.0426173 0.0771791 -0.0199147 -0.0810297 -0.0559874 -0.0686355 0.0415075 0.00266717 -0.0828061 -0.0780616 0.052874 -0.0247817 0 0.0894366 -0.0877322 -0.0120386 -0.000707225 0.0999805 -0.0330185 0.0839646 0.0916817 0.0452185 -0.0885788 -0.0798328 0.0709933 -0.0103259 0.0398305 -0.0690216 
0.0128277 0.0239398 0.0792415 -0.0909733 -0.0787714 0.093412 0.0410217 0.0238188 0.00625058 0.0959582 0.0784263 -0.0490866 -0.0685773 -0.0414918 0.0758645 -0.0972718 -0.0808344 0.0959167 0.0219924 0.0942588 -0.0552491 -0.0421074 -0.0677282 0.0647935 -0.0385259 -0.0808067 0.061566 0.0598147 0.0669306 0.00504005 -0.0401585 -0.0889014 -0.0704268 -0.0301682 -0.0973699 -0.0894366 0 0.0524597 -0.012081 0.0946716 0.0874494 0.0138928 0.0935341 -0.0731201 0.0191937 0.0821012 0.000964995 0.0449816 -0.0965788 0.0492234 -0.0502972 
-0.00638796 -0.0766927 0.0489564 0.0939793 -0.00647203 -0.0630558 0.0251482 -0.0463912 -0.0307859 0.00346038 0.0335162 -0.0754732 -0.0031277 -0.0710395 -0.0853694 -0.0367804 -0.0387018 -0.0114835 0.071848 0.0216777 0.0604089 -0.0117958 0.0938545 0.0360791 -0.0132544 -0.0406755 0.0968953 0.0253398 0.0797835 -0.000880252 -0.0171203 -0.0557409 -0.0442195 -0.0965354 -0.0747305 0.0877322 -0.0524597 0 -0.0288254 0.0526605 0.0782093 -0.0357663 0.0606441 -0.0615546 -0.000949722 -0.0330658 0.0841075 -0.0741106 0.0891222 0.0194412 -0.0822695 
-0.0761945 -0.063772 0.00254595 0.0460707 0.0601996 0.0550453 -0.0953202 -0.0337834 0.0706638 -0.0750504 0.0998341 0.00163855 0.02047 0.0186567 -0.014613 0.0590348 -0.0586875 0.099401 -0.00151811 -0.00593906 0.0794939 0.040248 -0.0374877 0.0917396 -0.0164028 0.0732907 0.0196011 0.0447063 -0.0353914 -0.0617503 0.0519188 0.0544581 -0.0785593 0.0966928 -0.0115537 0.0120386 0.012081 0.0288254 0 -0.0130866 0.0639765 0.0506021 0.0612653 -0.00719772 -0.0750798 -0.0993713 -0.0185761 -0.0613977 -0.00718698 0.0845745 0.0704433 
-0.0169788 -0.0549793 -0.0168303 0.000769319 0.00212488 -0.0123691 -0.0501107 0.0350972 0.0533825 0.0421483 -0.0851566 0.0611442 -0.0465719 0.0746446 0.030169 0.00198118 0.0519635 0.0762378 -0.00873235 -0.0967633 0.0415832 0.092728 -0.0706324 -0.0805724 -0.0608933 -0.0255865 0.0435322 0.0997639 0.0839558 -0.0150286 0.086659 -0.00731656 -0.0995941 -0.00270559 0.0813124 0.000707225 -0.0946716 -0.0526605 0.0130866 0 -0.0647232 -0.046156 0.0462619 -0.0718355 -0.0229276 -0.0402908 -0.0883381 0.0671793 0.0739459 0.069259 0.0789702 
-0.00631051 -0.0469885 0.047984 -0.0732233 0.00267503 -0.0334177 -0.0995149 -0.0713707 -0.0708796 0.0395702 0.0815575 0.0528298 -0.0736948 -0.00716426 0.0496226 0.0954964 0.0317059 0.0765384 0.055035 0.0728132 0.041439 0.0495432 -0.0206737 0.0243517 0.0775787 -0.0111768 -0.0203509 -0.0924254 0.021227 0.0488954 0.0266944 0.0510022 0.0959542 -0.0833352 0.0354035 -0.0999805 -0.0874494 -0.0782093 -0.0639765 0.0647232 0 0.0543843 -0.0553168 0.0878001 -0.0349293 -0.0883262 0.0275391 -0.0889777 0.0263015 0.0715644 0.0890505 
