50

16000 4500

30 55 80

5

0 69360 53760 67470 21010 80400 80420 73990 59010 58440 73320 8790 83380 92260 73170 48280 64580 73390 96760 79120 17280 80320 78590 71950 39510 57140 65350 86140 74960 53960 81140 55800 64030 88710 88080 76330 44910 30890 79510 86690 61320 89800 67280 96180 64920 49980 76600 99690 95030 17980 92510 
68440 0 68821 86840 51370 115411 36290 25180 81250 13940 108580 75860 41110 58580 47290 43450 115080 28780 131011 23260 55820 126490 33490 108950 31670 18950 73630 52330 39930 18870 26010 25380 16000 26480 122611 83220 27210 59930 19530 24380 21920 80900 26220 62500 21960 62450 122770 134641 43130 58930 44470 
53790 68331 0 19280 51460 47851 59681 60621 13690 58091 120830 61770 57980 53130 43740 26090 58280 55891 63451 89081 64030 61061 58301 121200 65880 59710 12020 51930 49791 73310 69331 45631 54261 80071 55051 24880 71000 71300 81461 75261 49521 38170 54641 56960 82340 7240 61160 67081 77081 67280 70140 
67130 86680 19340 0 66110 32420 75820 78971 9410 76440 135480 72300 72270 66220 58030 44440 48310 74241 47200 107430 78680 45630 75580 135850 82390 78060 18660 65990 66790 91660 87681 63980 72611 98421 38800 19330 87510 85950 99811 93611 67871 37760 72991 70050 100690 26260 48660 50830 94360 80830 84430 
20760 51550 51310 66220 0 88690 62840 56410 57920 40860 69630 28750 65800 75701 56611 32210 75600 55810 104810 61310 15720 89680 61010 70000 21980 39330 59070 69581 57380 36150 63560 38220 46450 70900 96410 70230 27100 20980 61700 69110 43740 77870 49700 79621 47110 44720 85960 108440 77450 18830 74930 
80270 115151 47811 32380 88860 0 105811 107442 34531 104912 152210 83360 102261 97190 88021 72911 27420 102712 19810 135902 96580 14380 105122 150770 105140 106531 49910 96211 96612 119310 116152 92452 101082 126892 10150 49080 110260 108700 128282 122082 96342 67510 101462 101020 129161 54731 18860 23300 123902 97280 114421 
79690 34820 59571 75730 62640 105791 0 11470 71630 36690 127580 87680 7390 25950 20250 39600 116330 9330 121391 52230 73310 119001 3050 127950 58260 41700 58400 19700 10240 50110 20270 30830 25480 32240 112991 63950 53910 77420 41010 29050 21600 51470 16070 28920 53680 54341 119100 125021 21420 76420 17190 
73250 23930 60401 78691 56200 107262 11540 0 73101 26700 119980 81240 16360 34360 25350 38670 113760 7180 122862 41880 66870 120472 8740 120350 48270 31710 64190 28110 16990 39640 9920 23860 16230 22940 114462 70710 43920 70980 30660 19750 14620 59880 8610 38280 42790 55171 120180 126492 21890 69980 20060 
58950 80970 13630 9620 58030 34531 71630 73261 0 70730 127400 63790 68080 63130 53840 38730 46340 68531 50131 101721 70600 47741 70941 127770 74310 72350 16480 62030 62431 85950 81971 58270 66901 92711 41731 22050 79430 77870 94101 87901 62161 40390 67281 66960 94980 20550 47840 53761 89721 72650 80240 
58280 13940 58471 76450 41230 105021 36610 26650 70860 0 98870 66150 40650 54720 39870 33060 102390 29330 120621 34650 46110 113800 34780 99240 21960 5400 63240 48600 36090 18040 29800 14990 11660 36410 112221 72830 18420 50220 30960 31600 17280 71280 22920 58640 25020 52060 110080 124251 47680 49220 46280 
72960 108580 121750 136800 69850 152340 125880 119450 128500 98890 0 75700 128840 138691 119601 100700 136520 118850 168700 118340 59190 152260 124050 7600 78730 96360 129650 132571 120420 93180 126510 101170 109130 127930 160020 140810 84130 48960 118730 126580 106690 147600 112740 142611 104140 114080 148540 171630 140490 55800 137970 
8980 75930 61330 72540 28630 83490 88040 81610 64040 66060 75600 0 91000 99880 80790 55900 65800 81010 99850 85690 23850 83410 86210 74160 46080 63710 72920 93760 82580 60530 88760 63420 71650 95280 91170 83900 51480 37300 86080 93930 68940 97370 74900 103800 71490 57550 79590 102780 102650 24540 100130 
82930 39650 58250 72460 65880 102521 7400 16300 68360 41410 130820 90920 0 20850 19170 39940 114220 14160 118121 57060 76550 115731 7880 131190 62980 46420 55130 14490 10890 54830 24780 34090 30200 36560 109721 60420 58630 80660 45740 33370 26320 47940 20900 22830 58510 53261 115830 121751 22950 79660 12540 
91271 57220 53120 66150 74221 97291 25960 34200 63130 54900 139141 99261 20970 0 22280 44040 108990 30170 111750 74960 84871 110501 27200 139511 75600 58320 49360 7010 19290 68910 43000 44570 44280 56020 103350 51780 72060 88981 63740 52830 40400 34100 35480 4990 75210 52020 110600 115380 42160 87981 30020 
72511 46880 43830 58040 55461 88101 20050 25070 53940 39950 120381 80501 19050 22340 0 25280 99800 19830 103701 65560 66111 101311 18950 120751 60680 43400 40710 16740 10160 57380 33870 27490 33380 46890 95301 46760 57140 70221 54340 43700 28640 38820 24930 26260 64310 38601 101410 107331 37730 69221 31210 
47900 43230 26250 44460 32670 73031 39090 38720 38870 32990 100770 55890 39880 44410 25320 0 78580 34190 88631 63980 45240 85610 37330 101140 43830 34970 31250 38290 30990 48570 45870 20530 29890 56610 80231 42410 48000 51770 57870 51800 26050 46600 32010 48330 57600 19570 82860 92261 56110 48490 51880 
64580 114580 57820 47910 75700 27140 115850 113630 45940 102330 136520 65800 113480 108530 99240 78130 0 111710 40410 132560 80890 20910 114470 135080 93230 103480 61880 107430 105960 107400 120780 95440 104800 131520 31780 65080 98350 94500 131600 126710 100960 83510 106920 112360 118360 62720 16190 41840 133250 81590 125640 
72690 27870 55761 74051 55640 102622 9210 7600 68461 29690 119420 80680 14030 30120 19830 34260 112290 0 118222 46550 66310 115832 7380 119790 51260 34700 59140 23870 11470 43110 17190 23830 18480 30210 109822 65190 46910 70420 35330 27020 14600 55500 8240 34040 46730 50531 115931 121852 24670 69420 21930 
96610 131281 63940 47550 105390 19680 121940 123571 50801 121040 168550 99700 118390 111990 104150 89040 40130 118841 0 152031 112920 21980 121251 167110 121670 122660 65830 111760 112741 135840 132281 108580 117211 143021 11460 63880 126790 125330 144411 138211 112471 82310 117591 115820 145430 70860 26700 4200 140031 113620 130550 
78530 23260 89591 107610 61460 136452 52150 41730 102020 34560 118670 85950 56970 74970 65580 64220 132730 46070 152052 0 65910 146810 49350 119040 41760 36240 94400 68720 57220 25710 34870 46150 36770 25020 143652 103990 37300 70020 13980 27560 42690 100490 45930 78890 15210 83220 143090 155682 43810 69020 57670 
16730 55940 64130 79040 15720 96470 73010 66580 70740 46250 59090 24150 75970 85821 66731 45030 80750 65980 112830 65700 0 96390 71180 59460 26090 43720 71890 79701 67550 40540 73730 48390 56350 75290 104150 83050 31490 15110 66090 73940 53910 90880 59870 89741 51500 57540 92670 115760 87620 3750 85100 
80180 126130 61021 45590 89830 14380 119021 120652 47741 113880 152120 83270 115471 110400 101231 85740 20670 115922 22000 146690 96490 0 118332 150680 107360 115030 63120 109421 109822 121530 129362 105661 114292 140102 17590 62290 112480 109380 141492 135292 109552 80720 114672 114230 132490 67941 5200 23430 137112 97190 127631 
77860 32020 58451 75770 60810 105312 3060 8670 71151 34790 125750 85850 7880 27190 19130 37840 115210 7500 120912 49430 71480 118522 0 126120 56360 39800 58440 20940 10770 47730 17470 29000 23650 29950 112512 64490 52010 75590 38210 26760 19770 52710 14240 30160 50880 53221 118621 124542 19130 74590 14900 
72040 108870 122040 137090 70140 151010 126170 119740 128790 99180 7260 74370 129130 138981 119891 100990 135190 119140 167370 118630 59480 150930 124340 0 79020 96650 129940 132861 120710 93470 126800 101460 109420 128220 158690 141100 84420 49250 119020 126870 106980 147890 113030 142901 104430 114370 147210 170300 140780 56090 138260 
38690 31980 65960 82760 22020 105230 58330 48370 74460 22290 78830 46110 62370 75680 60870 43360 93290 51050 121350 41740 26070 107370 56500 79200 0 19760 73420 69560 57050 16580 50620 35990 33570 51330 112950 84580 6590 30180 42130 49980 39190 89020 44640 79600 27540 59280 103650 124980 68500 29180 68000 
56610 19050 60730 79020 39540 107591 41920 31960 73430 5690 96750 64030 45960 58270 43460 35620 103700 34640 123191 36360 43990 115110 40090 97120 19840 0 65870 52150 39640 16540 35110 18580 16970 41720 114791 76420 16300 48100 35390 36910 22590 74870 28230 62190 24890 54050 111390 126821 52990 47100 51590 
65400 73460 12040 18460 59440 49880 58290 64170 16660 63220 128810 73380 54740 49210 40500 31380 62520 58930 65210 94210 72010 63090 58050 129180 73630 65270 0 48690 49260 78870 72970 50760 59700 85510 56810 15380 78300 79280 86900 80700 54960 30020 59230 53040 87900 17800 63830 68840 76830 75260 66900 
85391 51240 51950 65830 68341 96221 19980 28220 62060 48980 133261 93381 14630 6970 16790 38160 107920 24190 111430 68980 78991 109431 21220 133631 69680 52400 48830 0 13370 62930 37020 38650 38300 50040 103030 51460 66140 83101 57760 46850 34420 38600 29500 10890 69230 48460 109530 115060 37200 82101 26280 
74600 38950 49781 67100 57550 96642 10150 17140 62481 36090 122490 82590 10790 19520 10460 31230 106540 11900 112242 57630 68220 109852 11020 122860 56790 39510 49770 13400 0 50420 25940 25760 25790 38960 103842 55820 53250 72330 46410 35770 21910 44940 17000 23440 56720 44551 109951 115872 29760 71330 22950 
53240 18460 73920 92210 36170 119380 49830 38980 86620 17710 93380 60660 53870 68720 56830 48810 107440 42550 135500 25980 40620 121520 47290 93750 16470 15630 79060 62470 49840 0 39810 31950 25920 37760 127100 89790 12010 44730 28560 36410 31840 88240 36140 72640 11780 67240 117800 139130 56010 43730 58270 
80490 25220 69081 87371 63440 115942 20420 10010 81781 30230 126870 88480 24550 43250 34240 45910 121000 16850 131542 34840 74110 129152 17630 127240 51410 35240 73550 37000 25880 40930 0 31100 21030 13540 123142 79600 46950 78220 22720 10350 20860 68770 18340 46950 40080 63851 127420 135172 19810 77220 24570 
55440 25160 46271 64250 38390 92821 30890 24020 58660 14920 101820 63430 33850 45080 27670 20860 95950 23730 108421 45910 49060 105900 29060 102190 35650 18370 51040 38960 25820 32350 31170 0 13880 41910 100021 60630 32110 53170 42180 37100 11350 59080 17310 49000 39690 39860 102370 112051 45060 52170 42540 
63950 16000 54611 72901 46900 101472 25690 16250 67311 11730 109880 71940 29730 44580 33080 29940 105030 18410 117072 36750 57120 114682 23860 110250 33300 16740 59710 38330 25700 26130 20860 13860 0 30450 108672 69020 29760 61230 29540 25640 6920 66690 12000 48500 32430 48940 111450 120702 38050 60230 35880 
87970 26350 79951 98241 70900 126812 32210 22980 92651 36190 128110 95390 36270 56220 47210 56780 131870 29820 142412 24920 75350 140022 29980 128480 51200 41200 85050 49970 38850 38400 13490 41970 30560 0 134012 92570 46740 79460 12800 6690 31730 81740 31310 58710 36860 74721 138290 146042 20260 78460 35560 
88030 122480 55140 38750 96590 10010 113140 114771 42001 112241 159970 91120 109590 103190 95350 80240 32150 110041 11460 143231 104340 17610 112451 158530 112870 113860 57030 102960 103941 127040 123481 99780 108411 134221 0 55080 117990 116430 135611 129411 103671 73510 108791 107020 136490 62060 22340 14950 131231 105040 121750 
77010 82780 24880 19250 70580 49070 63810 70160 22040 72540 140000 84560 60140 51550 46550 42520 65500 64920 63480 103530 83150 62280 64040 140370 84770 75990 15310 51320 55250 89970 78960 60080 68880 91980 55080 0 89440 90470 96080 88790 64140 20150 68220 55380 97310 30500 65310 67110 82710 86400 72300 
44290 27330 71160 87960 27220 110430 53680 43720 79660 18770 84430 51710 57720 72160 57350 48560 98490 46400 126550 37090 31670 112570 51850 84800 6610 16240 78620 66040 53530 12050 45970 32470 29770 46680 118150 89780 0 35780 37480 45330 35670 88760 39990 76080 22890 64480 108850 130180 63850 34780 63350 
31090 60510 71950 86860 21780 109330 77720 71290 78560 50820 49430 38240 80680 90531 71441 52540 95110 70690 125530 70270 16000 110180 75890 49800 30660 48290 79710 84411 72260 45110 78440 53100 61060 79860 117050 90870 36060 0 70660 78510 58620 98700 64580 94451 56070 65360 106460 129160 92330 13930 89810 
78860 19470 81021 99311 61790 127882 41000 30580 93721 30920 119000 86280 45570 63820 54430 57690 132060 34920 143482 13990 66240 141092 38200 119370 42090 35400 86120 57570 46070 29290 22790 42360 29560 12940 135082 95430 37630 70350 0 15480 34120 89340 34780 67740 26840 75791 139200 147112 31730 69350 45590 
86520 24040 75111 93401 69470 121972 29060 19830 87811 31350 126820 94100 33120 53070 44060 51940 127030 26670 137572 27520 74060 135182 26830 127190 49910 36360 80210 46820 35700 37110 10340 37130 25720 6660 129172 89420 45450 78170 15400 0 26890 78590 26630 55560 35570 69881 133450 141202 21450 77170 33140 
60700 21750 49311 67601 43650 96172 21620 14640 62011 17210 107080 68690 25660 40510 27780 26120 101210 14350 111772 42500 54320 109382 19790 107450 38780 22220 54410 34260 21630 31880 20900 11310 6930 31640 103372 63720 35240 58430 34450 26830 0 61390 7930 44430 38180 44081 107630 115402 35680 57430 33160 
89790 81140 37910 37670 77890 67490 51700 59940 40410 70900 147490 97770 47840 34090 38790 46590 83920 55640 81900 100700 90690 80700 52940 147860 89350 74350 30000 38510 44600 88330 68740 58440 67210 81760 73500 20140 88090 97960 89480 78570 62470 0 60740 37190 95670 39690 83730 85530 70410 93940 60000 
66650 26400 54521 72811 49600 101382 16050 8630 67221 23110 113380 74640 20730 35580 25060 32070 107160 7850 116982 46060 60270 114592 14220 113750 44680 28120 58310 29330 16700 36530 18280 17260 11900 31300 108582 67620 40330 64380 34840 26630 8020 60730 0 39500 42830 49291 113580 120612 29180 63380 26660 
95251 61200 57010 70040 78201 101181 28790 38090 67020 58880 143121 103241 22740 4890 26260 48020 112880 34150 115640 78850 88851 114391 30030 143491 79580 62300 53250 10990 23270 72890 46750 48550 48260 58830 107240 55670 76040 92961 67630 55640 44380 37150 39460 0 79190 55910 114490 119270 42050 91961 29910 
64440 21990 82900 101190 47370 129761 53640 42530 95600 24990 104580 71860 58460 75300 63790 57790 118640 46130 145401 15170 51820 132720 50840 104950 27670 24430 88040 69050 56420 11620 40010 39820 32500 36910 136961 97660 23210 55930 26780 35560 38420 96110 42720 79220 0 76220 129000 149031 55160 54930 61080 
50120 62140 7250 26210 44870 54781 54421 55361 20620 51900 113580 58100 53421 52110 38861 19500 63260 50631 70381 82890 57440 67991 53041 113950 59290 53120 17830 48470 44531 66720 64071 39440 48800 74811 61981 30580 64410 64710 76201 70001 44261 39810 49381 55940 75750 0 66980 74011 71821 60690 65581 
76420 122370 61110 48630 86070 18850 119110 120140 47830 110120 148360 79510 115560 110610 101320 82880 15890 116011 26680 142930 92730 5190 118421 146920 103600 111270 63630 109510 109911 117770 127290 101950 111310 138030 22310 65330 108720 105620 139290 133220 107470 83760 113430 114440 128730 66940 0 27160 137201 93430 127720 
99460 134971 67630 51240 109080 23110 125630 127261 54491 124730 171400 102550 122080 115680 107840 92730 41610 122531 4260 155721 115770 23460 124941 169960 125360 126350 69520 115450 116431 139530 135971 112271 120901 146711 14890 67570 130480 128820 148101 141901 116161 86000 121281 119510 149120 74550 27880 0 143721 116470 134240 
94330 42250 77411 94730 77280 124272 21470 21840 90111 48110 141060 102320 22970 42030 38090 56800 134170 24330 139872 43670 87950 137482 19240 141430 69140 53120 77400 37040 29730 56340 19810 44940 37970 20320 131472 82970 64680 92060 31550 21080 35700 70490 29190 42020 54800 72181 137581 143502 0 91060 16080 
17500 59130 67320 81030 18910 97340 76200 69770 72570 49440 55680 24690 79160 89011 69921 48310 81520 69170 113700 68890 3730 97260 74370 56050 29280 46910 75170 82891 70740 43730 76920 51580 59540 78480 105020 86330 34680 13250 69280 77130 57100 94160 63060 92931 54690 60820 93540 116630 90810 0 88290 
91950 43530 70400 84610 74900 114671 17200 20180 80510 46300 139840 99940 12580 29660 31320 52090 126370 21950 130271 57660 85570 127881 14970 140210 67870 51310 67280 26240 23040 59240 24580 42560 35830 36000 121871 72570 63520 89680 45540 33170 33320 60090 26810 29650 61130 65411 127980 133901 16090 88680 0 

0 Ciudad_0 0 0 32400 0
1 Ciudad_1 807 20932 24337 1614
2 Ciudad_2 484 10657 14569 968
3 Ciudad_3 535 18248 22381 1070
4 Ciudad_4 625 20279 22806 1250
5 Ciudad_5 704 5668 8106 1408
6 Ciudad_6 166 12070 15070 332
7 Ciudad_7 205 19737 22762 410
8 Ciudad_8 664 5577 7922 1328
9 Ciudad_9 302 6408 10511 604
10 Ciudad_10 353 4329 6846 706
11 Ciudad_11 408 18887 21986 816
12 Ciudad_12 117 8758 13444 234
13 Ciudad_13 350 7045 10975 700
14 Ciudad_14 654 19744 24417 1308
15 Ciudad_15 214 17668 20506 428
16 Ciudad_16 712 24639 28124 1424
17 Ciudad_17 485 5818 8859 970
18 Ciudad_18 282 10889 15525 564
19 Ciudad_19 273 15598 18609 546
20 Ciudad_20 795 14838 17141 1590
21 Ciudad_21 340 19277 21802 680
22 Ciudad_22 271 8312 12409 542
23 Ciudad_23 418 13599 17909 836
24 Ciudad_24 311 4209 7708 622
25 Ciudad_25 363 15967 19169 726
26 Ciudad_26 253 14278 16797 506
27 Ciudad_27 553 9031 12788 1106
28 Ciudad_28 282 12250 16374 564
29 Ciudad_29 684 7382 11096 1368
30 Ciudad_30 259 9669 13498 518
31 Ciudad_31 803 21535 24475 1606
32 Ciudad_32 526 8447 11182 1052
33 Ciudad_33 234 7539 10249 468
34 Ciudad_34 670 13298 15334 1340
35 Ciudad_35 284 9528 12943 568
36 Ciudad_36 102 22351 25404 204
37 Ciudad_37 497 13770 17237 994
38 Ciudad_38 230 5664 9036 460
39 Ciudad_39 593 9579 12053 1186
40 Ciudad_40 330 5110 8240 660
41 Ciudad_41 537 13759 18528 1074
42 Ciudad_42 370 6225 10085 740
43 Ciudad_43 270 20545 25283 540
44 Ciudad_44 177 27172 29267 354
45 Ciudad_45 533 21853 25574 1066
46 Ciudad_46 528 11507 16451 1056
47 Ciudad_47 353 12559 15738 706
48 Ciudad_48 814 16806 19388 1628
49 Ciudad_49 326 6216 11207 652
50 Ciudad_50 522 12107 16658 1044

0 0.0306207 0.00883997 -0.0336517 -0.0380592 0.0685457 0.0270404 -0.0293026 0.0347816 0.0256674 -0.023023 -0.0223652 -0.0935315 -0.0100167 -0.0649984 0.0065889 0.0846688 0.0637909 -0.0315282 0.0487011 0.00810178 0.0493682 -0.0475507 0.0383395 -0.0736094 0.0578799 0.0111857 0.0404257 -0.00528017 0.00914716 -0.0793779 0.00981059 0.0987247 0.0707651 -0.0086503 -0.0607898 0.00611358 -0.0184418 -0.00468727 -0.0139884 -0.0381069 -0.0201058 0.0795193 -0.0105317 0.0658258 0.0551878 0.0787039 0.0242074 -0.0248223 -0.0724588 -0.0878254 
-0.0306207 0 -0.0473471 0.0168858 0.045159 0.0336745 0.0121851 0.0230594 -0.00664857 -0.0679477 -0.0155751 -0.066247 0.0352843 0.0834578 -0.0226905 0.0306895 0.00718227 -0.0388405 0.0916588 -0.0899683 -0.00225844 -0.00766359 0.0569466 -0.0507836 -0.06047 0.00742877 0.0986537 0.0994223 0.0537918 -0.0556373 -0.0299699 0.0067727 0.0260501 0.0978317 0.0446041 0.0445529 -0.087393 0.095982 0.0420913 -0.0684381 0.0775208 0.0206974 0.0323647 0.0298037 -0.0883558 -0.0676652 0.0105483 0.0188159 3.33678e-05 0.0248489 0.0606001 
-0.00883997 0.0473471 0 -0.0925352 -0.0382956 -0.0186723 0.063124 0.0515348 -0.000315165 -0.0386889 -0.0851444 -0.0896429 -0.0546041 -0.000232611 -0.0074341 0.0635706 0.0604258 -0.0105523 0.0805977 -0.0970242 0.0823033 0.0807602 0.0586182 0.0173898 -0.0949309 0.00135401 -0.0150623 0.0958409 -0.0320801 -0.0957297 0.0696017 0.0123488 0.0322737 -0.023975 0.0233134 -0.00652484 -0.0124701 -0.0216544 0.013215 -0.0768059 0.0404701 -0.0561396 -0.0561121 -0.0922367 -0.0492 0.0717107 -0.0157922 -0.0907546 -0.0866041 -0.0268652 -0.00858356 
0.0336517 -0.0168858 0.0925352 0 0.0424299 -0.0918133 -0.0151257 0.0864236 0.0509625 -0.0695495 -0.0738677 -0.0901778 -0.0195931 0.0881723 0.0909985 -0.0630098 0.0146215 0.0092469 -0.0483994 0.00156219 0.0388634 -0.0325655 0.0904961 -0.0837858 0.0731506 0.0496785 0.0259657 -0.0472345 0.0317475 0.0478608 -0.0657103 0.0050627 0.0547616 0.0153434 0.00444379 -0.0776621 -0.0400533 -0.0640734 -0.0545024 0.0991098 -0.0710322 0.0751925 -0.0991526 -0.0918344 0.0787589 0.01565 -0.0571835 0.0836167 0.0164311 -0.0930866 0.0104807 
0.0380592 -0.045159 0.0382956 -0.0424299 0 -0.0273495 -0.00571968 0.0793836 0.0264027 -0.0634595 -0.0769252 0.0441004 0.045755 -0.0576535 0.0536724 0.00600704 0.0856808 -0.0569069 0.0863533 0.0094082 0.092022 0.0560081 0.0869469 -0.0176191 -0.0731181 -0.0591596 0.0634638 0.000455818 0.0674356 0.0878345 -0.0877438 -0.068513 -0.00279062 0.018266 -0.0971696 -0.0263 0.091249 0.0455266 0.0970395 -0.055117 0.0947853 -0.0501897 0.0946265 0.082847 0.0865681 0.0975688 0.00460063 0.0418793 -0.0557011 0.0563411 0.0822082 
-0.0685457 -0.0336745 0.0186723 0.0918133 0.0273495 0 0.0133381 0.022427 -0.095115 0.0126006 -0.0222485 0.0660057 -0.0737058 0.0804333 0.0435236 -0.0128137 -0.00259869 -0.0584399 -0.0456676 0.0970761 -0.0842179 -0.0276255 0.0241128 -0.0194773 -0.0720001 -0.0547911 0.00739388 -0.0148871 -0.00047267 -0.0475365 -0.0515244 -0.0730394 -0.0467284 -0.0175765 -0.0893723 0.000636085 -0.0630746 0.017888 -0.096355 0.0554612 -0.0615018 0.022427 0.0770901 -0.0458073 0.0783352 0.00885228 -0.0239108 -0.0422571 0.0029235 -0.0703721 -0.0738192 
-0.0270404 -0.0121851 -0.063124 0.0151257 0.00571968 -0.0133381 0 -0.00594788 0.0659791 0.0731238 0.0197838 0.0298709 0.0848338 -0.0171536 0.0794511 -0.0821152 0.0941446 -0.0629285 -0.0947199 -0.0826127 0.00838389 -0.0548276 0.0605545 -0.000266848 0.046948 0.0897222 0.068553 0.0405804 -0.0609232 0.0994619 -0.0469442 0.078319 -0.0506268 -0.081098 0.0437633 0.0493429 -0.0877167 0.0541493 0.0434521 -0.0537209 -0.050382 0.0623578 -0.0756233 0.0493206 0.0492151 -0.0209532 0.0403335 0.0553585 0.0465815 -0.0369811 -0.0319628 
0.0293026 -0.0230594 -0.0515348 -0.0864236 -0.0793836 -0.022427 0.00594788 0 0.0333046 -0.0143358 -0.0625381 -0.0416948 -0.0363005 -0.0918815 0.0816784 0.0360676 -0.0296586 -0.0210609 -0.0902293 -0.0392356 0.0892415 0.0649899 0.0169546 -0.0293478 0.0164579 0.096171 -0.0361253 -0.0852939 0.0185657 0.0251356 -0.0673006 0.0406066 0.0570536 0.028577 0.0645997 -0.0314555 -0.00661789 -0.0530711 -0.0222403 0.094195 -0.0756346 0.0342616 0.0865682 0.0148637 0.0614067 -0.065776 -0.0834884 -0.0343582 0.0931283 -0.0637765 -0.0573997 
-0.0347816 0.00664857 0.000315165 -0.0509625 -0.0264027 0.095115 -0.0659791 -0.0333046 0 0.0902629 -0.0220173 -0.0167209 -0.0591776 -0.0409771 -0.00693424 0.0158634 0.0517445 0.0414985 -0.0792655 -0.0174927 -0.0698033 0.0687065 0.0356888 -0.0775005 -0.0159576 0.0947647 -0.00892175 -0.0338816 0.0819058 0.0752247 -0.0511798 -0.0459655 0.00794681 -0.0767868 0.0194732 0.0416999 0.0921356 0.0524195 -0.0337296 0.0663974 0.0800436 -0.0383287 0.0312001 0.0928148 -0.00750914 -0.0714652 -0.0196464 0.0648142 0.0794973 -0.0713836 0.0975588 
-0.0256674 0.0679477 0.0386889 0.0695495 0.0634595 -0.0126006 -0.0731238 0.0143358 -0.0902629 0 -0.0568276 0.0965965 0.0445849 0.0281131 0.0451719 0.0836066 -0.0899352 0.044582 -0.0455034 0.0969499 -0.0216472 0.023997 0.0417308 0.0893254 0.0772923 -0.0616275 -0.0919996 -0.0216526 0.0333946 -0.0980834 0.00835944 -0.0590695 -0.0337428 0.0974381 0.00420528 0.0180183 -0.0137452 0.085795 -0.0696744 -0.0124641 -0.0558055 -0.0715889 0.0513062 -0.048608 0.0434897 -0.0641824 -0.0143683 -0.0889955 -0.0981235 -0.0952316 -0.0973323 
0.023023 0.0155751 0.0851444 0.0738677 0.0769252 0.0222485 -0.0197838 0.0625381 0.0220173 0.0568276 0 0.00153319 -0.0128589 -0.0603692 0.0290558 0.0619336 -0.084577 -0.0408259 0.0207208 -0.0106478 -0.00136937 0.0305715 0.015921 0.00522982 -0.0756634 -0.0565434 -0.0851134 -0.0299778 0.067101 0.0507666 0.0450114 0.0544156 0.0635785 0.000342419 -0.0716084 -0.0842464 0.00117408 -0.0497948 0.00955288 0.0137839 -0.00692325 0.0870324 -0.0981661 0.00272945 -0.0350653 0.0914632 -0.0351262 0.0320673 0.0372354 0.0877261 -0.0558325 
0.0223652 0.066247 0.0896429 0.0901778 -0.0441004 -0.0660057 -0.0298709 0.0416948 0.0167209 -0.0965965 -0.00153319 0 -0.00756336 -0.0381532 -0.0501211 0.0369265 0.048612 0.0907439 -0.00191898 0.0577001 -0.0730549 -0.0826053 0.0634034 -0.045954 0.0488585 -0.00135557 -0.0102939 -0.0841573 -0.0792364 -0.0668452 0.0905128 0.000733668 -0.0484064 0.096258 -0.0375049 -0.0253377 0.0971911 -0.0459518 0.00956935 0.0135109 -0.0620979 0.0953873 0.0929529 0.0966524 -0.0507099 0.0835637 -0.0531377 -0.0928111 0.0386582 -0.0652349 -0.0527244 
0.0935315 -0.0352843 0.0546041 0.0195931 -0.045755 0.0737058 -0.0848338 0.0363005 0.0591776 -0.0445849 0.0128589 0.00756336 0 0.0936641 0.0461999 0.0930063 0.0335256 0.0015841 -0.0525292 -0.0488614 0.00434054 -0.0849138 -0.0290916 0.039717 -0.0628139 -0.0550984 -0.0400852 -0.0856393 -0.087358 -0.00883707 -0.0486924 -0.0205264 -0.0347717 0.0369652 -0.0881623 -0.0415807 -0.0818926 0.0152295 -0.0663811 0.0517677 -0.011675 -0.0286968 -0.0432486 0.00831845 -0.00373255 -0.0815222 -0.0580764 -0.00487117 -0.00865325 0.0826745 -0.042542 
0.0100167 -0.0834578 0.000232611 -0.0881723 0.0576535 -0.0804333 0.0171536 0.0918815 0.0409771 -0.0281131 0.0603692 0.0381532 -0.0936641 0 -0.00227466 -0.00971369 -0.0896165 0.0937561 -0.0847554 -0.0793721 -0.0506501 -0.0184649 -0.0759816 -0.0812965 -0.032067 0.0597566 -0.073191 0.00189419 0.0481844 0.0778166 -0.0944693 -0.0510023 0.0479668 -0.0432829 0.0725043 -0.0943405 -0.060346 -0.0509896 0.0078753 0.0572639 -0.0889402 0.0636454 -0.0794093 -0.0110994 -0.027883 -0.0539605 -0.0790809 0.0762561 0.0357054 -0.0738857 0.0753593 
0.0649984 0.0226905 0.0074341 -0.0909985 -0.0536724 -0.0435236 -0.0794511 -0.0816784 0.00693424 -0.0451719 -0.0290558 0.0501211 -0.0461999 0.00227466 0 -0.0221978 -0.0505925 0.0346092 0.0786678 -0.0272836 -0.0784226 0.0141932 -0.0063764 0.0594976 0.0803783 -0.0265312 -0.0546332 0.000756424 -0.0679138 0.0520296 0.0997378 0.0837446 0.0116183 0.0195468 0.0248878 0.00270539 -0.0634863 -0.0963207 0.0329323 0.073935 -0.0526778 -0.0231486 0.0371779 -0.00628999 -0.00595397 0.0335681 -0.0720031 -0.0329522 0.0662021 0.0499242 0.0668638 
-0.0065889 -0.0306895 -0.0635706 0.0630098 -0.00600704 0.0128137 0.0821152 -0.0360676 -0.0158634 -0.0836066 -0.0619336 -0.0369265 -0.0930063 0.00971369 0.0221978 0 -0.0619199 0.0736848 -0.0727638 0.0489139 0.017738 -0.0691861 -0.0399493 0.0467621 0.0540235 0.0790236 0.0450871 -0.0294101 -0.0253774 0.00548906 0.0285824 -0.0235007 -0.0127524 -0.0952977 -0.0102947 -0.0495381 0.0339992 -0.0186412 0.056784 -0.0311217 -0.00184 0.0437727 -0.0516555 -0.00272541 0.0867799 0.00532164 0.0247393 -0.0320718 0.0197031 -0.0157588 0.0125782 
-0.0846688 -0.00718227 -0.0604258 -0.0146215 -0.0856808 0.00259869 -0.0941446 0.0296586 -0.0517445 0.0899352 0.084577 -0.048612 -0.0335256 0.0896165 0.0505925 0.0619199 0 0.0634158 0.0961208 -0.0680913 0.0770551 0.0554903 0.0870891 -0.0893928 -0.0103935 -0.0278782 0.0995712 -0.0458461 -0.0723984 0.0251736 0.0625979 0.0523587 0.00856015 -0.0536062 0.0308535 0.0876095 0.0171062 0.0209665 0.0689272 0.0305839 -0.0652975 -0.0116089 0.0490787 0.0657851 0.0586685 0.00154498 -0.0490511 0.0434408 -0.0524288 0.0977931 -0.0402637 
-0.0637909 0.0388405 0.0105523 -0.0092469 0.0569069 0.0584399 0.0629285 0.0210609 -0.0414985 -0.044582 0.0408259 -0.0907439 -0.0015841 -0.0937561 -0.0346092 -0.0736848 -0.0634158 0 0.0302803 -0.0697685 0.0136801 0.0531387 0.0844961 0.0415587 -0.0170035 -0.0826362 0.0188767 0.0934289 -0.011257 -0.0249141 0.0996952 -0.0160013 0.0326289 -0.0610994 0.034979 0.0393296 0.0999387 -0.0899118 -0.0385621 -0.091097 -0.0246645 -0.0505575 -0.0734915 -0.0558322 -0.0572137 0.010681 -0.0515131 -0.0656656 0.0990051 -0.0158924 0.0595598 
0.0315282 -0.0916588 -0.0805977 0.0483994 -0.0863533 0.0456676 0.0947199 0.0902293 0.0792655 0.0455034 -0.0207208 0.00191898 0.0525292 0.0847554 -0.0786678 0.0727638 -0.0961208 -0.0302803 0 0.0186906 -0.0741104 -0.079243 0.0272642 0.0904793 -0.0429886 0.0140802 0.0918495 -0.090597 -0.099358 0.0108989 0.0428279 0.00989989 0.0244117 -0.0927583 0.0115423 0.0302927 -0.0479665 -0.0412028 0.0210065 0.0951404 0.0480985 0.0876733 0.0058674 -0.0514589 -0.0952305 0.0241231 0.0289234 -0.00242642 -0.0266472 0.0947709 -0.0343069 
-0.0487011 0.0899683 0.0970242 -0.00156219 -0.0094082 -0.0970761 0.0826127 0.0392356 0.0174927 -0.0969499 0.0106478 -0.0577001 0.0488614 0.0793721 0.0272836 -0.0489139 0.0680913 0.0697685 -0.0186906 0 -0.0895884 -0.0328989 0.064307 0.0969842 -0.0545607 -0.0919977 -0.0279994 0.0537396 -0.0674237 0.0250644 0.01315 0.0135525 -0.0866195 -0.0821649 0.0527418 0.0240613 -0.0526661 0.0354786 0.0398755 0.0651991 0.029498 -0.0381584 -0.0658927 0.0152042 0.0380691 0.0625215 0.064943 0.0474648 0.0559172 0.0844165 -0.085364 
-0.00810178 0.00225844 -0.0823033 -0.0388634 -0.092022 0.0842179 -0.00838389 -0.0892415 0.0698033 0.0216472 0.00136937 0.0730549 -0.00434054 0.0506501 0.0784226 -0.017738 -0.0770551 -0.0136801 0.0741104 0.0895884 0 0.0554436 0.0930311 -0.0538932 -0.0763929 0.0404876 -0.0561133 0.0523549 -0.0207345 0.0428391 0.0238242 -0.0443861 -0.0698609 0.0325877 0.0288839 -0.00158011 -0.0576109 0.0818375 0.0970645 0.0645133 -0.0791451 0.0794963 -0.0652032 0.0598273 0.0529352 -0.0651346 -0.00679104 0.0699193 0.0376497 0.092444 0.0542621 
-0.0493682 0.00766359 -0.0807602 0.0325655 -0.0560081 0.0276255 0.0548276 -0.0649899 -0.0687065 -0.023997 -0.0305715 0.0826053 0.0849138 0.0184649 -0.0141932 0.0691861 -0.0554903 -0.0531387 0.079243 0.0328989 -0.0554436 0 0.0911509 8.76467e-05 -0.0977366 -0.0648593 -0.0291277 0.0109934 0.0831143 0.075804 -0.004037 -0.0536748 0.0618751 -0.0972477 0.080335 -0.0463278 0.0739023 0.05427 0.0124982 -0.0412902 -0.0163949 0.00750351 0.0134772 0.0199845 0.00472635 -0.0548333 -0.00253805 -0.0380372 0.00787779 -0.0930924 -0.0411765 
0.0475507 -0.0569466 -0.0586182 -0.0904961 -0.0869469 -0.0241128 -0.0605545 -0.0169546 -0.0356888 -0.0417308 -0.015921 -0.0634034 0.0290916 0.0759816 0.0063764 0.0399493 -0.0870891 -0.0844961 -0.0272642 -0.064307 -0.0930311 -0.0911509 0 -0.062713 -0.00248029 -0.0639703 0.027384 0.0032098 -0.076313 -0.0710531 0.0719666 -0.0987555 0.0335792 -0.0170992 0.00870912 0.0674481 -0.00950394 -0.024793 -0.0677928 -0.0124084 -0.0222895 0.0457508 -0.039858 -0.0359031 0.0406602 0.0423751 0.0694438 -0.00786409 -0.00278892 -0.0122116 0.00593062 
-0.0383395 0.0507836 -0.0173898 0.0837858 0.0176191 0.0194773 0.000266848 0.0293478 0.0775005 -0.0893254 -0.00522982 0.045954 -0.039717 0.0812965 -0.0594976 -0.0467621 0.0893928 -0.0415587 -0.0904793 -0.0969842 0.0538932 -8.76467e-05 0.062713 0 -0.0294265 -0.00419021 -0.00600577 0.0992116 -0.0969953 0.0466007 0.0820935 -0.0696192 0.0895751 0.0786167 0.00262123 0.0172986 0.010742 -0.0953101 -0.0882156 0.0684085 -0.0268255 0.0883985 0.0464236 -0.0960744 0.0729295 -0.0851248 -0.0404046 -0.0926058 0.0983389 -0.0450559 0.0446456 
0.0736094 0.06047 0.0949309 -0.0731506 0.0731181 0.0720001 -0.046948 -0.0164579 0.0159576 -0.0772923 0.0756634 -0.0488585 0.0628139 0.032067 -0.0803783 -0.0540235 0.0103935 0.0170035 0.0429886 0.0545607 0.0763929 0.0977366 0.00248029 0.0294265 0 -0.0156424 0.0453318 -0.0597925 0.0611919 -0.0646363 -0.00996206 0.0779559 -0.00690578 -0.0519515 -0.0411563 -0.0696048 0.0765895 -0.0292349 0.058713 -0.00636178 -0.046563 0.0237494 -0.0447609 0.0116311 -0.0842556 0.0822355 -0.0678012 -0.0763173 -0.0677494 0.0237665 0.0512983 
-0.0578799 -0.00742877 -0.00135401 -0.0496785 0.0591596 0.0547911 -0.0897222 -0.096171 -0.0947647 0.0616275 0.0565434 0.00135557 0.0550984 -0.0597566 0.0265312 -0.0790236 0.0278782 0.0826362 -0.0140802 0.0919977 -0.0404876 0.0648593 0.0639703 0.00419021 0.0156424 0 -0.0697552 0.0249396 0.0350376 0.0769305 0.0555882 -0.0184192 -0.00786362 0.0651997 0.0453813 0.020196 0.0413759 -0.0775496 -0.0558198 0.0870827 0.0609346 0.0783258 -0.0745367 0.0686967 0.0715158 0.00823545 0.0889978 -0.0451984 0.059315 -0.0480714 0.0639401 
-0.0111857 -0.0986537 0.0150623 -0.0259657 -0.0634638 -0.00739388 -0.068553 0.0361253 0.00892175 0.0919996 0.0851134 0.0102939 0.0400852 0.073191 0.0546332 -0.0450871 -0.0995712 -0.0188767 -0.0918495 0.0279994 0.0561133 0.0291277 -0.027384 0.00600577 -0.0453318 0.0697552 0 -0.0256433 -0.0990869 0.0694663 -0.0140155 0.0932106 0.0423584 -0.0434726 -0.0455576 0.0179788 0.0824052 0.0603071 -0.0785518 0.0838481 -0.0661742 0.0504222 -0.0324209 0.0380786 -0.0925952 0.0671891 0.074879 0.0915542 0.0531543 0.0312938 -0.0960685 
-0.0404257 -0.0994223 -0.0958409 0.0472345 -0.000455818 0.0148871 -0.0405804 0.0852939 0.0338816 0.0216526 0.0299778 0.0841573 0.0856393 -0.00189419 -0.000756424 0.0294101 0.0458461 -0.0934289 0.090597 -0.0537396 -0.0523549 -0.0109934 -0.0032098 -0.0992116 0.0597925 -0.0249396 0.0256433 0 0.0971697 -0.0888073 -0.0136781 0.0811392 0.0811941 -0.0436166 -0.017226 -0.0280844 0.0194938 -0.0231009 0.0538595 0.0418426 -0.00251762 -0.0526526 0.0939441 -0.0991464 -0.0401448 -0.041344 0.0199326 0.0674076 0.0969146 0.0779727 -0.0541287 
0.00528017 -0.0537918 0.0320801 -0.0317475 -0.0674356 0.00047267 0.0609232 -0.0185657 -0.0819058 -0.0333946 -0.067101 0.0792364 0.087358 -0.0481844 0.0679138 0.0253774 0.0723984 0.011257 0.099358 0.0674237 0.0207345 -0.0831143 0.076313 0.0969953 -0.0611919 -0.0350376 0.0990869 -0.0971697 0 -0.0313661 0.0137302 -0.000992326 0.0341017 -0.0352977 0.00219935 0.07411 -0.0254997 0.0212879 0.0218212 -0.0453264 -0.0359507 0.038486 -0.0736949 -0.0195306 0.0488008 -0.0134853 0.0434839 0.0280837 0.0508861 -0.0347249 -0.0431828 
-0.00914716 0.0556373 0.0957297 -0.0478608 -0.0878345 0.0475365 -0.0994619 -0.0251356 -0.0752247 0.0980834 -0.0507666 0.0668452 0.00883707 -0.0778166 -0.0520296 -0.00548906 -0.0251736 0.0249141 -0.0108989 -0.0250644 -0.0428391 -0.075804 0.0710531 -0.0466007 0.0646363 -0.0769305 -0.0694663 0.0888073 0.0313661 0 -0.062904 0.0170437 0.0622416 -0.0794671 0.0534845 0.0870593 -0.0843267 0.0975803 0.0397195 0.0339996 0.0757376 0.0106416 0.0148599 0.0615838 0.0594483 0.0229117 -0.0961975 0.0752463 0.00139492 0.061133 -0.0456919 
0.0793779 0.0299699 -0.0696017 0.0657103 0.0877438 0.0515244 0.0469442 0.0673006 0.0511798 -0.00835944 -0.0450114 -0.0905128 0.0486924 0.0944693 -0.0997378 -0.0285824 -0.0625979 -0.0996952 -0.0428279 -0.01315 -0.0238242 0.004037 -0.0719666 -0.0820935 0.00996206 -0.0555882 0.0140155 0.0136781 -0.0137302 0.062904 0 0.0711488 0.0455017 -0.0937803 0.0195148 0.0623851 0.0631104 0.0866551 0.0583151 -0.0589807 -0.00509663 0.0513165 0.0476624 -0.00779539 -0.09114 -0.0250456 0.0923262 -0.0635373 0.0403088 -0.0913181 -0.00621539 
-0.00981059 -0.0067727 -0.0123488 -0.0050627 0.068513 0.0730394 -0.078319 -0.0406066 0.0459655 0.0590695 -0.0544156 -0.000733668 0.0205264 0.0510023 -0.0837446 0.0235007 -0.0523587 0.0160013 -0.00989989 -0.0135525 0.0443861 0.0536748 0.0987555 0.0696192 -0.0779559 0.0184192 -0.0932106 -0.0811392 0.000992326 -0.0170437 -0.0711488 0 -0.0743429 0.0885484 0.00504436 -0.0806289 -0.0665123 0.0338812 0.0591104 -0.00247089 -0.0700132 -0.0567298 -0.0294536 0.0578845 0.0312332 -0.025328 -0.0385998 -0.0627907 -0.0214202 0.00975614 -0.0844403 
-0.0987247 -0.0260501 -0.0322737 -0.0547616 0.00279062 0.0467284 0.0506268 -0.0570536 -0.00794681 0.0337428 -0.0635785 0.0484064 0.0347717 -0.0479668 -0.0116183 0.0127524 -0.00856015 -0.0326289 -0.0244117 0.0866195 0.0698609 -0.0618751 -0.0335792 -0.0895751 0.00690578 0.00786362 -0.0423584 -0.0811941 -0.0341017 -0.0622416 -0.0455017 0.0743429 0 0.0884635 0.0756866 -0.0868947 -0.0283257 -0.0158662 0.0563723 -0.0428128 -0.00297615 -0.0475528 0.0229719 0.0985957 0.031861 -0.0107452 0.0446517 0.07669 0.0263458 -0.00744004 0.0164353 
-0.0707651 -0.0978317 0.023975 -0.0153434 -0.018266 0.0175765 0.081098 -0.028577 0.0767868 -0.0974381 -0.000342419 -0.096258 -0.0369652 0.0432829 -0.0195468 0.0952977 0.0536062 0.0610994 0.0927583 0.0821649 -0.0325877 0.0972477 0.0170992 -0.0786167 0.0519515 -0.0651997 0.0434726 0.0436166 0.0352977 0.0794671 0.0937803 -0.0885484 -0.0884635 0 -0.0889662 -0.0572086 0.0500693 -0.0293915 -7.2113e-05 -0.00049463 -0.0583325 -0.0930574 0.0536911 -0.0087148 -0.0145196 -0.0480135 0.0739625 0.090511 0.0371105 -0.0779484 0.0614041 
0.0086503 -0.0446041 -0.0233134 -0.00444379 0.0971696 0.0893723 -0.0437633 -0.0645997 -0.0194732 -0.00420528 0.0716084 0.0375049 0.0881623 -0.0725043 -0.0248878 0.0102947 -0.0308535 -0.034979 -0.0115423 -0.0527418 -0.0288839 -0.080335 -0.00870912 -0.00262123 0.0411563 -0.0453813 0.0455576 0.017226 -0.00219935 -0.0534845 -0.0195148 -0.00504436 -0.0756866 0.0889662 0 0.0999913 0.0229878 0.0493147 0.00548215 0.0580927 -0.0922039 0.0730314 0.022621 0.0509344 -0.0437867 0.026582 0.0263893 0.00676312 0.0618979 -0.0826384 0.0404111 
0.0607898 -0.0445529 0.00652484 0.0776621 0.0263 -0.000636085 -0.0493429 0.0314555 -0.0416999 -0.0180183 0.0842464 0.0253377 0.0415807 0.0943405 -0.00270539 0.0495381 -0.0876095 -0.0393296 -0.0302927 -0.0240613 0.00158011 0.0463278 -0.0674481 -0.0172986 0.0696048 -0.020196 -0.0179788 0.0280844 -0.07411 -0.0870593 -0.0623851 0.0806289 0.0868947 0.0572086 -0.0999913 0 0.0929861 0.0959949 0.0637615 0.044752 -0.045986 -0.00685882 0.0151384 -0.0167873 -0.0715788 -0.0993624 0.0685468 -0.0280666 0.0583805 0.0082528 -0.00430093 
-0.00611358 0.087393 0.0124701 0.0400533 -0.091249 0.0630746 0.0877167 0.00661789 -0.0921356 0.0137452 -0.00117408 -0.0971911 0.0818926 0.060346 0.0634863 -0.0339992 -0.0171062 -0.0999387 0.0479665 0.0526661 0.0576109 -0.0739023 0.00950394 -0.010742 -0.0765895 -0.0413759 -0.0824052 -0.0194938 0.0254997 0.0843267 -0.0631104 0.0665123 0.0283257 -0.0500693 -0.0229878 -0.0929861 0 -0.0954999 0.0502802 -0.057305 -0.0843083 -0.0307479 -0.0703701 -0.0546145 0.0182698 0.0814508 0.0457671 0.0140468 -0.010639 0.0592434 0.0890076 
0.0184418 -0.095982 0.0216544 0.0640734 -0.0455266 -0.017888 -0.0541493 0.0530711 -0.0524195 -0.085795 0.0497948 0.0459518 -0.0152295 0.0509896 0.0963207 0.0186412 -0.0209665 0.0899118 0.0412028 -0.0354786 -0.0818375 -0.05427 0.024793 0.0953101 0.0292349 0.0775496 -0.0603071 0.0231009 -0.0212879 -0.0975803 -0.0866551 -0.0338812 0.0158662 0.0293915 -0.0493147 -0.0959949 0.0954999 0 -0.0139907 -0.0238249 -0.0801012 -0.095158 -0.00989838 0.0597854 0.0422407 -0.0594822 -0.0953474 0.0853158 0.0413459 0.0495831 0.0717533 
0.00468727 -0.0420913 -0.013215 0.0545024 -0.0970395 0.096355 -0.0434521 0.0222403 0.0337296 0.0696744 -0.00955288 -0.00956935 0.0663811 -0.0078753 -0.0329323 -0.056784 -0.0689272 0.0385621 -0.0210065 -0.0398755 -0.0970645 -0.0124982 0.0677928 0.0882156 -0.058713 0.0558198 0.0785518 -0.0538595 -0.0218212 -0.0397195 -0.0583151 -0.0591104 -0.0563723 7.2113e-05 -0.00548215 -0.0637615 -0.0502802 0.0139907 0 0.025519 -0.011042 0.0565715 -0.0312953 -0.0598232 -0.0669039 0.095763 0.0483811 -0.0062425 -0.0761919 0.0322775 0.000114288 
0.0139884 0.0684381 0.0768059 -0.0991098 0.055117 -0.0554612 0.0537209 -0.094195 -0.0663974 0.0124641 -0.0137839 -0.0135109 -0.0517677 -0.0572639 -0.073935 0.0311217 -0.0305839 0.091097 -0.0951404 -0.0651991 -0.0645133 0.0412902 0.0124084 -0.0684085 0.00636178 -0.0870827 -0.0838481 -0.0418426 0.0453264 -0.0339996 0.0589807 0.00247089 0.0428128 0.00049463 -0.0580927 -0.044752 0.057305 0.0238249 -0.025519 0 0.0294733 0.0827466 -0.0599323 -0.0112537 -0.0252456 0.0137187 0.03804 0.0463807 -0.0919893 0.0610945 0.0170272 
0.0381069 -0.0775208 -0.0404701 0.0710322 -0.0947853 0.0615018 0.050382 0.0756346 -0.0800436 0.0558055 0.00692325 0.0620979 0.011675 0.0889402 0.0526778 0.00184 0.0652975 0.0246645 -0.0480985 -0.029498 0.0791451 0.0163949 0.0222895 0.0268255 0.046563 -0.0609346 0.0661742 0.00251762 0.0359507 -0.0757376 0.00509663 0.0700132 0.00297615 0.0583325 0.0922039 0.045986 0.0843083 0.0801012 0.011042 -0.0294733 0 -0.00423052 -0.0475572 -0.0270393 0.0313105 -0.0849438 0.0498646 0.0385041 0.0481216 0.00270903 -0.00521937 
0.0201058 -0.0206974 0.0561396 -0.0751925 0.0501897 -0.022427 -0.0623578 -0.0342616 0.0383287 0.0715889 -0.0870324 -0.0953873 0.0286968 -0.0636454 0.0231486 -0.0437727 0.0116089 0.0505575 -0.0876733 0.0381584 -0.0794963 -0.00750351 -0.0457508 -0.0883985 -0.0237494 -0.0783258 -0.0504222 0.0526526 -0.038486 -0.0106416 -0.0513165 0.0567298 0.0475528 0.0930574 -0.0730314 0.00685882 0.0307479 0.095158 -0.0565715 -0.0827466 0.00423052 0 0.0304329 0.024295 -0.0405 0.0992778 0.0687799 0.060843 -0.0600061 0.0525823 0.0862543 
