50

16000 4500

30 55 80

6

0 88841 75382 87210 97210 78911 96263 41760 97400 98232 62300 47801 44290 66960 89683 99840 72130 76990 43160 66340 68530 66990 56670 23010 70263 83490 25310 90741 92540 16950 99872 92540 94151 89743 47541 41350 7330 92611 70270 31690 71020 34270 66490 87660 35631 21660 92030 64110 29230 95821 47800 
88411 0 161741 13630 66980 117051 176452 56310 101190 177690 129380 135251 127271 116441 177271 120031 73110 99141 94770 32950 22450 122490 77011 74011 157943 107501 70381 178982 102040 97541 186231 97320 144991 176661 131861 113080 81821 180852 111681 61981 95021 119031 26210 13980 120511 100550 92260 91001 66980 8300 60270 
75142 161091 0 153650 169851 128380 85200 115382 166222 98040 100380 36030 59900 114820 16390 152480 143531 142120 107620 132780 140590 110000 127031 96391 12860 139561 98932 26230 161362 64740 25550 161362 136021 15980 34410 81580 81052 22290 119840 105412 139310 53160 138550 159910 41320 66000 163052 130770 97120 168071 109300 
86740 13510 154010 0 78050 121981 177692 58430 108570 179990 131500 129140 126690 121250 169540 124961 78040 104071 96890 21740 26950 124670 81941 73380 151162 112431 69750 172372 109371 90030 178500 105131 149921 168930 124360 112990 80150 173592 116611 61350 99951 118450 31140 26310 113010 91450 97430 95931 58120 17370 49230 
96970 65960 169061 77760 0 77960 160840 58620 37110 149142 102020 141230 124520 83700 182390 68640 29400 55060 75000 80990 56680 91642 49510 75390 161420 63360 73460 180580 43340 111610 193681 37760 105900 183552 141090 103360 93000 183540 77800 70630 54390 119520 53790 52180 129180 115360 30050 56810 88000 70210 95080 
77631 117071 128770 121611 77890 0 90290 69630 51420 78270 33780 102260 70200 15430 135880 28280 52580 22860 38210 117500 94921 22480 40790 65260 118400 18470 66500 123180 41440 94031 152870 46420 28460 142400 117550 49150 79850 135660 10580 73510 26210 78410 90021 111140 103921 98741 54690 25740 92350 124051 107550 
95913 176442 84690 178692 160632 90260 0 121102 137780 19440 61720 76660 55960 79990 87360 109910 132510 109220 91200 160283 155922 70060 112690 102932 72550 105000 106772 69860 128420 104860 99660 132780 71240 93720 100540 63732 100803 82470 86620 117112 109292 69190 151452 174312 91010 110030 137432 105450 122013 183712 143683 
41440 56240 115792 58200 58690 69700 120992 0 71390 122230 73920 88211 75830 63610 130093 81490 42190 57560 39310 46730 35720 67030 30720 22160 110673 65220 18530 129890 69570 53280 140282 66910 95910 130153 87570 57620 36400 132850 61640 12300 51590 69170 31250 54110 76041 57030 62090 46300 32500 63220 45080 
96880 101120 165831 108830 37390 51000 137730 71210 0 126780 79380 136861 112660 60750 178191 36300 30150 30340 63140 107601 81430 68080 44520 78720 155651 34500 76790 167020 11000 113351 191822 5820 78290 181371 139031 90430 96090 179341 54360 81360 33410 112951 76530 87340 127121 118061 14560 40800 101940 105370 115930 
98332 177530 97810 179780 149122 78120 19240 122160 126770 0 51980 87030 60130 68980 100480 97370 122060 98210 85760 162702 157000 59050 105270 105351 85670 93990 109191 87150 117410 108291 116920 121770 58700 107000 110490 66151 103222 99630 75610 119531 97782 73360 152530 175400 98930 113471 125922 95000 124432 184800 146102 
61900 128960 100230 130920 102290 33550 61520 73620 79420 51860 0 74590 42530 21630 106280 59150 74110 50860 37220 118350 108440 11700 57130 60290 88800 46640 64130 93580 70060 78210 122710 74420 36381 112800 89880 26740 64640 106060 28260 72730 51292 51070 103970 126830 78770 82920 79432 47050 83270 135940 103770 
48071 135492 36120 129370 140840 101990 76880 88311 137532 86750 74460 0 34160 88430 51170 126090 115760 115730 79440 108500 115181 83730 98482 68620 30470 113171 71861 50450 132672 40790 60610 132672 110091 51040 27370 55190 53981 52320 93450 78341 111152 26770 113141 134311 17840 42050 134362 103130 72840 142472 85350 
43550 127271 59830 126450 124570 70000 55840 75450 112730 60220 42470 34180 0 56440 68200 93701 97450 83740 51640 106760 107000 51740 75702 53550 48400 81181 57520 60380 104110 49730 83660 107600 78071 73000 50520 23200 48440 69350 61460 66770 80930 14060 104240 126130 39410 54900 109530 72390 69650 134251 89730 
65920 116741 115120 121140 83900 15070 79870 63550 60620 68920 21520 88610 56550 0 121960 40350 55720 32060 27150 108280 95561 10220 40280 54410 104480 27840 55650 109260 51260 82320 138390 55620 34370 128480 103900 36530 68660 121740 8420 62660 32830 65090 90661 112500 92210 87030 61081 27290 80950 123721 96150 
89983 176691 16100 169250 182670 135610 87670 130223 178342 100510 106420 51220 68120 122050 0 159710 157080 151190 118300 148380 156190 116040 137852 109940 21840 147190 113773 20380 170620 80340 16950 172512 142021 7040 50110 91260 95893 8090 127080 120253 148990 63840 154150 175510 56920 81600 174202 140450 112720 183671 124900 
98270 120182 152140 124722 68600 27730 109140 81410 36310 96690 58560 125630 93280 40020 158980 0 49780 25210 57960 122592 99002 47260 51090 83100 141500 18450 83700 146280 25890 115090 175970 31310 43080 165500 139120 72230 99290 158760 33660 88740 31400 101490 94102 109350 125710 119800 43950 38480 109000 127162 125220 
71200 73130 143291 77830 29160 52140 132170 42060 30180 121730 73820 115460 96910 55500 156280 49460 0 29240 46800 75700 52110 65062 22530 49620 135580 37540 47690 154470 30420 86470 167911 25700 80080 157782 115320 75160 67230 157430 49600 52260 28330 93750 47210 59500 103410 90610 20880 28610 72840 77530 86170 
76120 99371 142440 103911 55030 22900 109180 57450 30400 98230 50830 115020 83870 32200 151130 25380 29720 0 38370 101781 78191 39530 27130 59140 132220 8300 59740 138430 21260 92520 166800 25400 50840 156140 118271 61640 75330 150910 25550 64780 7440 90650 73291 88390 106361 97230 31830 14520 85040 106351 100240 
42190 94630 107720 96590 75450 38460 91080 39290 63370 85810 37330 78760 51570 27190 118240 58670 47270 38520 0 84020 74110 30610 26420 30150 97540 43520 31390 111830 58510 58590 132080 58510 59490 121420 82620 31160 43300 119390 29830 38400 33960 54840 69640 92500 70710 63300 60200 25410 56690 101610 71890 
65810 32830 133070 21670 82020 119470 159722 46770 107801 162512 118750 108200 107430 108440 148600 123151 76230 102261 84130 0 26110 111860 76140 60270 130222 110621 56940 151140 107561 69100 157560 103321 140860 147990 103420 99260 59220 152652 108490 47510 97010 98620 28840 39050 92070 70510 95620 91720 37180 37770 28510 
68330 22390 141430 26390 58000 95551 156082 35940 81460 157320 109010 115170 107210 96101 156960 99691 52770 78801 74400 26290 0 102120 56671 53660 137632 87101 50030 158191 81700 77460 165920 76980 123491 156350 111780 92710 61740 160061 91341 41630 74681 98970 5710 20020 100430 81210 72160 70661 49220 29370 48130 
65980 122030 110050 124280 94481 24500 73470 66690 70370 62560 15120 83540 51480 12580 116890 50100 66590 41810 30290 111420 101510 0 49800 57550 99410 37590 58790 104190 61010 82290 133320 65370 32740 123410 98830 32630 68720 116670 19210 65800 43141 60020 97040 119900 87720 87000 71281 38950 84090 129300 99290 
56000 77311 127001 81851 49680 40900 112560 30730 44670 105000 57090 98031 75680 40160 137521 51100 22790 27170 26270 76130 56131 49720 0 36590 116821 34830 34660 134770 40890 72400 151361 39950 68840 140701 99210 54630 54200 138671 35460 39230 21200 74121 51231 73260 87300 77110 38940 16010 59810 84291 74440 
22670 74550 96711 73870 75240 65560 103022 22190 79360 104991 59870 68880 53900 54650 109770 83130 50160 59200 30350 60360 54030 58070 37300 0 89070 65700 4260 107960 74750 38680 121201 74750 86950 111072 68740 40370 19450 110920 56980 14890 53230 47240 51240 73160 56830 42830 70060 46320 27880 81530 46390 
70583 158323 12780 150900 161610 117740 73220 110420 155842 86060 88550 30160 48070 104180 21740 141840 136020 131740 97240 130030 137693 98170 116792 88880 0 129181 92850 22270 150982 61990 36610 150992 124151 25950 37070 71200 76493 22890 109210 100630 128930 42780 135653 157142 38570 63250 152672 120390 94370 165303 106550 
82900 107891 139780 112431 63550 18130 104960 65320 34590 94010 46610 113270 81210 27980 146910 18650 38240 8520 43310 110301 86711 35310 35000 65920 129430 0 66520 134210 25450 99340 163900 29590 46070 153430 124400 60160 82110 146690 21590 72290 15310 89420 81811 96910 112490 104081 40350 20770 91820 114871 108040 
24990 70860 99342 70180 73030 66790 106822 18500 77150 108791 63670 71761 57870 55980 113643 83860 47950 59930 31680 57130 50340 59400 35090 4200 93040 66430 0 111930 75330 39910 123832 72670 88280 113703 71501 44180 20670 114890 58210 11460 53960 51210 47550 69470 59591 44050 67850 47050 26700 77840 44670 
91271 179442 26000 172220 180810 122850 70100 129620 167250 87120 93660 50520 60390 109290 20390 146950 155220 138430 111880 151350 158381 103280 134790 108080 21820 134430 112050 0 157860 83310 31640 162210 128260 25700 58390 81490 97181 14170 114320 119830 137970 61980 156341 178261 59890 84570 166310 129950 115690 186422 127870 
91791 102690 160742 109482 43350 40880 128330 69460 11060 117380 69980 131772 104380 51440 170400 25940 30390 21320 58051 107352 81670 58680 41240 74811 150562 25480 75040 157700 0 108262 186733 6060 67930 176282 133942 82150 91001 170180 45080 79610 26380 107862 76770 89060 122032 112972 19660 33770 100190 107090 115681 
17330 97111 64930 89860 111170 94641 105650 52770 113252 108401 78030 40560 50420 82690 80460 116120 86720 92720 58890 68990 76800 82720 72400 38630 62082 99372 39900 83292 108392 0 89420 108270 109881 79850 35280 53870 20240 84512 86000 42100 86750 37070 74760 95930 23930 5310 106620 79840 33330 103550 44690 
99732 185681 25060 178240 194571 152580 99860 139972 191933 116920 122830 60620 84010 138460 16930 176680 168251 166710 132210 157370 165180 132450 151621 120981 36970 164151 123522 31510 187073 89330 0 186422 158991 14010 57160 106170 105642 19090 144050 130002 163900 77750 163140 184500 65910 90020 188112 155360 121710 192661 133890 
92120 97850 161071 105131 37840 46240 132970 66610 5850 122020 74620 132101 107900 55990 172221 31540 25550 25580 58380 103001 76830 63320 39760 74120 150891 29740 72190 162220 6240 108520 186261 0 73530 175401 134271 85670 91330 173371 49600 76760 28220 108191 71930 84220 122361 113230 14150 35610 97340 102250 111330 
93653 145031 136031 149571 105850 28220 71050 95860 78470 58600 36541 110381 78291 34370 142041 43710 80540 50820 59460 141160 122881 29240 68750 86720 124561 46180 87960 127950 68050 110053 159031 73470 0 148561 127611 61081 96393 141821 37440 94970 54170 86831 117981 140010 114561 115473 82650 53700 113830 152011 129030 
89613 176181 15560 168740 184452 142060 93990 129853 181814 106960 112870 51120 73480 128500 7010 166160 158132 156440 121940 147870 155680 122490 141492 110862 26440 153640 113403 25640 176810 79830 14080 176152 148471 0 47660 95900 95523 12020 133530 119883 153630 67480 153640 175000 56410 80520 177842 145090 112210 183161 124390 
47401 131411 34580 124160 140750 116181 100760 87070 139062 110860 90020 27600 50790 103990 50110 138510 115670 118652 82840 103290 111100 99290 99170 68530 37250 124770 71191 58460 134202 35250 57430 134202 127641 47860 0 70750 52040 56010 107540 76400 112682 39900 109060 130230 12940 35330 135570 105802 67630 137850 79810 
40730 113050 82070 113300 103410 49530 63842 57710 90370 65811 26210 55560 23500 36590 91650 72571 75230 61860 31140 99220 92530 33200 54380 40250 71850 60051 44090 81530 82230 54100 106430 85530 60361 95770 70850 0 43470 92800 40330 54430 59050 31780 88060 110920 59740 58810 87200 50510 62730 120030 83230 
6810 81721 81312 80090 92540 80420 101353 36280 96050 103322 64420 53731 49380 69060 95613 99570 67460 75640 43520 59220 61410 69110 54600 19370 76193 82140 20640 96671 91190 20150 105802 91190 96251 95673 52080 43470 0 98541 71790 25610 69670 40200 59370 80540 40730 24290 87360 62760 22110 88701 41810 
93151 180991 21970 173550 183850 135320 82800 132660 179522 99590 106130 52400 69300 121760 8090 159420 158260 150900 119480 152680 160261 115750 139032 111120 23020 146900 115090 14170 170330 84640 19220 173692 141731 12080 55980 92440 99061 0 126790 122870 150170 65020 158221 179810 61220 85900 175382 141630 117020 187971 129200 
69700 111941 120280 116481 77361 10780 86560 61700 54470 75610 28210 93770 61710 8480 127410 34210 49890 25520 29830 108440 90761 16910 35480 56880 109930 21690 58120 114710 45120 86100 144400 49470 37030 133930 107900 40660 71470 127190 0 65130 25590 69920 85861 107700 95990 90810 54161 21460 83420 118921 98620 
30850 62060 105202 61380 70640 73860 117292 12240 81590 119261 73360 77621 67030 63050 119503 89090 52390 65160 38750 47460 41540 66470 39530 14950 100083 72030 11460 120561 79770 42550 129692 77110 95350 119563 76570 54640 25400 122431 65280 0 59190 59850 38750 60670 65220 46310 72290 52650 22340 69040 36090 
70020 95351 138971 99891 54410 26350 109482 51350 33260 97762 51562 110001 80780 32910 148930 31450 28690 7520 33570 96750 74171 40262 21030 53040 128791 15180 53640 137970 26380 86420 163331 27890 54290 152671 112171 58550 69230 150080 25620 58680 0 86091 69271 86890 100261 91130 31210 8420 78940 102331 94140 
34240 119201 53260 118380 119760 78470 69620 69440 113442 74000 50940 26750 14390 64910 63780 101801 94680 90710 54840 98500 98930 60210 74392 47540 43080 89281 51510 61970 108582 36990 77620 108582 86541 66960 39560 31300 40150 64930 69560 60210 86890 0 96890 118060 28450 41710 110272 78340 61390 126181 77670 
66050 26260 139150 30800 54100 90791 151402 31260 76700 152640 104330 112890 104430 91341 154680 94931 48010 74041 69720 28740 5080 97440 51911 50830 135352 82341 47200 155911 76940 75180 163640 72220 118731 154070 109500 88030 59460 157781 86581 38800 69921 96690 0 23080 98150 78930 67400 65901 48660 33240 48260 
87530 13890 160860 26280 53190 111130 174032 53890 87400 175270 126960 134370 126410 112500 176390 109880 60010 88230 92350 39030 20000 120070 73300 72860 157062 96530 69230 178101 88940 96650 185350 84220 140120 175780 130980 110660 80940 179971 107740 60830 86910 118170 22900 0 119630 100410 78470 87060 67290 18960 65390 
35301 119981 41320 112730 128650 104081 91150 75541 126962 98900 78440 17760 39210 92080 56850 126410 103570 106552 70740 91860 99670 87710 87070 56430 38472 112540 59091 59682 122102 23820 65810 122102 114071 56240 12420 59170 40610 60902 95440 64970 100582 28320 97630 118800 0 25080 123470 93702 56200 126420 68380 
21830 100260 66050 91510 114810 100411 110140 56410 117752 113501 82530 41790 54910 87190 81580 121241 90740 97220 63390 70640 80440 87220 76900 42650 63202 103872 43920 84412 112892 5240 89960 112770 116461 80390 35310 58370 24260 85632 90500 45740 91250 41420 78400 99570 24970 0 110640 84340 35750 105200 45120 
91120 92100 162851 97970 29720 54710 137612 62030 14810 125892 79692 133881 109680 61251 174001 44280 20970 31810 60160 95840 72250 68392 39140 69540 152671 40110 67610 166730 20020 106390 187831 14440 82650 177181 135240 87450 87150 175151 54601 72180 31140 109971 67350 78320 123330 110530 0 38510 92760 96350 106470 
63420 91201 131000 95741 57060 25740 105370 46210 40660 94930 47020 102450 72430 27340 140580 38530 28880 14600 25220 91610 70021 37070 15890 46440 120780 20760 47040 129950 33780 79820 155360 35290 53680 144700 105571 50200 62630 141730 21440 52810 8630 78320 65121 86960 93661 84530 38370 0 72340 98181 87540 
28830 66940 97250 58190 88000 92220 122423 32280 102160 124392 82410 72380 70450 81130 112780 109070 72960 85140 56830 37320 49020 84550 60100 27160 94402 91640 26680 115320 100340 33280 121740 97680 113221 112170 67600 62750 22240 116832 83420 22310 79170 61640 48630 67030 56250 35770 92860 72260 0 71880 20730 
95541 8370 168871 17240 71180 124181 183832 63440 105390 185070 136510 142381 134401 123571 184401 127161 78000 106220 101900 37770 29580 129870 84141 81141 165073 114520 77511 186112 106930 103780 193361 102210 152121 183791 138100 120210 88951 187982 118811 69111 102151 126161 33340 18960 126750 105430 96460 98131 71860 0 65090 
47780 60040 109750 49060 95050 107400 143362 44800 115950 145662 102950 85380 90900 96370 125280 124820 86310 100320 72070 28450 47780 99790 74640 46390 106902 107390 44600 128112 115630 44960 134240 111470 128790 124670 80100 83290 42040 129332 98600 35920 94300 77910 48190 65250 68750 45380 106290 87440 20740 64980 0 

0 Ciudad_0 0 0 32400 0
1 Ciudad_1 793 14451 17856 1586
2 Ciudad_2 470 20424 24336 940
3 Ciudad_3 632 5149 9282 1264
4 Ciudad_4 467 16717 19244 934
5 Ciudad_5 537 3331 5769 1074
6 Ciudad_6 301 24406 27406 602
7 Ciudad_7 743 17156 20181 1486
8 Ciudad_8 636 12702 15047 1272
9 Ciudad_9 481 9056 13159 962
10 Ciudad_10 295 8169 10686 590
11 Ciudad_11 706 14592 17691 1412
12 Ciudad_12 463 11756 16442 926
13 Ciudad_13 696 23091 27021 1392
14 Ciudad_14 760 6091 10764 1520
15 Ciudad_15 322 4583 7421 644
16 Ciudad_16 258 10462 13947 516
17 Ciudad_17 591 6187 9228 1182
18 Ciudad_18 263 12643 17279 526
19 Ciudad_19 219 15190 18201 438
20 Ciudad_20 764 16416 18719 1528
21 Ciudad_21 747 16266 18791 1494
22 Ciudad_22 517 13946 18043 1034
23 Ciudad_23 111 6303 10613 222
24 Ciudad_24 146 15791 19290 292
25 Ciudad_25 588 4201 7403 1176
26 Ciudad_26 724 23190 25709 1448
27 Ciudad_27 643 17017 20774 1286
28 Ciudad_28 749 6836 10960 1498
29 Ciudad_29 712 4406 8120 1424
30 Ciudad_30 502 19093 22922 1004
31 Ciudad_31 823 13076 16016 1646
32 Ciudad_32 179 22468 25203 358
33 Ciudad_33 514 19799 22509 1028
34 Ciudad_34 169 27177 29213 338
35 Ciudad_35 242 24560 27975 484
36 Ciudad_36 132 4042 7095 264
37 Ciudad_37 156 20821 24288 312
38 Ciudad_38 533 18076 21448 1066
39 Ciudad_39 763 8292 10766 1526
40 Ciudad_40 187 5169 8299 374
41 Ciudad_41 154 18245 23014 308
42 Ciudad_42 538 9953 13813 1076
43 Ciudad_43 244 18618 23356 488
44 Ciudad_44 289 16436 18531 578
45 Ciudad_45 296 3168 6889 592
46 Ciudad_46 487 22126 27070 974
47 Ciudad_47 404 6157 9336 808
48 Ciudad_48 540 15300 17882 1080
49 Ciudad_49 749 10094 15085 1498
50 Ciudad_50 729 17487 22038 1458

0 0.0187251 -0.00458449 -0.0248329 0.0587385 -0.0755208 0.0148774 0.0195164 -0.0976517 0.0484665 0.0592474 -0.0283575 0.00523089 0.033617 0.0850747 0.0805041 0.0193023 -0.0522198 0.0688769 -0.0990944 -0.0541516 0.0579697 0.0868678 0.0836716 -0.0786122 0.0184536 0.031852 0.0602337 0.0984601 0.0745333 0.00195006 -0.0714542 -0.0659993 -0.00297143 -0.0002982 -0.0459615 -0.0233463 -0.0953163 0.0329517 -0.00534588 -0.0552148 -0.0627819 -0.0483573 -0.0404075 0.0631446 0.0248435 -0.0132046 0.0673878 -0.00942279 0.0549791 -0.0777087 
-0.0187251 0 0.0523495 -0.0959621 0.0910581 -0.0765414 -0.0345698 0.0990876 0.0266535 0.0799186 -0.0386676 0.0641645 -0.00762665 0.0458453 -0.00355004 -0.0277057 0.0900465 -0.0516218 0.0914727 -0.0807528 -0.00349883 0.0810639 -0.0110055 -0.0287886 0.033644 -0.0290253 -0.0242129 -0.0873127 0.0815649 0.096676 0.0191119 0.0040483 -0.0879826 0.0529372 0.0819478 0.0065184 0.0787126 0.0846613 -0.0878652 -0.0306925 -0.0614963 0.00589808 -0.0444787 -0.00379976 0.081671 0.0228078 -0.0454284 0.0860618 -0.0932637 0.0770164 0.0728667 
0.00458449 -0.0523495 0 -0.0943943 0.00119127 0.0796529 0.0668007 0.0935451 -0.0644607 -0.0833444 -0.0938831 0.0475174 0.0657484 -0.00131391 -0.0506475 0.0625861 0.0633262 0.00572232 -0.0921646 -0.0794991 -0.00643398 -0.050498 0.00432015 0.0187474 -0.00410055 -0.00935488 -0.000343471 -0.0493098 -0.0843056 -0.0810671 -0.0669073 -0.0222764 -0.0360953 -0.00951257 -0.0493055 -0.0937061 -0.0375228 -0.0759877 -0.0512505 0.0858811 0.0753474 -0.0816132 0.0326478 0.0915466 0.0641043 0.0222695 0.0811404 -0.0631521 0.0329486 0.00491358 -0.00710584 
0.0248329 0.0959621 0.0943943 0 -0.0753319 -0.0199254 0.0294831 0.0179009 -0.0120838 0.0930577 0.0622122 -0.0760421 0.058856 -0.0742167 0.0567463 -0.0953818 -0.0679034 -0.0867379 -0.0201678 -0.0497485 0.0536977 0.0226562 -0.0609083 0.0899647 0.0873175 -0.0314163 -0.0865222 -0.0543719 -0.0832343 -0.0317129 0.0674794 0.00447805 -0.0948262 0.0892819 -0.0370808 0.0968056 -0.0514609 -0.0680747 -0.0958016 -0.0617923 0.0669749 -0.0869742 -0.062118 0.0049553 0.0823513 -0.00834046 -0.000213685 0.0828956 -0.0947484 -0.0767534 0.0476369 
-0.0587385 -0.0910581 -0.00119127 0.0753319 0 -0.0225804 -0.0153837 -0.0384315 0.0514032 0.024217 0.00739592 0.0247235 -0.0614564 -0.0665061 0.0451835 -0.0239799 -0.000719272 0.0165609 -0.0879527 -0.0800304 -0.0333647 0.0372804 -0.0921998 -0.0828802 0.0513357 0.0178161 -0.0572419 0.0929396 -0.0652538 0.0540394 0.0364778 -0.0206858 0.0703961 0.0823679 0.0388285 -0.0462701 -0.0310473 -0.0660149 -0.0660392 -0.0682265 0.055265 -0.0597821 -0.0865106 -0.00341377 0.0486073 0.031639 0.0593849 0.0916599 -0.0484806 -0.00643099 0.0955382 
0.0755208 0.0765414 -0.0796529 0.0199254 0.0225804 0 -0.0638398 -0.0701071 -0.0182094 -0.0421587 0.0231372 -0.0572025 -0.020123 0.0627532 0.027754 -0.00562986 -0.0864401 0.0613622 -0.0340365 0.0719952 -0.0956154 -0.0597357 0.0666621 -0.0465545 -0.0250183 -0.0260392 -0.0967941 0.0640051 0.00156861 -0.00120733 -0.0733658 0.0496195 -0.0952898 0.0617029 -0.0121899 0.0260771 -0.0675122 -0.0889741 -0.0616892 -0.0686461 0.0520665 -0.0512035 0.0794934 0.0249296 0.00138864 0.0314934 -0.0398938 0.060311 0.0452011 0.0387561 -0.0785891 
-0.0148774 0.0345698 -0.0668007 -0.0294831 0.0153837 0.0638398 0 0.0498003 -0.0923085 0.0949364 0.0727424 -0.0870596 -0.0548751 -0.0660345 0.0250506 -0.0434975 0.0801488 -0.0566092 0.0449993 -0.0505014 0.0939081 -0.0899684 0.0444572 0.0402448 -0.00142262 -0.00737428 -0.0146894 -0.0255474 0.0988606 -0.0868942 -0.0806157 -0.0174903 -0.0450195 -0.0781914 -0.0742107 -0.0958246 -0.0896248 -0.0654172 0.0207126 -0.0500064 -0.0264031 0.0300224 0.0788933 -0.0248871 -0.0303341 -0.0415077 -0.00624165 0.0165331 0.0189358 -0.0884796 -0.0693069 
-0.0195164 -0.0990876 -0.0935451 -0.0179009 0.0384315 0.0701071 -0.0498003 0 0.0476071 -0.0369727 0.0531793 -0.0397446 -0.0813332 0.061261 -0.0246721 0.0238092 -0.0816083 -0.0493521 0.0335695 -0.032891 0.083981 -0.0378165 0.0637829 0.0703352 -0.0809867 -0.000654004 0.00373351 -0.0758801 -0.0431129 -0.0096583 0.0894474 0.0842405 -0.0935708 -0.0751746 -0.0584399 -0.0892837 0.0406799 -0.0845021 0.0248624 -0.0264835 0.0386596 -0.00851018 0.0294488 -0.0123507 -0.0364693 0.0558785 -0.0790155 -0.0649027 0.0667101 0.0381755 0.0806553 
0.0976517 -0.0266535 0.0644607 0.0120838 -0.0514032 0.0182094 0.0923085 -0.0476071 0 0.0261907 -0.0991362 -0.00483344 0.0961463 0.0320427 0.0334093 -0.0251331 -0.0512948 -0.0586345 0.0174057 -0.0884435 -0.00327371 0.0116388 -0.0391628 0.0711814 -0.0230424 0.0461055 0.0392773 0.0715544 -0.0541144 0.0157462 -0.0173024 -0.057425 0.0044213 0.0309628 -0.0209545 0.0551122 -0.0037085 0.0363461 0.0165594 0.0516594 -0.0877562 0.0745178 -0.0994696 -0.0574341 0.0824599 -0.0894826 -0.0447553 -0.079437 -0.0324697 -0.0372342 -0.0637517 
-0.0484665 -0.0799186 0.0833444 -0.0930577 -0.024217 0.0421587 -0.0949364 0.0369727 -0.0261907 0 0.0831476 -0.0214711 -0.0931031 -0.0110318 -0.0768687 0.0833167 -0.0643268 0.0387515 0.0151164 -0.0848933 -0.0147411 0.0437503 0.064809 0.0505616 0.0808846 -0.00341142 -0.0731259 -0.0265342 -0.0820604 0.0153162 0.0514262 0.0393972 0.0296122 0.0676973 0.0291081 0.0859843 -0.0883064 -0.0808982 -0.0233951 -0.0985808 0.0872781 -0.0572885 0.0323535 0.0366069 0.0554017 0.0216815 -0.0621723 0.0731211 0.0960358 0.0141536 -0.00821229 
-0.0592474 0.0386676 0.0938831 -0.0622122 -0.00739592 -0.0231372 -0.0727424 -0.0531793 0.0991362 -0.0831476 0 -0.0123831 0.0184311 -0.0624784 0.0645179 0.0619261 0.0764126 -0.0297691 -0.0778286 0.00268079 0.0289665 0.06632 0.0282519 0.0761035 0.0808762 0.0126513 -0.0456094 0.0951051 -0.0793435 -0.0148565 -0.0555703 0.0655197 -0.0844624 0.0242306 -0.0359038 -0.00211875 0.0538205 0.0590665 -0.017608 -0.0511675 0.0840261 0.0830318 0.0372363 0.00786717 0.0520777 -0.0230047 0.0555616 -0.0686267 0.0399519 0.0708885 -0.0701896 
0.0283575 -0.0641645 -0.0475174 0.0760421 -0.0247235 0.0572025 0.0870596 0.0397446 0.00483344 0.0214711 0.0123831 0 -0.0713138 0.0532834 -0.082136 0.0599758 -0.0145114 -0.0161791 0.0286751 -0.097584 -0.0461604 -0.0365 0.0186575 -0.0723451 0.0472544 -0.0848072 -0.0933486 0.0729439 0.0552577 -0.0898736 0.00243353 0.0575355 0.00711831 0.0808217 0.0557062 -0.000497385 0.0415354 0.0532486 0.034981 0.00483816 0.043829 0.0473091 0.0855171 0.0550242 0.0775248 0.0103909 -0.087273 0.0756909 -0.0941488 -0.0330707 0.0460614 
-0.00523089 0.00762665 -0.0657484 -0.058856 0.0614564 0.020123 0.0548751 0.0813332 -0.0961463 0.0931031 -0.0184311 0.0713138 0 0.0971683 0.0751797 0.043501 -0.0225759 0.0342792 0.0532405 0.0258653 -0.0944701 0.0709836 -0.00733809 0.0469006 -0.0416823 -0.0620671 -0.00593519 0.0915247 -0.0732708 -0.0179184 0.0682967 0.0505079 -0.0204905 -0.0885278 0.0255695 0.00812128 0.0682321 -0.017155 -0.0792088 0.0461272 0.0119491 0.0660775 -0.0199324 0.0400471 0.055789 0.0192252 -0.0858336 0.0402284 0.0452674 0.0105972 0.093619 
-0.033617 -0.0458453 0.00131391 0.0742167 0.0665061 -0.0627532 0.0660345 -0.061261 -0.0320427 0.0110318 0.0624784 -0.0532834 -0.0971683 0 -0.0643943 -0.0180388 -0.0211712 0.0479109 -0.0107224 -0.0588254 -0.000755355 0.0744507 0.0509389 0.0031798 -0.0246471 0.00862911 -0.0187917 -0.0511766 0.0762939 -0.0725297 0.0549186 0.0156448 -0.0362896 -0.0831025 -0.0972632 0.0487992 -0.081464 0.011829 0.0169744 -0.0277389 -0.0505636 0.0765579 0.0591159 -0.054798 0.0667529 -0.0762677 -0.0340906 -0.0983345 0.0130023 0.0747612 -0.00559655 
-0.0850747 0.00355004 0.0506475 -0.0567463 -0.0451835 -0.027754 -0.0250506 0.0246721 -0.0334093 0.0768687 -0.0645179 0.082136 -0.0751797 0.0643943 0 0.0327686 -0.0145992 0.07166 0.0979287 -0.0373168 -0.0783238 0.0960371 0.0672665 0.0828611 -0.049858 0.000114727 -0.00229051 -0.0107651 -0.0503834 -0.0290065 0.0853631 0.0771442 -0.00253801 0.0439712 0.00870116 -0.0550707 0.0759323 -0.0976233 0.0737249 0.0693847 -0.0646086 0.0569673 0.0725317 -0.0203141 -0.0377689 -0.0984149 -0.0156792 0.0762518 0.0297396 0.00079096 -0.0561296 
-0.0805041 0.0277057 -0.0625861 0.0953818 0.0239799 0.00562986 0.0434975 -0.0238092 0.0251331 -0.0833167 -0.0619261 -0.0599758 -0.043501 0.0180388 -0.0327686 0 -0.0336194 0.042729 -0.0187954 -0.0119782 0.0450213 -0.0799014 -0.0142571 0.00534342 0.032607 0.0521732 -0.0138224 0.0707851 0.0864936 -0.0969499 0.0118306 -0.0661442 -0.0388751 -0.0650068 -0.0409117 -0.0983287 -0.0596417 -0.0527276 0.0336884 0.024918 -0.0552787 0.025227 0.0209905 -0.0380196 0.082356 -0.0729454 -0.0310347 0.0774313 0.0727092 -0.074847 0.0620808 
-0.0193023 -0.0900465 -0.0633262 0.0679034 0.000719272 0.0864401 -0.0801488 0.0816083 0.0512948 0.0643268 -0.0764126 0.0145114 0.0225759 0.0211712 0.0145992 0.0336194 0 0.0144956 0.0295787 -0.0942252 -0.0192224 -0.0808475 -0.00653709 -0.0810074 -0.0946575 -0.0349468 -0.0543093 -0.0291063 0.0697161 0.0596053 -0.0775344 0.0793256 0.0692621 -0.082836 0.0265828 -0.0253282 0.0549623 0.00289695 0.0280591 0.0684183 -0.0801037 0.0905142 0.0850877 -0.0320638 -0.0235725 -0.00271232 -0.0614922 -0.0187179 -0.00846059 -0.0952244 -0.0495164 
0.0522198 0.0516218 -0.00572232 0.0867379 -0.0165609 -0.0613622 0.0566092 0.0493521 0.0586345 -0.0387515 0.0297691 0.0161791 -0.0342792 -0.0479109 -0.07166 -0.042729 -0.0144956 0 0.0467906 -0.0240278 0.0202831 0.0330403 -0.036785 0.069023 0.0282956 -0.0394854 -0.0848998 -0.0297775 0.0686819 -0.0634505 -0.0999989 0.0542127 -0.0398033 -0.0455559 0.00474991 -0.0511201 0.0907989 -0.082262 -0.0628275 0.0733833 -0.0659718 -0.0618665 0.0388403 -0.0856773 0.0510242 -0.00880535 -0.02401 -0.0489996 0.027439 -0.0385632 0.0123721 
-0.0688769 -0.0914727 0.0921646 0.0201678 0.0879527 0.0340365 -0.0449993 -0.0335695 -0.0174057 -0.0151164 0.0778286 -0.0286751 -0.0532405 0.0107224 -0.0979287 0.0187954 -0.0295787 -0.0467906 0 -0.0184737 0.0710243 0.0122632 -0.0792596 -0.0856822 0.00675864 -0.052172 -0.0323549 0.0492435 0.0266665 0.0627561 0.0494721 0.0427687 0.0574098 0.0279312 -0.0828626 0.0270884 0.0411785 -0.016347 0.0876857 -0.0542996 -0.0553291 -0.0764452 -0.0285044 -0.0801203 0.0846639 -0.0294069 0.0498643 -0.0477977 -0.091109 0.0337542 -0.0912469 
0.0990944 0.0807528 0.0794991 0.0497485 0.0800304 -0.0719952 0.0505014 0.032891 0.0884435 0.0848933 -0.00268079 0.097584 -0.0258653 0.0588254 0.0373168 0.0119782 0.0942252 0.0240278 0.0184737 0 -0.0099999 -0.00238871 0.0897225 0.0986011 0.00938904 -0.0591534 -0.0938913 0.0635935 -0.0844927 -0.013308 -0.0246817 -0.0652549 0.0809927 0.00632461 -0.0302383 -0.044024 0.091681 -0.0464494 0.0671262 0.0839906 0.0462326 0.0460235 0.0974901 0.084597 0.0621545 -0.0985513 0.0167424 0.0518099 0.0827215 -0.0196797 0.0625732 
0.0541516 0.00349883 0.00643398 -0.0536977 0.0333647 0.0956154 -0.0939081 -0.083981 0.00327371 0.0147411 -0.0289665 0.0461604 0.0944701 0.000755355 0.0783238 -0.0450213 0.0192224 -0.0202831 -0.0710243 0.0099999 0 -0.08038 -0.0397791 0.0850042 0.0928251 0.0266906 0.0237943 -0.051323 -0.0173791 0.0398264 -0.0430109 0.00168057 0.0130683 0.0115577 0.0538784 0.0124338 0.0589604 0.0529754 0.0665283 -0.0894048 -0.0266119 0.0773089 -0.063047 -0.0601243 0.047097 0.0346533 -0.0875413 -0.0252426 0.0394789 0.00892236 0.0960124 
-0.0579697 -0.0810639 0.050498 -0.0226562 -0.0372804 0.0597357 0.0899684 0.0378165 -0.0116388 -0.0437503 -0.06632 0.0365 -0.0709836 -0.0744507 -0.0960371 0.0799014 0.0808475 -0.0330403 -0.0122632 0.00238871 0.08038 0 0.013026 0.0110261 -0.0933904 -0.0236223 -0.0443457 0.0331503 0.0386231 0.0980373 -0.0506412 -0.066026 -0.0215195 0.0356193 -0.0665657 0.0190104 -0.0884391 0.0601204 0.0232212 0.00102522 0.0453772 0.0303449 -0.00753334 -0.0517605 -0.0896841 -0.052533 -0.0145526 0.000698354 0.0770595 -0.0902074 -0.0181788 
-0.0868678 0.0110055 -0.00432015 0.0609083 0.0921998 -0.0666621 -0.0444572 -0.0637829 0.0391628 -0.064809 -0.0282519 -0.0186575 0.00733809 -0.0509389 -0.0672665 0.0142571 0.00653709 0.036785 0.0792596 -0.0897225 0.0397791 -0.013026 0 -0.0373919 -0.0384096 0.0887713 0.0791488 0.0748189 0.0616508 -0.0107992 -0.0540909 -0.0387091 0.0942 -0.00282151 -0.075047 -0.0589757 -0.0346109 0.0360212 0.0894024 -0.0578769 -0.00275947 0.0383648 0.0899201 0.0804541 -0.0372246 0.0360801 0.00977439 -0.0323753 -0.082385 -0.0124859 0.0369526 
-0.0836716 0.0287886 -0.0187474 -0.0899647 0.0828802 0.0465545 -0.0402448 -0.0703352 -0.0711814 -0.0505616 -0.0761035 0.0723451 -0.0469006 -0.0031798 -0.0828611 -0.00534342 0.0810074 -0.069023 0.0856822 -0.0986011 -0.0850042 -0.0110261 0.0373919 0 0.0671249 0.0512543 0.0651223 0.019652 0.0609972 0.0675005 -0.053956 -0.0183029 0.0100315 0.000862164 0.0492785 0.0423184 -0.00130684 -0.0593017 -0.0408158 0.0327853 0.0721276 -0.0915365 0.0707183 0.078231 0.0957147 0.00602572 -0.00186682 -0.0358212 -0.0099015 -0.022297 0.044414 
0.0786122 -0.033644 0.00410055 -0.0873175 -0.0513357 0.0250183 0.00142262 0.0809867 0.0230424 -0.0808846 -0.0808762 -0.0472544 0.0416823 0.0246471 0.049858 -0.032607 0.0946575 -0.0282956 -0.00675864 -0.00938904 -0.0928251 0.0933904 0.0384096 -0.0671249 0 -0.0945782 -0.0108677 -0.0169056 -0.0496033 -0.0700707 -0.0710562 0.00588025 0.0161106 -0.0943273 -0.0434351 -0.0794664 0.0664478 0.0980166 0.00698017 0.0292527 0.0356872 -0.0227147 -0.0731617 0.0348567 -0.0858871 0.0799101 0.0679914 0.0108041 0.0364771 -0.0319097 -0.0048379 
-0.0184536 0.0290253 0.00935488 0.0314163 -0.0178161 0.0260392 0.00737428 0.000654004 -0.0461055 0.00341142 -0.0126513 0.0848072 0.0620671 -0.00862911 -0.000114727 -0.0521732 0.0349468 0.0394854 0.052172 0.0591534 -0.0266906 0.0236223 -0.0887713 -0.0512543 0.0945782 0 0.0210361 0.0826585 0.00650582 0.0253108 -0.097535 -0.0686151 -0.0324506 -0.0743539 -0.0921426 0.0551606 -0.0145358 -0.0554919 -0.0806953 -0.0127881 -0.0583179 -0.0940762 0.0440863 -0.0316996 -0.0676507 0.0857703 -0.0377394 0.0659851 0.0150163 -0.0760332 -0.0935516 
-0.031852 0.0242129 0.000343471 0.0865222 0.0572419 0.0967941 0.0146894 -0.00373351 -0.0392773 0.0731259 0.0456094 0.0933486 0.00593519 0.0187917 0.00229051 0.0138224 0.0543093 0.0848998 0.0323549 0.0938913 -0.0237943 0.0443457 -0.0791488 -0.0651223 0.0108677 -0.0210361 0 -0.0605967 0.0755922 0.0421644 0.0676149 0.0820566 -0.0763469 0.0275163 0.0344098 0.0170972 0.014947 -0.0893457 -0.0588481 -0.070435 0.0244779 0.0296063 -0.0496965 -0.0131187 -0.0950153 0.0093722 0.0414062 0.0191366 0.0531795 0.0618968 -0.00122837 
-0.0602337 0.0873127 0.0493098 0.0543719 -0.0929396 -0.0640051 0.0255474 0.0758801 -0.0715544 0.0265342 -0.0951051 -0.0729439 -0.0915247 0.0511766 0.0107651 -0.0707851 0.0291063 0.0297775 -0.0492435 -0.0635935 0.051323 -0.0331503 -0.0748189 -0.019652 0.0169056 -0.0826585 0.0605967 0 -0.0849893 -0.0375905 0.00689653 0.0816268 -0.00632137 0.0632315 0.0484334 -0.067596 -0.0524446 -0.0862496 0.0313435 -0.094233 0.0477697 -0.0855126 -0.0194859 -0.079591 -0.0168998 -0.0584379 -0.0990596 0.0421052 -0.0384705 -0.0865229 -0.0127435 
-0.0984601 -0.0815649 0.0843056 0.0832343 0.0652538 -0.00156861 -0.0988606 0.0431129 0.0541144 0.0820604 0.0793435 -0.0552577 0.0732708 -0.0762939 0.0503834 -0.0864936 -0.0697161 -0.0686819 -0.0266665 0.0844927 0.0173791 -0.0386231 -0.0616508 -0.0609972 0.0496033 -0.00650582 -0.0755922 0.0849893 0 -0.0432104 0.0271008 -0.0974546 -0.0615384 0.0386246 0.00269105 -0.0250701 -0.0732118 -0.0326044 0.0848931 0.0436562 0.0385493 0.0527883 0.0907287 0.0913569 0.0599894 -0.0198311 -0.0774256 -0.0544029 0.0154597 -0.0439887 -0.0932978 
-0.0745333 -0.096676 0.0810671 0.0317129 -0.0540394 0.00120733 0.0868942 0.0096583 -0.0157462 -0.0153162 0.0148565 0.0898736 0.0179184 0.0725297 0.0290065 0.0969499 -0.0596053 0.0634505 -0.0627561 0.013308 -0.0398264 -0.0980373 0.0107992 -0.0675005 0.0700707 -0.0253108 -0.0421644 0.0375905 0.0432104 0 0.0210625 -0.00931017 0.00846121 -0.0452518 -0.0180931 -0.0406008 0.043221 -0.0741098 -0.0584104 0.0391341 -0.0179078 -0.0483434 -0.0957369 -0.0265154 0.0928209 -0.0209033 0.0148973 -0.0041692 0.0497256 0.0665256 0.0227386 
-0.00195006 -0.0191119 0.0669073 -0.0674794 -0.0364778 0.0733658 0.0806157 -0.0894474 0.0173024 -0.0514262 0.0555703 -0.00243353 -0.0682967 -0.0549186 -0.0853631 -0.0118306 0.0775344 0.0999989 -0.0494721 0.0246817 0.0430109 0.0506412 0.0540909 0.053956 0.0710562 0.097535 -0.0676149 -0.00689653 -0.0271008 -0.0210625 0 -0.0247676 0.0398386 0.0274997 0.0675537 0.0807384 -0.0901133 -0.0245323 0.0810527 0.00176245 0.00617009 -0.0115822 -0.0188096 0.0959683 -0.0226941 0.0401238 0.0391275 -0.0632353 -0.0349344 -0.0705546 -0.0843312 
0.0714542 -0.0040483 0.0222764 -0.00447805 0.0206858 -0.0496195 0.0174903 -0.0842405 0.057425 -0.0393972 -0.0655197 -0.0575355 -0.0505079 -0.0156448 -0.0771442 0.0661442 -0.0793256 -0.0542127 -0.0427687 0.0652549 -0.00168057 0.066026 0.0387091 0.0183029 -0.00588025 0.0686151 -0.0820566 -0.0816268 0.0974546 0.00931017 0.0247676 0 -0.0779355 -0.0183121 -0.0516645 0.083583 0.0651032 0.0221325 0.0953276 -0.0087523 -0.0498777 0.0333738 0.0858304 -0.0199429 -0.0805534 -0.0294978 0.0946944 -0.0262613 -0.0979605 0.0848778 0.0916838 
0.0659993 0.0879826 0.0360953 0.0948262 -0.0703961 0.0952898 0.0450195 0.0935708 -0.0044213 -0.0296122 0.0844624 -0.00711831 0.0204905 0.0362896 0.00253801 0.0388751 -0.0692621 0.0398033 -0.0574098 -0.0809927 -0.0130683 0.0215195 -0.0942 -0.0100315 -0.0161106 0.0324506 0.0763469 0.00632137 0.0615384 -0.00846121 -0.0398386 0.0779355 0 0.044697 0.0634429 -0.0665187 -0.0384491 0.0258759 0.0364011 0.0924243 0.0255913 -0.0537604 -0.0353238 0.0452863 0.059169 -0.00426739 -0.068922 -0.0670009 0.0869611 0.0317025 0.0946778 
0.00297143 -0.0529372 0.00951257 -0.0892819 -0.0823679 -0.0617029 0.0781914 0.0751746 -0.0309628 -0.0676973 -0.0242306 -0.0808217 0.0885278 0.0831025 -0.0439712 0.0650068 0.082836 0.0455559 -0.0279312 -0.00632461 -0.0115577 -0.0356193 0.00282151 -0.000862164 0.0943273 0.0743539 -0.0275163 -0.0632315 -0.0386246 0.0452518 -0.0274997 0.0183121 -0.044697 0 0.0105552 -0.0280677 0.0480787 0.00839987 -0.0502846 -0.00574262 0.0989964 0.0209365 -0.0968729 -0.0106121 0.0329855 0.00106741 -0.0520927 0.0805015 0.0739171 0.0082396 -0.0920433 
0.0002982 -0.0819478 0.0493055 0.0370808 -0.0388285 0.0121899 0.0742107 0.0584399 0.0209545 -0.0291081 0.0359038 -0.0557062 -0.0255695 0.0972632 -0.00870116 0.0409117 -0.0265828 -0.00474991 0.0828626 0.0302383 -0.0538784 0.0665657 0.075047 -0.0492785 0.0434351 0.0921426 -0.0344098 -0.0484334 -0.00269105 0.0180931 -0.0675537 0.0516645 -0.0634429 -0.0105552 0 0.0232854 -0.0503224 -0.0442703 -0.0509068 0.0742174 -0.0171956 0.00859702 0.013444 0.0538987 0.0311792 0.0908915 -0.00968101 -0.012025 0.027982 -0.0607856 -0.0637045 
0.0459615 -0.0065184 0.0937061 -0.0968056 0.0462701 -0.0260771 0.0958246 0.0892837 -0.0551122 -0.0859843 0.00211875 0.000497385 -0.00812128 -0.0487992 0.0550707 0.0983287 0.0253282 0.0511201 -0.0270884 0.044024 -0.0124338 -0.0190104 0.0589757 -0.0423184 0.0794664 -0.0551606 -0.0170972 0.067596 0.0250701 0.0406008 -0.0807384 -0.083583 0.0665187 0.0280677 -0.0232854 0 0.0716587 0.0922474 -0.0291619 0.0832952 0.0977003 0.098304 0.0778402 0.0252972 0.0238746 0.085689 -0.00959002 -0.0295394 -0.0116577 0.0962193 -0.0252675 
0.0233463 -0.0787126 0.0375228 0.0514609 0.0310473 0.0675122 0.0896248 -0.0406799 0.0037085 0.0883064 -0.0538205 -0.0415354 -0.0682321 0.081464 -0.0759323 0.0596417 -0.0549623 -0.0907989 -0.0411785 -0.091681 -0.0589604 0.0884391 0.0346109 0.00130684 -0.0664478 0.0145358 -0.014947 0.0524446 0.0732118 -0.043221 0.0901133 -0.0651032 0.0384491 -0.0480787 0.0503224 -0.0716587 0 -0.0799818 -0.0367648 -0.029777 -0.0167859 -0.09015 0.0805022 -0.0217391 0.0980699 0.0703993 0.0155626 -0.0784426 -0.0332486 0.0397284 0.0156574 
0.0953163 -0.0846613 0.0759877 0.0680747 0.0660149 0.0889741 0.0654172 0.0845021 -0.0363461 0.0808982 -0.0590665 -0.0532486 0.017155 -0.011829 0.0976233 0.0527276 -0.00289695 0.082262 0.016347 0.0464494 -0.0529754 -0.0601204 -0.0360212 0.0593017 -0.0980166 0.0554919 0.0893457 0.0862496 0.0326044 0.0741098 0.0245323 -0.0221325 -0.0258759 -0.00839987 0.0442703 -0.0922474 0.0799818 0 -0.0862506 -0.0744173 -0.0259772 0.0846501 -0.0582525 -0.078171 -0.0240537 0.0755 0.0898709 0.0487584 -0.0887637 0.0610224 0.0891989 
-0.0329517 0.0878652 0.0512505 0.0958016 0.0660392 0.0616892 -0.0207126 -0.0248624 -0.0165594 0.0233951 0.017608 -0.034981 0.0792088 -0.0169744 -0.0737249 -0.0336884 -0.0280591 0.0628275 -0.0876857 -0.0671262 -0.0665283 -0.0232212 -0.0894024 0.0408158 -0.00698017 0.0806953 0.0588481 -0.0313435 -0.0848931 0.0584104 -0.0810527 -0.0953276 -0.0364011 0.0502846 0.0509068 0.0291619 0.0367648 0.0862506 0 -0.0458162 0.0841693 0.0359157 0.0921931 -0.0371694 -0.023601 0.0869711 -0.000247455 0.0443417 0.0393224 0.0879046 -0.0305766 
0.00534588 0.0306925 -0.0858811 0.0617923 0.0682265 0.0686461 0.0500064 0.0264835 -0.0516594 0.0985808 0.0511675 -0.00483816 -0.0461272 0.0277389 -0.0693847 -0.024918 -0.0684183 -0.0733833 0.0542996 -0.0839906 0.0894048 -0.00102522 0.0578769 -0.0327853 -0.0292527 0.0127881 0.070435 0.094233 -0.0436562 -0.0391341 -0.00176245 0.0087523 -0.0924243 0.00574262 -0.0742174 -0.0832952 0.029777 0.0744173 0.0458162 0 -0.0828876 0.089041 -0.0103515 0.0783024 -0.0465765 -0.0357501 -0.0680065 -0.00259713 0.0174308 -0.00827213 0.0333739 
0.0552148 0.0614963 -0.0753474 -0.0669749 -0.055265 -0.0520665 0.0264031 -0.0386596 0.0877562 -0.0872781 -0.0840261 -0.043829 -0.0119491 0.0505636 0.0646086 0.0552787 0.0801037 0.0659718 0.0553291 -0.0462326 0.0266119 -0.0453772 0.00275947 -0.0721276 -0.0356872 0.0583179 -0.0244779 -0.0477697 -0.0385493 0.0179078 -0.00617009 0.0498777 -0.0255913 -0.0989964 0.0171956 -0.0977003 0.0167859 0.0259772 -0.0841693 0.0828876 0 -0.0194289 0.0458952 -0.0273934 0.0458261 0.0248207 0.0964062 0.0345023 0.00486268 0.0889768 0.0797945 
