50

16000 4500

30 55 80

5

0 79030 77200 74370 84590 41870 33810 48900 97980 40270 77510 33810 63170 22420 73290 23150 52410 74650 57720 61270 79370 53790 68390 85490 44730 89370 55120 74140 63930 44900 96850 60440 79590 73900 94150 79450 60190 57530 24670 92520 82010 81930 98520 75210 40600 79210 93900 12080 84920 73280 18580 
79330 0 90450 118840 111490 37610 83040 90740 28600 42070 32420 110110 25810 100880 56370 101120 34060 46270 59030 104670 105890 96740 38040 56620 42210 30360 133580 40800 31660 45850 96790 89990 91170 96340 78530 65900 24220 29510 91060 125760 31410 78930 108910 150891 101190 95110 81730 85370 96500 32120 61910 
77700 90530 0 44280 34350 76720 44780 125992 93390 72820 113441 97040 65370 76530 48020 85660 61540 58110 31420 138362 28910 30890 108261 58090 65310 82220 98370 62140 62190 95850 38190 137480 148420 18880 52600 43000 87580 67300 102080 47700 74860 33240 24020 91550 117140 5750 50470 66140 153750 66130 82760 
73990 117140 43530 0 17050 90153 44700 122100 121470 86253 134363 81920 91980 64820 79080 74720 86280 86320 58930 134470 16000 24640 127362 90610 83763 109970 75830 89890 88710 104903 79091 134070 153250 26120 90470 76950 108403 92040 96220 19800 102610 72310 64850 56410 108370 45540 89950 62430 158580 93770 85262 
84760 112170 34370 17790 0 93440 53260 134200 116500 89540 134061 95620 87010 77230 73280 87130 83100 81350 53960 146570 6130 32360 128421 84510 83060 105000 90070 84920 83740 112380 69931 145740 165380 15450 82600 70850 109220 88930 108630 15630 97640 63150 55690 71530 121860 36380 80790 73200 170710 88800 93952 
41770 37210 76190 91642 93070 0 51371 61990 56680 4750 43830 73430 24000 63320 52630 63560 16880 49470 45120 75920 87470 69491 38370 61421 13060 50960 96020 43570 28400 21410 85860 66720 75470 78440 77400 61090 19920 18260 54380 106172 44210 70460 94400 113300 66270 79950 80600 47940 80800 37200 25230 
33620 83110 44040 45810 52820 50901 0 82050 92450 47001 93061 54070 58260 33560 56610 41670 49350 61790 36820 94420 47220 21640 85420 69460 44511 81170 63800 63470 56060 64150 71450 93590 112740 40850 73030 58370 69151 55110 58000 61120 73810 58790 65360 69160 73060 46050 72780 22060 118070 65080 44300 
49340 90940 125460 122730 133950 62490 82440 0 114770 62600 72700 46060 86090 61340 112150 54010 77400 110410 99400 14210 128250 102420 63650 122520 72170 112110 70460 104930 89590 46650 140140 11750 30900 122470 136220 118830 68270 80350 30110 141720 105360 125210 147420 99340 22190 127470 136980 60710 36230 99250 48830 
96680 28890 93750 123010 115660 56600 92120 114290 0 58590 60970 129200 35540 114240 47430 118580 46190 36820 62610 128220 110060 101480 65890 41260 55670 11890 146940 32710 41390 70270 82100 115330 118570 100510 62930 55520 48830 41740 110150 129710 18820 69751 107320 160800 122040 98410 66130 97850 123900 28290 81000 
39910 41660 72650 87922 89350 4670 47651 62260 58710 0 48280 72360 25560 61460 49910 61700 15160 48170 41580 76190 83750 65771 42140 60280 9930 52990 94160 42690 27350 25180 82320 69800 79240 74720 74680 58370 24370 19820 53940 102452 46240 67390 90860 111440 65830 76230 77880 46080 84570 38420 24790 
77590 32300 113611 136252 133411 43850 93501 72300 60560 48310 0 106510 48861 99140 81051 99380 51810 73901 81910 86230 127811 113560 10290 84641 53010 59330 131170 67001 55341 35630 121961 66810 63310 118411 106321 90101 27120 50900 83960 147321 60380 104421 132071 155000 90250 118271 109521 87860 68640 58351 61040 
33760 109850 96140 81620 95020 73460 54080 45520 129430 72870 106690 0 96200 21120 103050 14150 85270 105530 83770 57890 91410 72470 97010 115780 77940 121180 24480 105430 96070 73800 122680 57060 76210 91520 119980 105320 90610 90580 26690 99410 113820 107760 117460 54020 27400 98150 119730 35160 81540 105090 50480 
61580 25690 65210 93080 85730 23760 57800 85350 35380 25370 48761 94600 0 79920 33410 83480 11090 27030 33790 99280 80130 71360 52400 38450 20570 28270 112620 19840 6770 42870 72970 88370 97120 71100 58770 42460 26630 6640 78140 100000 21520 55110 83320 124510 90030 69870 61970 62750 102450 13770 48990 
22200 100630 75590 64780 76950 63470 33530 60820 113570 61870 98990 21120 79380 0 84160 11620 69021 86640 64880 73190 72240 51920 89870 96890 63571 102290 32980 86540 77180 66380 103790 72360 91510 71910 101090 86430 81790 74781 35060 83360 94930 88870 96910 54000 46160 77600 100840 19690 96840 86200 40060 
74120 57140 48110 80800 72850 52880 56700 111610 47520 50060 80991 102970 33280 84080 0 89520 36150 11630 21140 125540 67250 60260 83340 13910 42660 36710 115840 17040 30610 73810 42430 119200 127950 58220 26720 10840 58860 39590 95630 86040 29540 24570 61050 120561 110890 52770 29920 68580 133280 26290 68210 
23100 101040 84870 74780 86950 63880 41630 53700 118860 62280 99400 14150 84050 11610 89590 0 73120 92070 70310 66070 82240 61200 90280 102320 66560 107720 33900 91970 82610 66790 109220 65240 84390 81310 106520 91860 82200 78880 27910 93360 100360 94300 106190 56330 37710 86880 106270 22420 89720 91630 40470 
51740 33760 61510 87460 82030 16730 49080 76980 45890 14970 51820 84760 11080 69911 35740 73170 0 33150 30090 90910 76430 63760 47190 45190 9630 38780 102611 27520 12990 37660 69860 83050 91800 67400 60510 44200 26040 5760 68660 95220 32030 53990 79620 115281 80550 66170 63710 51920 97130 24060 38850 
74820 46810 58960 88110 80760 48950 61930 109450 36420 47440 73481 106190 26520 87390 12130 92830 32470 0 28230 123380 75160 67570 77441 13320 40720 25610 120090 7070 24000 68560 53400 114060 122810 66130 35000 21650 52100 32970 96330 93950 18440 35540 71900 127761 111590 63620 38200 71110 128140 15730 67840 
57460 59150 31480 60500 53150 45620 36520 98410 62580 41720 82020 83360 34030 64470 20740 69910 30200 27760 0 112340 47550 39960 76921 33810 34210 51410 95660 31330 30840 64750 40930 106080 117020 38520 38220 22100 56240 35960 80550 66340 44050 26000 49590 100261 95810 36140 37970 48970 122350 35320 55010 
61350 104350 137470 134740 145960 75900 94450 14270 128180 76010 86110 58070 99500 73340 125560 66020 90810 123820 112810 0 140260 114430 77060 135930 85580 125520 82470 118340 103000 60060 153800 23210 42360 134480 149630 132240 81680 93760 42120 153730 118770 138620 159430 111350 32030 139480 150390 72720 47690 112660 61080 
79890 106900 30010 16710 5600 88170 47950 128850 111230 84270 128791 92340 81670 72960 68010 82860 77830 76080 48690 141220 0 27050 123151 79240 77790 99730 87300 79650 78470 106390 65571 140390 159842 11090 77770 65580 103950 83590 104270 18790 92370 58790 51330 70450 117590 32020 76430 68330 165172 83530 88642 
53690 96500 30640 25720 31960 69053 21680 102120 101590 65153 113263 72490 71330 51980 59830 61270 63650 67070 39680 114490 26360 0 104810 72090 62450 90220 70850 70640 68670 82890 66201 113660 133300 21400 71950 58430 87303 69410 78070 40280 82860 55690 51960 64880 93130 32650 71700 42130 138630 74130 63040 
68990 38140 108842 129031 128522 38631 85630 62360 65980 42481 10230 96590 52920 90540 83370 90470 47890 78111 77422 76290 122922 105240 0 88851 48411 63540 121330 71211 58030 27030 117532 56870 53480 113522 108140 91830 26420 47450 74040 142432 64590 101890 127302 146400 80310 113502 111340 79250 58810 62561 52440 
86180 57750 58030 91840 83450 61340 69330 121840 41160 59830 84741 115600 38270 96710 13870 102150 44860 13560 33990 135770 77850 72010 88701 0 53110 30350 128470 18760 36390 80950 41080 126450 135200 68820 21910 15390 63800 44720 107690 96640 25900 29661 69030 132311 122950 62690 25110 81210 140530 26990 80080 
44850 41980 64770 85392 82860 13130 45121 71780 55460 9770 53010 77870 20650 64220 42700 66440 9890 41020 33700 85710 77260 62410 48020 53130 0 48350 96920 36460 22480 34540 74440 79320 88600 68230 67470 51000 28250 15010 62360 96050 41600 59510 82980 109620 75350 69430 70670 45480 93930 33550 31760 
89550 31330 82250 111150 103800 51080 80670 111890 11870 53070 59530 121590 28410 102790 36700 108230 39060 26090 51110 125820 98200 89980 63490 30530 48540 0 135490 21980 31570 67870 71370 112930 116170 88890 52200 44790 46430 34610 105460 118070 7320 59021 96470 147380 117350 86910 55400 86510 121500 16790 76310 
55180 133610 98220 74550 89770 96450 64020 69860 146630 94850 130880 24690 112360 33260 116060 34180 102001 119620 96270 82230 86650 70940 121460 128910 96551 135270 0 119520 110160 97790 132490 81400 100550 86760 132480 117820 114600 107761 50680 90360 127910 120120 119540 33260 51540 100230 132230 52670 105880 119180 73040 
75020 41030 62770 91510 84160 43380 63890 104390 31950 42380 66991 106390 19810 87590 17250 93030 27410 7790 31630 118320 78560 70970 70951 19110 36100 21140 120290 0 18850 62490 58520 107990 116740 69530 40790 27180 45390 26260 96070 97350 13970 40660 77020 130150 107960 67430 43990 71310 122070 9950 65640 
62720 31530 62030 89900 82550 28710 55690 89700 41220 27690 55231 95740 6760 77810 30820 83250 13470 24440 30610 103630 76950 68380 57350 36480 22450 31540 110510 18810 0 47820 69350 93320 102070 67920 56030 39720 32300 11590 81380 95740 24180 51930 80140 122400 93270 66690 59230 61530 107400 15450 51570 
45020 45630 95960 106711 112720 21360 64350 46310 70310 25200 35320 73750 43030 66570 73210 66810 37730 68940 64890 60240 106430 82920 26200 80891 34420 67580 98030 62480 47870 0 105630 46640 55390 97170 97980 81670 22960 37290 51200 121241 60830 90700 114190 119820 57570 98910 101180 55280 60720 54720 28470 
97080 97110 38250 79391 69461 87100 71710 139970 81270 83280 121571 122980 73250 104090 42130 109530 70520 52530 41700 153900 64021 66001 118031 40270 75770 70460 132640 57940 69980 106310 0 147640 158580 53991 19050 33120 96560 76280 120290 82811 66170 20160 40020 126661 135680 42530 17150 88590 163910 67190 95140 
60500 90060 136630 134410 145110 66770 93600 11950 115140 69870 66970 57220 88280 72490 118460 65170 82980 114190 106130 23350 139410 113580 57920 126141 79440 112700 81620 107730 93120 46760 146870 0 19150 133790 142950 125560 68040 82540 41270 153500 106080 131940 155990 110500 33320 138640 143710 71870 24480 99970 58240 
79380 90930 147320 153390 162781 74820 112480 30830 117840 78660 62790 76100 96330 91370 126510 84050 91030 122240 115660 42230 157181 132080 53960 134191 87880 115400 100500 115780 101170 54810 156940 18880 0 148730 151280 134970 72950 90590 60150 170401 114130 141470 165530 129380 52200 150240 153240 90750 7080 108020 70950 
73760 96820 18920 26490 15470 78900 40870 122640 100900 75000 118641 91670 71660 71920 58010 81340 67830 66080 38690 135010 10440 21390 113001 69240 68520 89620 86630 69650 68470 96780 54481 134180 150260 0 67150 55580 93870 73590 98140 29230 82260 47700 40240 76870 113200 20930 65340 62200 155590 73530 81400 
94970 79290 52910 91940 82780 76890 74030 135460 62540 74060 106221 120870 58510 101980 25910 107420 60160 34610 38590 149390 76960 72710 107350 21540 66670 51730 133170 40290 55840 97820 19490 143130 151960 67310 0 18560 84090 64760 118180 95750 47440 19560 56700 133011 133570 57750 3520 86480 157290 48530 92060 
79440 66620 43060 78350 69960 61140 58500 118110 55640 58310 90471 105340 42760 86450 10160 91890 44410 20900 22640 132040 64360 58550 91600 15420 50570 44830 117640 26710 40090 82070 33681 125780 136210 55330 18600 0 68340 49010 102020 83150 38660 15821 54510 118851 117280 47720 21800 70950 141540 35950 74710 
59630 23970 87690 109942 108730 20020 69671 67980 48650 24480 27140 90220 26680 81180 58880 81420 26170 52500 56270 81910 103130 87791 26310 63840 28880 46210 113880 45310 32500 23090 96040 68240 73640 93580 84240 67930 0 25190 71170 122830 43390 80170 106150 134190 78220 92350 87440 66240 78970 37550 42020 
57160 28990 67190 93140 87710 18140 54760 79730 41440 19750 50280 90180 6630 75591 39710 78850 5670 33330 35770 93660 82110 69440 46780 44810 15050 34330 108291 26200 11630 37250 75540 82750 91500 73080 65070 48760 24570 0 72520 101980 27580 59670 85300 120961 84410 71850 68270 57600 96830 19830 43370 
24630 90780 101390 96190 108320 54390 58000 29750 110360 53910 84100 26650 78390 35180 95160 27860 68710 96520 81050 42120 103560 77980 74420 107360 62510 105350 50930 95970 80900 51210 120280 41290 60440 98090 117580 101480 71540 72650 0 114730 98600 105360 122710 79930 23740 103400 117330 36270 65770 91590 31620 
92530 125590 48700 20630 16110 106563 61560 142450 129920 102663 147481 100050 100430 82950 86700 92850 96520 94770 67380 154820 19330 41080 141841 97930 96480 118420 90700 98340 97160 121313 84261 153990 173362 29780 96460 84270 122640 102350 114350 0 111060 77480 70020 69800 126730 50710 95120 80970 178692 102220 101672 
82420 32220 74930 103550 96200 44390 73350 105400 18840 46380 59960 114270 21720 95480 29450 100910 32370 18840 43790 119330 90600 82660 63920 25880 41850 7360 128170 14730 24250 61300 66960 106800 115080 81570 47790 38470 43280 27920 98770 110470 0 52701 89220 140060 110660 79590 50990 79190 120410 9470 69620 
82000 79270 33510 73310 63380 70840 59230 124540 69890 67750 103121 107900 55410 89010 24290 94450 54180 34690 26430 138470 57940 55720 101370 29710 59640 59080 120200 40100 52140 90880 19590 132210 143150 47910 19640 15280 80220 59940 105210 76730 52600 0 41590 116021 120600 38370 18720 73510 148480 49350 80060 
98690 108680 24110 65270 55340 94290 65770 147580 107490 90390 131591 118030 82850 97520 61200 106650 79020 71290 48900 160020 49900 51880 126401 69370 82880 96370 119360 76590 79660 113620 40660 155250 166190 39870 57030 54700 105730 84780 123070 68690 89200 42221 0 112540 138130 20720 55130 87130 171520 83610 101730 
75050 149600 91730 55910 71820 113350 69160 98710 160560 111651 154780 54020 124970 54000 120390 56460 114611 127250 100240 111080 70770 65180 145660 132650 109161 147930 33240 130170 122770 119670 127291 110250 129400 77310 132510 118990 134060 120371 79930 69480 140520 116250 113050 0 80590 93740 132260 65530 134730 131790 92910 
40590 101850 116730 108330 121620 66570 73340 21470 122540 66090 90480 27800 90570 46160 110360 37330 80890 111720 96250 31900 116910 93320 80930 122560 75660 117530 52040 108420 93080 57720 135640 32940 52090 113430 132940 116680 79180 84830 23960 127170 110780 120720 138050 81080 0 118740 132690 51840 57420 103770 44610 
79160 95120 5940 45740 35810 80010 46240 127452 97980 76110 118031 98500 69960 77990 52740 87120 66130 62830 36010 139822 30370 32350 112851 62810 69330 86810 99830 66730 66770 98750 42520 138992 151370 20340 57850 47720 92170 71890 103540 49160 79450 38490 20740 93010 118600 0 55720 67600 156700 70720 84220 
94490 82730 50720 90840 80910 80330 73550 136220 65980 77500 109661 120390 61950 101500 29350 106940 63600 38050 38110 150150 75470 72230 110790 24980 70110 55170 132690 43730 59280 101260 17120 143890 154830 65440 3760 22000 87530 68200 117700 94260 50880 18870 54330 132531 133090 55380 0 86000 160160 51970 92550 
11900 85100 65330 62500 72720 47940 21940 60330 97490 46340 87660 35250 62680 19580 68610 22390 51750 71090 49330 72700 67500 41920 78660 81340 45700 86740 52280 70990 61630 55170 88240 71870 91020 62030 85540 70880 66490 57510 36280 80650 79380 73320 86650 65390 51340 67340 85290 0 96350 70650 28160 
85040 96590 152980 159050 168441 80480 118140 36490 123500 84320 68450 81760 101990 97030 132170 89710 96690 127900 121320 47890 162841 137740 59620 139851 93540 121060 106160 121440 106830 60470 162600 24540 6410 154390 157480 140630 78610 96250 65810 176061 119790 147130 171190 135040 57860 155900 158900 96410 0 113680 76610 
73580 33120 66090 94710 87360 36960 64510 98550 28400 38570 58401 105430 13400 86630 26480 92070 24290 16380 34950 112480 81760 73820 62361 27120 33470 16920 119330 10910 15430 54910 67750 100410 109160 72730 48800 36010 37460 19840 91340 101630 9560 49890 83650 131220 103230 70750 52000 70350 114490 0 62190 
18380 61770 81730 86381 93291 25380 44220 48600 81350 24900 61000 50450 49380 39930 67910 40170 39050 68230 54800 61360 87691 62790 51880 79750 31900 76340 72630 65830 51240 28390 94930 58160 72440 81040 91620 74230 42530 43640 31610 100911 69590 80010 102460 92720 44320 83740 91980 28170 77770 62310 0 

0 Ciudad_0 0 0 32400 0
1 Ciudad_1 572 20903 24308 1144
2 Ciudad_2 820 7547 11459 1640
3 Ciudad_3 198 23534 27667 396
4 Ciudad_4 506 11447 13974 1012
5 Ciudad_5 560 6595 9033 1120
6 Ciudad_6 649 4800 7800 1298
7 Ciudad_7 375 13241 16266 750
8 Ciudad_8 240 14180 16525 480
9 Ciudad_9 293 6557 10660 586
10 Ciudad_10 332 23707 26224 664
11 Ciudad_11 720 25216 28315 1440
12 Ciudad_12 669 3607 8293 1338
13 Ciudad_13 411 5979 9909 822
14 Ciudad_14 306 22599 27272 612
15 Ciudad_15 454 22027 24865 908
16 Ciudad_16 301 11952 15437 602
17 Ciudad_17 599 14534 17575 1198
18 Ciudad_18 763 2553 7189 1526
19 Ciudad_19 418 14782 17793 836
20 Ciudad_20 192 8849 11152 384
21 Ciudad_21 199 26868 29393 398
22 Ciudad_22 264 17504 21601 528
23 Ciudad_23 187 10291 14601 374
24 Ciudad_24 101 6356 9855 202
25 Ciudad_25 790 22998 26200 1580
26 Ciudad_26 218 11777 14296 436
27 Ciudad_27 499 11595 15352 998
28 Ciudad_28 659 6312 10436 1318
29 Ciudad_29 394 24868 28582 788
30 Ciudad_30 732 21161 24990 1464
31 Ciudad_31 224 20702 23642 448
32 Ciudad_32 186 22173 24908 372
33 Ciudad_33 494 24296 27006 988
34 Ciudad_34 632 3813 5849 1264
35 Ciudad_35 696 3984 7399 1392
36 Ciudad_36 726 19641 22694 1452
37 Ciudad_37 232 13939 17406 464
38 Ciudad_38 220 6216 9588 440
39 Ciudad_39 522 13117 15591 1044
40 Ciudad_40 715 21677 24807 1430
41 Ciudad_41 187 11722 16491 374
42 Ciudad_42 403 4085 7945 806
43 Ciudad_43 164 20245 24983 328
44 Ciudad_44 819 13324 15419 1638
45 Ciudad_45 499 7668 11389 998
46 Ciudad_46 595 9763 14707 1190
47 Ciudad_47 271 8410 11589 542
48 Ciudad_48 140 5232 7814 280
49 Ciudad_49 137 16195 21186 274
50 Ciudad_50 579 19988 24539 1158

0 -0.0173227 0.0811474 0.07868 -0.0742036 0.0323402 -0.0979471 -0.050258 0.0757158 0.0527134 0.038508 -0.068867 0.0464758 0.0681795 -0.0621493 0.0220825 -0.00647274 0.0703752 0.0901684 -0.0347706 0.0179231 0.0165916 -0.00751331 0.0484051 0.0036168 -0.0231308 -0.0530487 0.00518127 -0.0843684 -0.0670517 -0.0569706 -0.0356073 -0.0285795 -0.0483827 -0.07826 -0.0983039 0.0539103 -0.0585185 -0.0997084 -0.0873905 -0.00771134 0.0619505 0.0645312 -0.0351028 0.0664168 -0.0632909 0.096751 0.0428261 0.0473192 -0.0677182 0.0810434 
0.0173227 0 -0.00756616 0.00846745 0.0745143 0.0671347 -0.0797274 -0.0360412 0.0937009 0.0728506 0.0357868 0.00555693 -0.0460722 -0.0920662 0.0905234 -0.0429362 0.082697 0.00517807 0.0202767 0.0419783 0.0395785 -0.0597403 0.0707704 -0.0380216 0.0615739 0.0707505 0.0611847 0.0947246 -0.0875102 0.0335519 0.0506417 -0.0877982 0.0331497 0.0514053 -0.0393123 -0.0767346 0.0172632 0.0859741 -0.000753269 -0.0106123 0.00707787 -0.0246265 -0.0619128 0.0105191 0.039693 -0.0574757 -0.0150899 0.00670073 0.0928412 0.0774592 -0.0769925 
-0.0811474 0.00756616 0 -0.0938847 -0.0107807 0.0150553 0.0560416 0.0788951 -0.0117736 -0.0972996 -0.0125634 -0.0925998 0.075641 0.0178353 -0.057615 -0.0823103 -0.0270336 0.0890782 0.0372024 -0.0862238 0.037438 0.0970599 -0.0986494 0.0157536 0.00339252 0.028367 -0.0903519 -1.04387e-05 -0.0190856 0.025881 -0.0861689 -0.0556227 -0.0919471 -0.00197481 -0.0319276 0.0425138 -0.0191387 -0.0201501 0.0711863 0.0205058 0.0826966 -0.0122799 -0.0678721 -0.0960042 -0.040861 0.0760972 -0.0348039 -0.0535255 3.44572e-05 0.0526188 0.0273871 
-0.07868 -0.00846745 0.0938847 0 0.0726491 -0.0587696 0.0239465 0.0967004 0.0714993 -0.0541169 0.0363105 0.0969626 0.0373762 0.00932214 0.0816006 0.0734834 -0.0824389 0.0960515 0.0677845 0.027156 -0.030874 -0.0678592 -0.0033348 -0.0940242 -0.0527442 -0.0942802 0.0114844 0.0878597 0.0150534 -0.00434437 0.0378639 -0.0515716 -0.0790765 -0.0754371 0.0270914 0.0879277 0.0797713 -0.0369453 0.0700445 0.00758281 0.0500848 0.000171356 -0.00435718 0.0535848 -0.000344611 -0.0519343 -0.0447269 0.0898654 0.0668687 0.0664148 -0.0500065 
0.0742036 -0.0745143 0.0107807 -0.0726491 0 -0.0201288 0.0525841 -0.0449966 -0.0545962 0.0200271 0.0687696 -0.0206718 0.0927307 -0.00856234 0.0396837 0.0487864 0.0742446 -0.00741279 0.0246123 0.0441304 0.0443479 0.0575459 -0.0464717 -0.0742337 -0.0537599 -0.00902099 -0.0204691 -0.0168238 0.0965313 -0.00878026 -0.0938643 -0.0527589 0.0343084 -0.0859639 0.051638 -0.0586585 0.0750876 -0.0986342 0.0350456 -0.0792509 0.0233904 0.0911516 -0.0180592 -0.0352672 -0.0503546 0.00761622 -0.0836384 0.0717454 -0.0996338 -0.0994776 -0.0341974 
-0.0323402 -0.0671347 -0.0150553 0.0587696 0.0201288 0 -0.0788837 -0.0588161 -0.0854624 -0.0619583 0.0995909 0.0225492 0.0151536 0.0177112 0.00121527 0.00351532 0.0513743 0.0923034 0.0208421 -0.0313054 -0.067022 0.0822701 -0.00600816 0.0385364 -0.0063362 -0.0828746 -0.0379037 0.0878273 0.078345 0.0642558 -0.0501451 -0.0634004 -0.0653776 0.0855493 0.0630513 0.0747841 -0.000126193 0.00385784 0.0593049 0.0883106 0.0200999 0.0804898 -0.028347 -0.0487556 -0.0961138 0.00211439 -0.015257 -0.011329 -0.06085 0.0258614 0.0515266 
0.0979471 0.0797274 -0.0560416 -0.0239465 -0.0525841 0.0788837 0 -0.0803397 0.0442154 -0.0962156 0.0469383 -0.0402091 0.080756 0.0389615 -0.0545641 -0.0486709 -0.0974219 -0.0184598 -0.0584515 0.0100845 -0.0943347 -0.0880092 0.0782221 0.0459472 -0.000282207 0.0302146 -0.0425791 0.0966182 -0.0186534 -0.0121663 -0.0779775 0.07019 0.0831568 -0.0909342 0.0180322 0.00540263 0.0652872 -0.0973456 -0.0149098 0.0884114 0.053318 0.0865163 0.0613237 0.0981135 0.0282872 0.0861686 0.0381351 -0.0426556 -0.0747569 -0.0489846 -0.00688295 
0.050258 0.0360412 -0.0788951 -0.0967004 0.0449966 0.0588161 0.0803397 0 -0.0297105 0.000745182 0.0121336 0.0179969 0.000681988 -0.0762747 -0.0129663 0.0931247 -0.0625125 -0.0256535 -0.0829521 -0.05903 -0.0749709 -0.0312714 -0.0317064 0.0336549 -0.0474892 -0.0742554 0.0809333 -0.0481128 -0.0889355 0.0418684 -0.0994972 -0.00773767 -0.0521278 -0.0579732 0.0497012 0.0655442 -0.0251063 -0.0952667 -0.0247103 0.090333 -0.0637986 0.0915897 -0.0928248 0.0588505 -0.089823 0.0878117 -0.0738003 -0.00228893 -0.0141621 0.0250937 -0.0620735 
-0.0757158 -0.0937009 0.0117736 -0.0714993 0.0545962 0.0854624 -0.0442154 0.0297105 0 -0.0693686 0.0935636 -0.0668616 -0.0956685 -0.0917433 -0.0715405 0.0371975 -0.0944199 -0.0464476 0.00290773 0.0350545 -0.0246896 -0.0094185 0.0162005 0.0323589 -0.0700106 -0.0164333 0.0634171 0.0705695 -0.0325327 0.0854333 -0.0484649 -0.0833951 -0.0964678 0.0547765 -0.0588758 0.0803999 0.0145348 0.0838157 -0.0238627 -0.0151986 -0.0472218 0.0334199 -0.0414702 -0.0701515 -0.00804286 -0.0880856 -0.00914768 -0.0930464 0.0141019 0.0921192 0.0607458 
-0.0527134 -0.0728506 0.0972996 0.0541169 -0.0200271 0.0619583 0.0962156 -0.000745182 0.0693686 0 -0.036469 -0.0273065 0.0314586 0.00673065 -0.0108011 -0.0103995 0.0696268 -0.0683404 0.0953796 0.00106747 -0.0671973 0.0177676 -0.0701302 0.010872 -0.08323 0.0123356 0.00672985 0.0774708 -0.0758264 0.0545062 -0.0583982 -0.0991116 -0.0519571 -0.0913656 -0.0760658 -0.0875225 -0.055162 0.090448 0.0990258 0.00672708 0.0898647 -0.0734467 -0.068716 0.0121505 -0.0231955 -0.0305323 0.0149207 -0.054434 0.0324256 0.00678086 0.0210539 
-0.038508 -0.0357868 0.0125634 -0.0363105 -0.0687696 -0.0995909 -0.0469383 -0.0121336 -0.0935636 0.036469 0 -0.0912145 -0.0555011 -0.0353983 -0.0602709 -0.0976419 -0.0328275 0.0571108 0.09423 0.0165118 0.0455175 0.0732266 -0.00480228 -0.0464634 -0.0120974 -0.0878123 -0.0774936 -0.0846829 -0.0303428 0.0874797 0.0801164 -0.0778079 -0.0868527 0.0613917 0.0721561 0.0136265 0.0602782 -0.0805166 0.00566743 0.0923971 0.00382295 0.00803642 0.0208037 -0.046344 0.0122419 0.0752905 -0.0702876 0.0821626 0.0453879 0.0976244 0.0989682 
0.068867 -0.00555693 0.0925998 -0.0969626 0.0206718 -0.0225492 0.0402091 -0.0179969 0.0668616 0.0273065 0.0912145 0 -0.0757749 -0.00100156 0.000356611 0.0269135 -0.0560297 -0.0522482 0.0680036 -0.0533659 0.0177229 0.0282193 0.024513 -0.0125756 0.00377325 -0.0483229 0.0961088 0.0195201 0.00293341 -0.0600729 0.0506605 0.0714242 -0.0784152 -0.0419449 -0.00979282 -0.0145542 -0.012863 0.0849595 -0.0761806 -0.0602259 -0.0706914 -0.00570902 -0.00574086 0.055096 -0.0335604 -0.0151839 0.00596851 0.0167136 -0.0989489 0.0958405 -0.0488663 
-0.0464758 0.0460722 -0.075641 -0.0373762 -0.0927307 -0.0151536 -0.080756 -0.000681988 0.0956685 -0.0314586 0.0555011 0.0757749 0 -0.0322007 -0.00304573 0.0752376 -0.0311323 -0.0447549 0.0226542 0.0398486 0.0153573 -0.0200027 -0.0559807 -0.0386647 0.0387333 -0.0161933 -0.033155 0.0870222 0.0296394 0.0579273 0.0596362 -0.073754 0.0502271 0.0491005 -0.0843791 0.0198999 -0.0585035 -0.0625795 -0.0405942 0.0133768 -0.0576733 -0.0600189 -0.0295057 0.0882506 -0.0447277 0.0875108 -0.0943238 0.0823905 0.0917014 -0.0623593 -0.072441 
-0.0681795 0.0920662 -0.0178353 -0.00932214 0.00856234 -0.0177112 -0.0389615 0.0762747 0.0917433 -0.00673065 0.0353983 0.00100156 0.0322007 0 -0.0223637 0.0716726 -0.0982791 0.0151042 -0.0963733 0.0256724 0.0742986 -0.0304167 -0.014337 0.0282643 -0.0440401 0.0624766 0.061109 0.0176013 0.042 -0.00320753 0.0411355 0.0348101 0.0869645 0.0424405 0.0486233 -0.00556612 -0.0310712 0.0485476 0.0387319 0.0875868 -0.0715731 0.0324032 0.0186265 -0.0682051 0.0839134 0.0690604 0.00442194 0.0173992 0.0382033 0.08085 0.0975052 
0.0621493 -0.0905234 0.057615 -0.0816006 -0.0396837 -0.00121527 0.0545641 0.0129663 0.0715405 0.0108011 0.0602709 -0.000356611 0.00304573 0.0223637 0 0.0416594 -0.076177 -0.073763 -0.0818055 -0.00298851 0.0561683 -0.0219614 -0.0261253 -0.0832309 -0.0463847 0.0761931 0.0809863 0.0950533 -0.0396201 0.0940171 -0.0098768 0.0344744 -0.0110037 -0.0108976 0.0611463 -0.046254 -0.00191367 0.00194188 0.0504997 0.0111078 -0.0394041 0.0390212 0.0348061 0.0615591 -0.0378645 0.0557661 0.00855476 0.0424572 -0.0128862 -0.074713 -0.0789969 
-0.0220825 0.0429362 0.0823103 -0.0734834 -0.0487864 -0.00351532 0.0486709 -0.0931247 -0.0371975 0.0103995 0.0976419 -0.0269135 -0.0752376 -0.0716726 -0.0416594 0 -0.0757683 0.0414854 -0.0423494 -0.0800937 0.0951929 0.085466 -0.0714864 -0.0339515 0.0853937 0.0797624 -0.0855863 0.0285788 0.0370638 0.00352339 0.0553474 -0.0945091 -0.0811801 -0.0260289 0.011801 0.0175668 0.0470102 -0.0349147 -0.0288463 0.0619452 -0.0959923 0.0819611 -0.0209387 -0.0842426 0.0894012 0.0713365 -0.0771502 -0.00448817 0.0289736 0.0504316 0.0115894 
0.00647274 -0.082697 0.0270336 0.0824389 -0.0742446 -0.0513743 0.0974219 0.0625125 0.0944199 -0.0696268 0.0328275 0.0560297 0.0311323 0.0982791 0.076177 0.0757683 0 -0.0578377 0.0734537 -0.0148815 -0.0088524 -0.0700545 0.0795249 -0.0596661 -0.0644751 -0.0410481 -0.0799226 0.0821345 0.0932844 -0.0372114 -0.0953997 -0.0532521 0.0375265 -0.0764097 0.0137213 -0.0951859 0.0418505 0.0940723 -0.0768015 -0.00664405 -0.0672339 0.0611866 0.08182 -0.0753716 0.0856822 -0.0305424 -0.0910938 0.0510447 0.0731184 -0.0342691 -0.0154693 
-0.0703752 -0.00517807 -0.0890782 -0.0960515 0.00741279 -0.0923034 0.0184598 0.0256535 0.0464476 0.0683404 -0.0571108 0.0522482 0.0447549 -0.0151042 0.073763 -0.0414854 0.0578377 0 -0.0759814 0.0206628 -0.00799477 -0.0568491 0.0574477 0.0578595 -0.0693563 -0.0334324 -0.0578515 -0.0824691 0.058437 -0.0937741 -0.0708626 -0.0275999 -0.015963 0.0598968 0.042226 0.042491 -0.056349 0.0364807 -0.0907146 0.0392915 -0.0591444 -0.0715188 -0.0524474 0.0298038 -0.0345315 -0.0738691 -0.0810066 -0.0363423 -0.082707 -0.0290512 -0.0528575 
-0.0901684 -0.0202767 -0.0372024 -0.0677845 -0.0246123 -0.0208421 0.0584515 0.0829521 -0.00290773 -0.0953796 -0.09423 -0.0680036 -0.0226542 0.0963733 0.0818055 0.0423494 -0.0734537 0.0759814 0 -0.0346058 -0.0564908 0.0314029 -0.0737474 0.0485116 0.0993122 -0.00528609 -0.0835028 0.0319626 -0.010682 -0.0669225 -0.00629355 0.0372882 -0.0587427 -0.0199681 -0.0665345 0.0457587 -0.0993075 -0.0959061 -0.0524152 0.0066065 -0.0915467 0.0643384 0.0251361 -0.0805817 0.0244341 -0.00156787 -0.032696 0.0645531 0.0284522 0.0904616 0.0902035 
0.0347706 -0.0419783 0.0862238 -0.027156 -0.0441304 0.0313054 -0.0100845 0.05903 -0.0350545 -0.00106747 -0.0165118 0.0533659 -0.0398486 -0.0256724 0.00298851 0.0800937 0.0148815 -0.0206628 0.0346058 0 -0.0461243 0.00793868 -0.00806394 0.0269318 0.0237774 -0.0209389 -0.0217476 -0.0925314 0.0499526 0.0715826 -0.0253211 -0.043149 0.0603565 -0.0799675 0.00762903 -0.0131971 -0.0817436 0.0496383 -0.0497189 0.0364898 0.081454 -0.0816883 -0.028724 -0.0507137 0.00489181 -0.0350765 -0.0718316 -0.050519 -0.0165991 -0.0723846 0.0284345 
-0.0179231 -0.0395785 -0.037438 0.030874 -0.0443479 0.067022 0.0943347 0.0749709 0.0246896 0.0671973 -0.0455175 -0.0177229 -0.0153573 -0.0742986 -0.0561683 -0.0951929 0.0088524 0.00799477 0.0564908 0.0461243 0 -0.0255547 0.0654066 0.0963529 0.0869621 0.077818 0.0997024 0.0452664 0.0531963 0.0847881 -0.0910395 0.0306788 0.0507985 -0.0574632 0.0456832 0.071367 0.0977868 -0.0802433 -0.033961 0.0416425 0.0166415 -0.0883684 -0.0887575 0.0732673 0.0375107 -0.0858459 0.046959 0.0784411 0.0836379 -0.0349526 -0.0839151 
-0.0165916 0.0597403 -0.0970599 0.0678592 -0.0575459 -0.0822701 0.0880092 0.0312714 0.0094185 -0.0177676 -0.0732266 -0.0282193 0.0200027 0.0304167 0.0219614 -0.085466 0.0700545 0.0568491 -0.0314029 -0.00793868 0.0255547 0 0.0162544 -0.086451 -0.0890065 0.0531694 -0.0325824 0.0618775 0.043496 -0.0413037 0.00699915 0.08194 0.0533064 -0.0996527 0.0993191 0.00213404 -0.0730613 -0.0560143 -0.0100674 -0.0851989 -0.0542771 -0.0191263 -0.0130199 0.0787282 -0.0805518 -0.00854379 -0.0952679 -0.0884644 0.0433427 -0.0215137 0.0825228 
0.00751331 -0.0707704 0.0986494 0.0033348 0.0464717 0.00600816 -0.0782221 0.0317064 -0.0162005 0.0701302 0.00480228 -0.024513 0.0559807 0.014337 0.0261253 0.0714864 -0.0795249 -0.0574477 0.0737474 0.00806394 -0.0654066 -0.0162544 0 0.0849723 -0.0464954 -0.0390164 0.0117302 0.0516288 -0.0694952 -0.00789151 -0.0619818 -0.0822006 -0.00982799 -0.0122299 0.0249946 0.0447227 -0.0755679 0.0488543 -0.00645176 0.0518517 -0.0307266 0.0581335 0.0084227 -0.0891889 -0.0312191 0.0456357 -0.0864551 0.0286987 0.0999782 -0.087883 0.0236813 
-0.0484051 0.0380216 -0.0157536 0.0940242 0.0742337 -0.0385364 -0.0459472 -0.0336549 -0.0323589 -0.010872 0.0464634 0.0125756 0.0386647 -0.0282643 0.0832309 0.0339515 0.0596661 -0.0578595 -0.0485116 -0.0269318 -0.0963529 0.086451 -0.0849723 0 0.0812185 -0.0234133 -0.0660158 -0.0519646 -0.0097117 -0.0895866 0.0370606 -0.0541272 -0.0664673 -0.0216983 0.0630839 -0.0151217 -0.0586068 0.00972999 0.0407459 -0.0495671 -0.0074635 -0.0488588 0.077303 -0.0589391 0.0478781 -0.049462 -0.0316094 0.0174113 0.0155754 -0.010323 0.0108881 
-0.0036168 -0.0615739 -0.00339252 0.0527442 0.0537599 0.0063362 0.000282207 0.0474892 0.0700106 0.08323 0.0120974 -0.00377325 -0.0387333 0.0440401 0.0463847 -0.0853937 0.0644751 0.0693563 -0.0993122 -0.0237774 -0.0869621 0.0890065 0.0464954 -0.0812185 0 -0.0395686 -0.0150002 0.0459767 -0.074427 0.00967447 0.0752995 0.0588293 -0.0545946 0.0761167 0.0250053 -0.0517576 0.0603595 0.00639442 0.0692734 -0.058176 0.0918552 -0.0775231 -0.0857384 -0.0178571 0.0889139 0.0328772 -0.0823759 -0.0952731 0.00659765 0.0696741 -0.0756345 
0.0231308 -0.0707505 -0.028367 0.0942802 0.00902099 0.0828746 -0.0302146 0.0742554 0.0164333 -0.0123356 0.0878123 0.0483229 0.0161933 -0.0624766 -0.0761931 -0.0797624 0.0410481 0.0334324 0.00528609 0.0209389 -0.077818 -0.0531694 0.0390164 0.0234133 0.0395686 0 -0.0546661 0.0552167 0.0711217 -0.0289158 -0.0251483 0.0999665 -0.0201245 -0.00439919 -0.00103525 0.0613218 0.00883359 -0.0896987 0.0899767 -0.074224 0.0669174 0.0194948 -0.0596469 -0.0489443 -0.0497348 -0.0996606 0.0407591 0.0491703 0.0644996 0.0984858 0.0427344 
0.0530487 -0.0611847 0.0903519 -0.0114844 0.0204691 0.0379037 0.0425791 -0.0809333 -0.0634171 -0.00672985 0.0774936 -0.0961088 0.033155 -0.061109 -0.0809863 0.0855863 0.0799226 0.0578515 0.0835028 0.0217476 -0.0997024 0.0325824 -0.0117302 0.0660158 0.0150002 0.0546661 0 0.0230312 0.00457741 0.018899 -0.0763363 0.0380866 0.0820119 -0.0741306 0.0802068 0.0157595 -0.0999374 -0.0855151 -0.0827097 -0.0716736 -0.03854 0.0823677 0.0282818 -0.0562476 0.0838821 -0.0883822 0.0946365 0.0989664 0.0435807 0.0689846 0.0684834 
-0.00518127 -0.0947246 1.04387e-05 -0.0878597 0.0168238 -0.0878273 -0.0966182 0.0481128 -0.0705695 -0.0774708 0.0846829 -0.0195201 -0.0870222 -0.0176013 -0.0950533 -0.0285788 -0.0821345 0.0824691 -0.0319626 0.0925314 -0.0452664 -0.0618775 -0.0516288 0.0519646 -0.0459767 -0.0552167 -0.0230312 0 0.0573439 0.0749412 -0.0475776 0.0302157 0.0158613 -0.0448893 -0.0139801 -0.0561643 0.0272817 -0.0920054 -0.0683597 -0.041355 -0.0842599 0.00600556 0.0649321 0.0728198 -0.0536242 -0.0970396 -0.0128497 0.0413045 0.080653 0.0718639 -0.0289634 
0.0843684 0.0875102 0.0190856 -0.0150534 -0.0965313 -0.078345 0.0186534 0.0889355 0.0325327 0.0758264 0.0303428 -0.00293341 -0.0296394 -0.042 0.0396201 -0.0370638 -0.0932844 -0.058437 0.010682 -0.0499526 -0.0531963 -0.043496 0.0694952 0.0097117 0.074427 -0.0711217 -0.00457741 -0.0573439 0 0.036156 -0.0224313 -0.0748879 -0.0845758 -0.0400071 -0.0373791 -0.0764118 0.0151342 -0.0899249 0.0555552 0.0181293 0.0559753 0.0630417 -0.0214754 0.0286526 -0.0786123 0.0856558 0.0459975 0.00219982 -0.0408686 -0.0585197 -0.0972348 
0.0670517 -0.0335519 -0.025881 0.00434437 0.00878026 -0.0642558 0.0121663 -0.0418684 -0.0854333 -0.0545062 -0.0874797 0.0600729 -0.0579273 0.00320753 -0.0940171 -0.00352339 0.0372114 0.0937741 0.0669225 -0.0715826 -0.0847881 0.0413037 0.00789151 0.0895866 -0.00967447 0.0289158 -0.018899 -0.0749412 -0.036156 0 -0.000495527 -0.0292006 -0.0149541 -0.00174294 0.0648703 -0.0442083 -0.0332977 -0.0948017 0.0818575 0.0036754 0.0457051 -0.0644886 -0.00859291 -0.0556857 -0.0187248 -0.065958 -0.0963839 0.0840969 -0.0432943 -0.0250905 -0.0317989 
0.0569706 -0.0506417 0.0861689 -0.0378639 0.0938643 0.0501451 0.0779775 0.0994972 0.0484649 0.0583982 -0.0801164 -0.0506605 -0.0596362 -0.0411355 0.0098768 -0.0553474 0.0953997 0.0708626 0.00629355 0.0253211 0.0910395 -0.00699915 0.0619818 -0.0370606 -0.0752995 0.0251483 0.0763363 0.0475776 0.0224313 0.000495527 0 0.0412956 -0.00435517 -0.0800443 -0.0941048 0.00494201 0.0825977 -0.0111445 0.00757477 0.0979021 -0.0519607 0.0717855 -0.0909866 -0.0325518 0.0346896 0.0333585 -0.0524939 0.0448165 0.0662986 -0.0776349 0.0933134 
0.0356073 0.0877982 0.0556227 0.0515716 0.0527589 0.0634004 -0.07019 0.00773767 0.0833951 0.0991116 0.0778079 -0.0714242 0.073754 -0.0348101 -0.0344744 0.0945091 0.0532521 0.0275999 -0.0372882 0.043149 -0.0306788 -0.08194 0.0822006 0.0541272 -0.0588293 -0.0999665 -0.0380866 -0.0302157 0.0748879 0.0292006 -0.0412956 0 -0.0870731 -0.0771802 0.0656169 0.0223315 0.0175008 0.0518191 -0.0701213 -0.0500516 0.0894447 0.00938902 -0.0919856 -0.0554837 -0.0191068 -0.093712 0.0329381 0.0465226 -0.0446041 0.0798878 -0.0171343 
0.0285795 -0.0331497 0.0919471 0.0790765 -0.0343084 0.0653776 -0.0831568 0.0521278 0.0964678 0.0519571 0.0868527 0.0784152 -0.0502271 -0.0869645 0.0110037 0.0811801 -0.0375265 0.015963 0.0587427 -0.0603565 -0.0507985 -0.0533064 0.00982799 0.0664673 0.0545946 0.0201245 -0.0820119 -0.0158613 0.0845758 0.0149541 0.00435517 0.0870731 0 -0.0321033 -0.0612915 -0.0351299 -0.0305054 0.0228218 -0.0311279 -0.0906757 0.0816744 -0.0666422 -0.0389004 0.002349 0.0328927 0.01344 -0.0811964 0.000651189 0.0188078 -0.0932206 -0.0447602 
0.0483827 -0.0514053 0.00197481 0.0754371 0.0859639 -0.0855493 0.0909342 0.0579732 -0.0547765 0.0913656 -0.0613917 0.0419449 -0.0491005 -0.0424405 0.0108976 0.0260289 0.0764097 -0.0598968 0.0199681 0.0799675 0.0574632 0.0996527 0.0122299 0.0216983 -0.0761167 0.00439919 0.0741306 0.0448893 0.0400071 0.00174294 0.0800443 0.0771802 0.0321033 0 -0.0753171 0.0602338 0.0334028 -0.0321323 -0.0624788 -0.0485358 -0.0690865 0.076524 0.00712518 0.0643044 0.0990835 -0.020942 0.0250933 -0.00728077 -0.0840234 0.0928056 -0.0870643 
0.07826 0.0393123 0.0319276 -0.0270914 -0.051638 -0.0630513 -0.0180322 -0.0497012 0.0588758 0.0760658 -0.0721561 0.00979282 0.0843791 -0.0486233 -0.0611463 -0.011801 -0.0137213 -0.042226 0.0665345 -0.00762903 -0.0456832 -0.0993191 -0.0249946 -0.0630839 -0.0250053 0.00103525 -0.0802068 0.0139801 0.0373791 -0.0648703 0.0941048 -0.0656169 0.0612915 0.0753171 0 0.0373786 -0.000392696 -0.0524717 0.077873 0.0478943 -0.0630484 0.0961517 -0.0693555 0.000374685 -0.0623218 0.0289226 0.0779065 0.0169913 -0.0453329 -0.0162204 -0.02984 
0.0983039 0.0767346 -0.0425138 -0.0879277 0.0586585 -0.0747841 -0.00540263 -0.0655442 -0.0803999 0.0875225 -0.0136265 0.0145542 -0.0198999 0.00556612 0.046254 -0.0175668 0.0951859 -0.042491 -0.0457587 0.0131971 -0.071367 -0.00213404 -0.0447227 0.0151217 0.0517576 -0.0613218 -0.0157595 0.0561643 0.0764118 0.0442083 -0.00494201 -0.0223315 0.0351299 -0.0602338 -0.0373786 0 0.0261969 -0.0534659 -0.0566733 0.0506383 0.0243179 0.0435054 0.0600915 0.0512392 0.0179968 0.068956 -0.031761 0.0255883 0.00380478 0.0904017 -0.0708764 
-0.0539103 -0.0172632 0.0191387 -0.0797713 -0.0750876 0.000126193 -0.0652872 0.0251063 -0.0145348 0.055162 -0.0602782 0.012863 0.0585035 0.0310712 0.00191367 -0.0470102 -0.0418505 0.056349 0.0993075 0.0817436 -0.0977868 0.0730613 0.0755679 0.0586068 -0.0603595 -0.00883359 0.0999374 -0.0272817 -0.0151342 0.0332977 -0.0825977 -0.0175008 0.0305054 -0.0334028 0.000392696 -0.0261969 0 0.0952782 -0.0893415 -0.0209386 -0.0579704 0.031428 -0.0617106 0.054621 -0.0225107 0.0826167 0.0119515 0.0369262 0.0405715 0.077357 -0.00996534 
0.0585185 -0.0859741 0.0201501 0.0369453 0.0986342 -0.00385784 0.0973456 0.0952667 -0.0838157 -0.090448 0.0805166 -0.0849595 0.0625795 -0.0485476 -0.00194188 0.0349147 -0.0940723 -0.0364807 0.0959061 -0.0496383 0.0802433 0.0560143 -0.0488543 -0.00972999 -0.00639442 0.0896987 0.0855151 0.0920054 0.0899249 0.0948017 0.0111445 -0.0518191 -0.0228218 0.0321323 0.0524717 0.0534659 -0.0952782 0 0.00685415 -0.0134849 0.000523642 -0.0886779 -0.0686173 -0.0760594 -0.00628282 -0.0187813 -0.0303639 0.0583176 0.0553031 -0.0798042 0.0508244 
0.0997084 0.000753269 -0.0711863 -0.0700445 -0.0350456 -0.0593049 0.0149098 0.0247103 0.0238627 -0.0990258 -0.00566743 0.0761806 0.0405942 -0.0387319 -0.0504997 0.0288463 0.0768015 0.0907146 0.0524152 0.0497189 0.033961 0.0100674 0.00645176 -0.0407459 -0.0692734 -0.0899767 0.0827097 0.0683597 -0.0555552 -0.0818575 -0.00757477 0.0701213 0.0311279 0.0624788 -0.077873 0.0566733 0.0893415 -0.00685415 0 -0.0401665 -0.0175047 -0.00807307 -0.0963807 -0.00703397 -0.0976457 -0.0535267 0.0628766 0.0429593 -0.0238187 -0.0732977 0.0988538 
0.0873905 0.0106123 -0.0205058 -0.00758281 0.0792509 -0.0883106 -0.0884114 -0.090333 0.0151986 -0.00672708 -0.0923971 0.0602259 -0.0133768 -0.0875868 -0.0111078 -0.0619452 0.00664405 -0.0392915 -0.0066065 -0.0364898 -0.0416425 0.0851989 -0.0518517 0.0495671 0.058176 0.074224 0.0716736 0.041355 -0.0181293 -0.0036754 -0.0979021 0.0500516 0.0906757 0.0485358 -0.0478943 -0.0506383 0.0209386 0.0134849 0.0401665 0 0.0448536 -0.0983534 -0.0670284 0.0660087 0.0941671 0.0459188 0.0415282 -0.0152536 -0.00991138 -0.0194225 0.0285047 
0.00771134 -0.00707787 -0.0826966 -0.0500848 -0.0233904 -0.0200999 -0.053318 0.0637986 0.0472218 -0.0898647 -0.00382295 0.0706914 0.0576733 0.0715731 0.0394041 0.0959923 0.0672339 0.0591444 0.0915467 -0.081454 -0.0166415 0.0542771 0.0307266 0.0074635 -0.0918552 -0.0669174 0.03854 0.0842599 -0.0559753 -0.0457051 0.0519607 -0.0894447 -0.0816744 0.0690865 0.0630484 -0.0243179 0.0579704 -0.000523642 0.0175047 -0.0448536 0 0.0217995 0.0779643 -0.0521568 -0.00643139 0.0691063 -0.0655138 0.0708033 0.00203711 0.0180379 0.0988742 
