10

16000 4500

30 55 80

2

0 41150 25680 54200 95380 15910 88960 74120 26010 88181 66070 
40660 0 51980 32800 99870 42210 75660 63880 24350 72070 26250 
25010 51780 0 61520 74050 12890 69270 52590 42910 73400 76700 
54270 32750 61560 0 77030 51930 42930 31920 49480 39500 29500 
94930 100030 74070 76930 0 81260 55600 46100 111960 61700 106350 
15830 42600 12880 52340 81050 0 78000 61320 33730 82130 67520 
88751 75700 69300 43030 55210 78040 0 17200 90550 6520 68800 
73340 63440 52480 31830 46430 61220 17130 0 75520 21260 61250 
25990 24350 43780 49530 111730 34010 90550 75740 0 88960 48920 
88411 71740 73420 39430 61390 82160 6550 21320 88830 0 64010 
65440 26250 76760 29330 106070 66990 68760 61180 48920 64080 0 

0 Ciudad_0 0 0 32400 0
1 Ciudad_1 721 16298 19703 1442
2 Ciudad_2 814 22946 26858 1628
3 Ciudad_3 620 8674 12807 1240
4 Ciudad_4 311 19460 21987 622
5 Ciudad_5 167 21211 23649 334
6 Ciudad_6 513 7968 10968 1026
7 Ciudad_7 568 22076 25101 1136
8 Ciudad_8 763 2560 4905 1526
9 Ciudad_9 558 19874 23977 1116
10 Ciudad_10 636 15638 18155 1272

0 -0.0984732 -0.0381034 -0.0568591 0.0407964 -0.0877414 0.0667066 0.0385454 -0.0173487 -0.055747 -0.0183388 
0.0984732 0 -0.00731498 0.0999311 0.042922 -0.0539679 -0.051089 0.0898181 0.0274118 0.0656655 0.0841229 
0.0381034 0.00731498 0 -0.0462334 -0.0331253 -0.0753184 0.0383038 0.0706044 0.0455044 0.0414179 0.0886161 
0.0568591 -0.0999311 0.0462334 0 -0.0556833 -0.00430403 0.0793473 0.0084904 -0.0252514 0.0721999 0.0487704 
-0.0407964 -0.042922 0.0331253 0.0556833 0 -0.0106592 -0.0109459 0.0639354 -0.0812663 -0.041006 -0.0556652 
0.0877414 0.0539679 0.0753184 0.00430403 0.0106592 0 0.0391797 -0.0504009 -0.0158617 -0.0875781 -0.0434128 
-0.0667066 0.051089 -0.0383038 -0.0793473 0.0109459 -0.0391797 0 0.00821937 -0.0974596 0.0793911 0.000228663 
-0.0385454 -0.0898181 -0.0706044 -0.0084904 -0.0639354 0.0504009 -0.00821937 0 -0.0414325 0.00578243 0.0409684 
0.0173487 -0.0274118 -0.0455044 0.0252514 0.0812663 0.0158617 0.0974596 0.0414325 0 0.0135424 0.0257621 
0.055747 -0.0656655 -0.0414179 -0.0721999 0.041006 0.0875781 -0.0793911 -0.00578243 -0.0135424 0 0.0688748 
0.0183388 -0.0841229 -0.0886161 -0.0487704 0.0556652 0.0434128 -0.000228663 -0.0409684 -0.0257621 -0.0688748 0 
