10

16000 4500

30 55 80

1

0 72850 19190 41520 73340 62080 55040 29650 92540 48020 27750 
72860 0 54140 71550 116980 85780 121860 61380 122740 111940 45250 
19200 54510 0 46220 74980 56780 68200 22870 97240 58280 9410 
41220 71540 46420 0 108350 99330 74120 66640 54790 67100 50270 
73870 116790 75080 108681 0 41710 54070 57100 153021 51330 80180 
62240 85760 56400 99610 41610 0 77120 34320 153140 67460 57400 
55140 122300 68640 74640 54180 77160 0 64950 106430 10540 77200 
29660 61390 22760 66650 57150 34500 64720 0 120180 54800 24780 
92520 122970 97720 54710 151170 152780 106650 120090 0 108580 103980 
47870 112320 58660 67370 51290 67460 10420 54970 108520 0 67220 
27660 45160 8940 50650 80350 57570 76660 24750 104220 66740 0 

0 Ciudad_0 0 0 32400 0
1 Ciudad_1 426 9188 12593 852
2 Ciudad_2 235 9226 13138 470
3 Ciudad_3 778 12861 16994 1556
4 Ciudad_4 639 10778 13305 1278
5 Ciudad_5 227 14963 17401 454
6 Ciudad_6 141 13241 16241 282
7 Ciudad_7 551 1640 4665 1102
8 Ciudad_8 421 22048 24393 842
9 Ciudad_9 126 9303 13406 252
10 Ciudad_10 346 5010 7527 692

0 0.0882029 -0.0622114 -0.00854761 0.0227427 0.0118314 0.0506698 0.00535595 -0.0351089 0.0690024 -0.092506 
-0.0882029 0 0.0790287 -0.059098 -0.045749 -0.0513386 -0.00644799 0.0291301 -0.0183441 0.0120592 0.0728577 
0.0622114 -0.0790287 0 0.0754456 -0.0143931 0.0296245 0.0757441 -0.0274032 -0.0155188 -0.0373806 -0.032327 
0.00854761 0.059098 -0.0754456 0 0.0236323 0.0598393 0.0105637 -0.00471512 0.0212223 -0.070305 0.00367809 
-0.0227427 0.045749 0.0143931 -0.0236323 0 -0.0610142 -0.0413381 0.0644245 0.0417419 -0.0305569 0.0719707 
-0.0118314 0.0513386 -0.0296245 -0.0598393 0.0610142 0 0.0244664 0.040905 0.0290453 0.00313552 -0.0838646 
-0.0506698 0.00644799 -0.0757441 -0.0105637 0.0413381 -0.0244664 0 -0.0682656 0.0230208 -0.0424539 -0.0122676 
-0.00535595 -0.0291301 0.0274032 0.00471512 -0.0644245 -0.040905 0.0682656 0 -0.0794423 0.0607718 0.0443875 
0.0351089 0.0183441 0.0155188 -0.0212223 -0.0417419 -0.0290453 -0.0230208 0.0794423 0 -0.0785966 -0.0454373 
-0.0690024 -0.0120592 0.0373806 0.070305 0.0305569 -0.00313552 0.0424539 -0.0607718 0.0785966 0 -0.0501879 
0.092506 -0.0728577 0.032327 -0.00367809 -0.0719707 0.0838646 0.0122676 -0.0443875 0.0454373 0.0501879 0 
