10

16000 4500

30 55 80

2

0 57060 65480 37870 99800 81860 59240 93280 37860 86420 59240 
57380 0 8970 79910 121821 106680 53810 38990 45170 126180 101280 
65840 8930 0 88370 130281 115140 57430 33410 53630 134740 109740 
37430 79490 87910 0 83990 62490 74910 116370 53530 49340 22190 
100370 121950 130370 83690 0 22360 78771 140730 76920 61380 88630 
82000 106900 115320 61990 22540 0 70280 129090 63690 41770 66270 
59480 54030 57480 74840 79041 69521 0 60250 21720 99620 95520 
93590 38940 33470 116920 138320 126561 60240 0 70020 155440 138290 
38350 45030 53450 53710 77130 63440 21840 69960 0 83060 74390 
86120 127490 135910 48900 61740 41870 100290 159150 83060 0 40600 
58620 100680 109100 21470 89110 66570 95160 137560 73780 40590 0 

0 Ciudad_0 0 0 32400 0
1 Ciudad_1 431 25282 28687 862
2 Ciudad_2 236 17880 21792 472
3 Ciudad_3 426 6192 10325 852
4 Ciudad_4 550 10969 13496 1100
5 Ciudad_5 687 23833 26271 1374
6 Ciudad_6 578 21326 24326 1156
7 Ciudad_7 403 23821 26846 806
8 Ciudad_8 409 15769 18114 818
9 Ciudad_9 597 4629 8732 1194
10 Ciudad_10 441 4341 6858 882

0 -0.0708793 -0.0769317 0.06744 -0.068431 -0.0112555 -0.0771916 0.0330387 -0.0144876 0.0681585 -0.027906 
0.0708793 0 -0.0709433 -0.093457 0.00016532 0.063855 -0.0510147 0.0852561 0.0143798 0.0283961 -0.0601791 
0.0769317 0.0709433 0 -0.0872575 -0.0926795 -0.00810607 -0.0447882 0.0972274 -0.0931172 0.0295177 0.0511039 
-0.06744 0.093457 0.0872575 0 -0.0369875 -0.044791 -0.0227935 0.0551295 -0.0043828 -0.0187359 0.00238149 
0.068431 -0.00016532 0.0926795 0.0369875 0 0.0666911 -0.0817681 0.0517805 -0.0978333 -0.0156958 -0.015727 
0.0112555 -0.063855 0.00810607 0.044791 -0.0666911 0 -0.0131101 -0.00124154 -0.0993477 -0.031237 -0.00516464 
0.0771916 0.0510147 0.0447882 0.0227935 0.0817681 0.0131101 0 0.000617665 0.0635597 0.0766473 -0.0506495 
-0.0330387 -0.0852561 -0.0972274 -0.0551295 -0.0517805 0.00124154 -0.000617665 0 -0.0222754 -0.0695182 0.0419839 
0.0144876 -0.0143798 0.0931172 0.0043828 0.0978333 0.0993477 -0.0635597 0.0222754 0 0.0201518 0.0649061 
-0.0681585 -0.0283961 -0.0295177 0.0187359 0.0156958 0.031237 -0.0766473 0.0695182 -0.0201518 0 -0.0671615 
0.027906 0.0601791 -0.0511039 -0.00238149 0.015727 0.00516464 0.0506495 -0.0419839 -0.0649061 0.0671615 0 
