10

16000 4500

30 55 80

1

0 26190 39860 96640 87270 98710 60081 8560 93660 92890 13450 
26460 0 63240 115590 74120 117660 35610 22710 112610 97850 22670 
39760 63210 0 77220 115520 74350 94141 42750 69310 92610 45360 
96710 115630 76780 0 121751 8790 128690 96540 8780 53261 95960 
87420 74750 115770 122080 0 127400 46320 79420 122210 74550 75470 
98670 117590 73830 9000 127041 0 132980 98500 5940 58781 97920 
60741 35290 93901 128330 46440 132740 0 53810 127310 91201 51330 
8620 22400 42710 96290 79400 98360 54000 0 93310 86460 5580 
93640 112560 68870 8800 121641 5730 127500 93470 0 54481 92890 
93950 97320 92590 53421 74011 58841 91001 87420 54650 0 84820 
14140 22580 44670 95810 75470 97880 51430 6210 92830 83760 0 

0 Ciudad_0 0 0 32400 0
1 Ciudad_1 237 18566 21971 474
2 Ciudad_2 480 8936 12848 960
3 Ciudad_3 468 7973 12106 936
4 Ciudad_4 351 20760 23287 702
5 Ciudad_5 769 11101 13539 1538
6 Ciudad_6 351 3792 6792 702
7 Ciudad_7 268 11087 14112 536
8 Ciudad_8 571 21138 23483 1142
9 Ciudad_9 286 12060 16163 572
10 Ciudad_10 562 25446 27963 1124

0 0.0444569 -0.0401351 0.0474651 0.0518359 0.0196418 -0.0514147 0.00911923 0.0425359 0.03659 -0.0880735 
-0.0444569 0 0.00379755 0.053456 0.065532 -0.00889976 -0.0210927 0.0864315 0.010903 -0.0676759 0.0155721 
0.0401351 -0.00379755 0 -0.0440877 -0.0866835 0.0752214 0.0164475 0.0968683 -0.0240739 0.00443583 -0.0358986 
-0.0474651 -0.053456 0.0440877 0 -0.0865371 -0.0588168 -0.0517449 0.0763844 0.0700549 -0.0515041 0.0044443 
-0.0518359 -0.065532 0.0866835 0.0865371 0 0.058676 0.085812 -0.0764184 0.0141508 -0.0392497 0.0509631 
-0.0196418 0.00889976 -0.0752214 0.0588168 -0.058676 0 -0.00177492 0.0219028 -0.07906 -0.0668175 0.0733738 
0.0514147 0.0210927 -0.0164475 0.0517449 -0.085812 0.00177492 0 0.0793722 -0.0472666 0.0284591 0.0254336 
-0.00911923 -0.0864315 -0.0968683 -0.0763844 0.0764184 -0.0219028 -0.0793722 0 0.0999142 -0.0620402 -0.0726175 
-0.0425359 -0.010903 0.0240739 -0.0700549 -0.0141508 0.07906 0.0472666 -0.0999142 0 -0.0296731 -0.0854485 
-0.03659 0.0676759 -0.00443583 0.0515041 0.0392497 0.0668175 -0.0284591 0.0620402 0.0296731 0 0.0644195 
0.0880735 -0.0155721 0.0358986 -0.0044443 -0.0509631 -0.0733738 -0.0254336 0.0726175 0.0854485 -0.0644195 0 
