10

16000 4500

30 55 80

1

0 93860 28950 65150 71190 86630 99431 99870 41880 72610 18010 
93730 0 75612 149673 149571 9560 8940 43680 68750 46180 82460 
29210 75931 0 73750 98320 69200 81081 92480 49482 69310 34160 
64710 149461 73480 0 93560 143500 154611 164302 104610 137072 80550 
71300 149921 98110 92570 0 142081 158811 134791 81941 112431 72170 
86500 9570 68810 143582 141591 0 18460 42660 60770 38200 75230 
100213 9410 80912 154973 158921 18910 0 44280 78100 55530 90590 
100320 43670 92050 163431 134762 42650 44150 0 61130 28490 83240 
41470 68840 49291 104490 81851 61000 77730 60930 0 34830 23690 
72930 46070 69130 136831 112431 38230 54960 28480 35000 0 57110 
18100 82570 34220 81120 71930 75340 90160 83570 24180 57470 0 

0 Ciudad_0 0 0 32400 0
1 Ciudad_1 697 19073 22478 1394
2 Ciudad_2 816 3407 7319 1632
3 Ciudad_3 110 16364 20497 220
4 Ciudad_4 413 24701 27228 826
5 Ciudad_5 343 14676 17114 686
6 Ciudad_6 146 20201 23201 292
7 Ciudad_7 335 17918 20943 670
8 Ciudad_8 366 16970 19315 732
9 Ciudad_9 146 16786 20889 292
10 Ciudad_10 668 10900 13417 1336

0 -0.0602833 0.0364923 0.000309368 0.0952458 0.010771 0.0120557 0.0988718 -0.0720685 0.0776786 -0.0340347 
0.0602833 0 0.0743448 0.0656979 -0.0380017 -0.0210863 -0.0542977 -0.0631565 0.0444463 -0.0106672 -0.0929458 
-0.0364923 -0.0743448 0 -0.0138053 0.0342625 -0.020812 -0.0512553 -0.0773804 0.0698122 0.0181381 -0.0657752 
-0.000309368 -0.0656979 0.0138053 0 -0.0245908 0.081729 -0.0717789 0.0127077 0.0433812 0.01849 -0.00161366 
-0.0952458 0.0380017 -0.0342625 0.0245908 0 0.0650443 0.0967958 -0.0860269 -0.00322829 -0.0328503 -0.00716968 
-0.010771 0.0210863 0.020812 -0.081729 -0.0650443 0 -0.0790807 -0.0544065 -0.0219394 0.0208053 0.0342391 
-0.0120557 0.0542977 0.0512553 0.0717789 -0.0967958 0.0790807 0 -0.0411613 -0.0101603 0.0997356 -0.0108673 
-0.0988718 0.0631565 0.0773804 -0.0127077 0.0860269 0.0544065 0.0411613 0 0.0652773 -0.0602273 -0.0598456 
0.0720685 -0.0444463 -0.0698122 -0.0433812 0.00322829 0.0219394 0.0101603 -0.0652773 0 0.0239984 -0.0209369 
-0.0776786 0.0106672 -0.0181381 -0.01849 0.0328503 -0.0208053 -0.0997356 0.0602273 -0.0239984 0 -0.0449861 
0.0340347 0.0929458 0.0657752 0.00161366 0.00716968 -0.0342391 0.0108673 0.0598456 0.0209369 0.0449861 0 
