10

16000 4500

30 55 80

1

0 82690 79890 31900 86340 79180 57420 56720 43850 86260 61470 
82060 0 25200 88190 135450 9160 87300 46880 96550 95790 28620 
79680 24050 0 90450 112991 31050 98310 28240 79721 110960 37020 
32030 88360 90170 0 116610 81680 47690 74880 74120 76530 63810 
85910 134730 112331 116400 0 139150 140050 90900 44440 169160 124560 
78220 9380 31670 81910 138890 0 78970 48510 97740 87220 22600 
57860 87470 97910 47890 140300 78610 0 95130 97810 38750 64910 
56620 46880 27990 75000 90820 48540 94340 0 55150 112760 38120 
42980 96510 78391 73470 44470 97940 97120 54630 0 126230 83360 
86660 95631 110972 76690 169240 86451 38800 113210 126750 0 78470 
59110 29580 37580 61780 123720 22290 62540 39320 83030 75890 0 

0 Ciudad_0 0 0 32400 0
1 Ciudad_1 403 20808 24213 806
2 Ciudad_2 411 5484 9396 822
3 Ciudad_3 596 19074 23207 1192
4 Ciudad_4 582 23727 26254 1164
5 Ciudad_5 212 18014 20452 424
6 Ciudad_6 330 23716 26716 660
7 Ciudad_7 687 8752 11777 1374
8 Ciudad_8 210 23711 26056 420
9 Ciudad_9 330 15657 19760 660
10 Ciudad_10 697 22740 25257 1394

0 0.0540232 -7.0877e-05 -0.0294229 -0.00660632 -0.0671604 -0.0750679 -0.0268384 -0.0282871 0.0572378 0.000388256 
-0.0540232 0 0.0726662 0.0158714 0.0937243 0.0705009 -0.043668 -0.0214557 0.00403783 0.040593 -0.00938092 
7.0877e-05 -0.0726662 0 0.0953581 -0.00583923 -0.0872606 0.0568727 -0.0701735 0.090639 -0.0439669 0.083063 
0.0294229 -0.0158714 -0.0953581 0 -0.00795137 -0.0281872 -0.0898273 0.0484713 -0.0339996 -0.0120669 0.0243252 
0.00660632 -0.0937243 0.00583923 0.00795137 0 -0.0360743 0.0796517 -0.0450529 -0.0925048 0.041712 -0.0110677 
0.0671604 -0.0705009 0.0872606 0.0281872 0.0360743 0 0.0960856 -0.0716866 0.0119915 -0.0930518 0.093512 
0.0750679 0.043668 -0.0568727 0.0898273 -0.0796517 -0.0960856 0 -0.0658488 -0.0493287 0.0121814 0.0163613 
0.0268384 0.0214557 0.0701735 -0.0484713 0.0450529 0.0716866 0.0658488 0 -0.00468754 -0.0792487 -0.00660186 
0.0282871 -0.00403783 -0.090639 0.0339996 0.0925048 -0.0119915 0.0493287 0.00468754 0 -0.00235011 -0.096803 
-0.0572378 -0.040593 0.0439669 0.0120669 -0.041712 0.0930518 -0.0121814 0.0792487 0.00235011 0 0.0800547 
-0.000388256 0.00938092 -0.083063 -0.0243252 0.0110677 -0.093512 -0.0163613 0.00660186 0.096803 -0.0800547 0 
