10

16000 4500

30 55 80

2

0 69040 31160 56090 94370 95130 93470 96650 70140 89510 87740 
68900 0 40170 17730 31620 36770 35110 38290 2640 31150 46040 
32240 40250 0 31690 65580 66340 64680 67860 41350 60720 70040 
56050 17810 31950 0 44490 45390 43730 46910 18910 39770 40920 
95500 32110 66760 45480 0 28190 26530 12930 32150 29790 73190 
95680 37020 66940 45660 28200 0 2030 17560 38100 16840 78590 
93750 35090 65010 43730 26270 2240 0 15630 36170 14910 76660 
97120 38460 68380 47100 13080 18200 16540 0 39540 20130 80030 
70000 2640 41260 18830 31400 37810 36150 39330 0 32190 44750 
89960 31300 61220 39940 29750 16340 14680 19800 32380 0 72870 
87560 45950 70030 40600 72650 78240 76580 79760 44680 72620 0 

0 Ciudad_0 0 0 32400 0
1 Ciudad_1 725 20125 23530 1450
2 Ciudad_2 459 2401 6313 918
3 Ciudad_3 665 7690 11823 1330
4 Ciudad_4 823 7993 10520 1646
5 Ciudad_5 504 23670 26108 1008
6 Ciudad_6 773 14353 17353 1546
7 Ciudad_7 401 21400 24425 802
8 Ciudad_8 822 23956 26301 1644
9 Ciudad_9 324 22293 26396 648
10 Ciudad_10 796 11406 13923 1592

0 0.0804009 -0.0363752 -0.0101118 0.0322646 0.086755 -0.0234849 0.0630405 0.0655289 -0.0840481 0.0509862 
-0.0804009 0 -0.034644 0.0591935 0.0458363 -0.00774027 -0.00204995 -0.09744 0.0745096 0.0682503 0.0151879 
0.0363752 0.034644 0 -0.0952376 -0.0614173 -0.00239004 0.0433579 0.0960148 -0.00219534 -0.0768595 -0.0926578 
0.0101118 -0.0591935 0.0952376 0 -0.0118255 0.0263441 -0.0602116 -0.0551241 -0.0315817 0.00168763 -0.0610964 
-0.0322646 -0.0458363 0.0614173 0.0118255 0 0.0580316 -0.0442887 -0.0401372 -0.0547713 0.0237011 -0.0675127 
-0.086755 0.00774027 0.00239004 -0.0263441 -0.0580316 0 0.0333369 -0.0600264 -0.0178542 -0.0414266 0.0497766 
0.0234849 0.00204995 -0.0433579 0.0602116 0.0442887 -0.0333369 0 -0.089951 -0.0776569 -0.0760364 0.0524907 
-0.0630405 0.09744 -0.0960148 0.0551241 0.0401372 0.0600264 0.089951 0 0.0192771 -0.0322632 -0.0118905 
-0.0655289 -0.0745096 0.00219534 0.0315817 0.0547713 0.0178542 0.0776569 -0.0192771 0 0.058266 0.0658375 
0.0840481 -0.0682503 0.0768595 -0.00168763 -0.0237011 0.0414266 0.0760364 0.0322632 -0.058266 0 0.0184876 
-0.0509862 -0.0151879 0.0926578 0.0610964 0.0675127 -0.0497766 -0.0524907 0.0118905 -0.0658375 -0.0184876 0 
