10

16000 4500

30 55 80

1

0 89170 12360 86820 7810 98141 69730 44500 39760 9540 13370 
88990 0 81870 166471 90330 11070 140570 122641 53600 98480 76910 
12240 81370 0 98540 10830 90341 81450 56220 31960 21260 10940 
86810 165931 98140 0 93470 178282 87740 42890 117050 79020 99180 
7750 89560 10580 93750 0 98531 76660 51430 40150 16470 17710 
98121 11040 91001 178691 99461 0 150460 131991 63481 107611 86041 
69920 140730 81250 87560 76580 150390 0 57560 94970 62130 82110 
44380 123411 55710 43020 51040 132901 57690 0 74530 36590 56750 
39130 53640 32010 117690 40470 62801 94580 75020 0 48620 27050 
9920 98060 21250 79200 16580 107031 62110 36880 48650 0 22290 
12470 76340 11480 99240 18040 85311 82150 56920 26930 21960 0 

0 Ciudad_0 0 0 32400 0
1 Ciudad_1 530 20000 23405 1060
2 Ciudad_2 330 2113 6025 660
3 Ciudad_3 405 8102 12235 810
4 Ciudad_4 406 27409 29936 812
5 Ciudad_5 568 4457 6895 1136
6 Ciudad_6 659 20249 23249 1318
7 Ciudad_7 300 12081 15106 600
8 Ciudad_8 330 24155 26500 660
9 Ciudad_9 720 18486 22589 1440
10 Ciudad_10 207 3092 5609 414

0 -0.047354 -0.075008 -0.0610069 -0.0377724 -0.0834131 -0.00933213 -0.0912184 0.0177237 -0.0791046 0.0155786 
0.047354 0 -0.0184754 0.0659067 -0.00115823 0.021574 0.0786583 0.046542 0.087399 -0.0856319 0.0567384 
0.075008 0.0184754 0 -0.0816489 0.0257059 -0.0585206 0.0380455 0.0401808 0.000464205 0.000175358 -0.0404224 
0.0610069 -0.0659067 0.0816489 0 -0.0943268 -0.0804199 0.0355136 0.0277587 -0.0759423 0.0572493 -0.0772108 
0.0377724 0.00115823 -0.0257059 0.0943268 0 -0.0495337 0.0542028 0.0762139 -0.00379397 -0.0514641 -0.0990359 
0.0834131 -0.021574 0.0585206 0.0804199 0.0495337 0 0.0494367 -0.0456167 -0.0100614 -0.0923382 -0.0607658 
0.00933213 -0.0786583 -0.0380455 -0.0355136 -0.0542028 -0.0494367 0 0.00332101 -0.0336043 0.0245193 0.0708562 
0.0912184 -0.046542 -0.0401808 -0.0277587 -0.0762139 0.0456167 -0.00332101 0 -0.0972582 0.0886588 -0.0015379 
-0.0177237 -0.087399 -0.000464205 0.0759423 0.00379397 0.0100614 0.0336043 0.0972582 0 -0.0385926 -0.064542 
0.0791046 0.0856319 -0.000175358 -0.0572493 0.0514641 0.0923382 -0.0245193 -0.0886588 0.0385926 0 0.0864379 
-0.0155786 -0.0567384 0.0404224 0.0772108 0.0990359 0.0607658 -0.0708562 0.0015379 0.064542 -0.0864379 0 
