10

16000 4500

30 55 80

1

0 90760 45210 35710 96690 88820 72420 63130 73770 95390 75300 
90740 0 111120 87260 144890 36210 121430 117130 31900 48520 143930 
44960 110960 0 24450 40740 90520 37550 19410 104080 94000 31280 
35380 87480 24430 0 63160 69540 38890 32360 86090 75350 61330 
97230 144870 40600 63060 0 112580 25630 48640 147370 110590 10200 
88710 36250 90440 69460 112420 0 89020 84720 57980 14600 111460 
72970 121660 37000 38800 25670 89370 0 24380 123110 92850 23450 
62800 117260 19200 33010 48540 84970 24270 0 117320 88450 46710 
74110 31750 104250 85600 147410 58090 123140 117220 0 71630 145580 
95350 48760 93900 75490 110920 14320 92480 88180 71820 0 114920 
75090 144010 31290 61160 10470 111720 23330 46730 145460 115200 0 

0 Ciudad_0 0 0 32400 0
1 Ciudad_1 486 17687 21092 972
2 Ciudad_2 682 22872 26784 1364
3 Ciudad_3 533 3601 7734 1066
4 Ciudad_4 556 3880 6407 1112
5 Ciudad_5 257 7927 10365 514
6 Ciudad_6 227 13448 16448 454
7 Ciudad_7 128 14524 17549 256
8 Ciudad_8 365 15495 17840 730
9 Ciudad_9 126 17778 21881 252
10 Ciudad_10 404 22501 25018 808

0 -0.0874517 0.0619779 0.00196174 -0.0724673 0.084321 0.0610795 0.0842039 0.0690212 0.0840489 -0.0742938 
0.0874517 0 -0.0503758 -0.02074 -0.05848 -0.0645994 -0.0374293 -0.0032696 0.0416855 0.057245 -0.0620695 
-0.0619779 0.0503758 0 -0.0400041 -0.00373773 0.0726157 -0.0585141 -0.0669614 -0.0178473 -0.00529907 0.0188092 
-0.00196174 0.02074 0.0400041 0 0.0213774 -0.00723729 0.0752142 0.016109 -0.00342203 -0.0894723 0.0740751 
0.0724673 0.05848 0.00373773 -0.0213774 0 0.00876348 -0.0461182 0.0139725 0.0472076 0.0314494 0.0449847 
-0.084321 0.0645994 -0.0726157 0.00723729 -0.00876348 0 -0.0495273 -0.0845833 0.033286 0.0319024 -0.00719763 
-0.0610795 0.0374293 0.0585141 -0.0752142 0.0461182 0.0495273 0 -0.0410821 -0.00121822 -0.0411907 0.0761549 
-0.0842039 0.0032696 0.0669614 -0.016109 -0.0139725 0.0845833 0.0410821 0 -0.0950983 0.0723094 -0.0589456 
-0.0690212 -0.0416855 0.0178473 0.00342203 -0.0472076 -0.033286 0.00121822 0.0950983 0 0.0193583 0.0499579 
-0.0840489 -0.057245 0.00529907 0.0894723 -0.0314494 -0.0319024 0.0411907 -0.0723094 -0.0193583 0 -0.0405088 
0.0742938 0.0620695 -0.0188092 -0.0740751 -0.0449847 0.00719763 -0.0761549 0.0589456 -0.0499579 0.0405088 0 
