10

16000 4500

30 55 80

1

0 55180 27930 59900 89770 94840 20060 63230 98000 85750 99840 
55140 0 67040 38590 108510 96980 74900 72470 85240 97780 62930 
27770 67040 0 55310 64690 70300 15700 38690 83780 61210 95250 
58640 38530 54680 0 82490 60290 68980 42590 48530 66380 41380 
89020 109080 64530 82730 0 44230 69890 41010 68110 21110 103450 
94340 96130 70130 59260 43960 0 83910 34850 25890 23500 64520 
20040 74870 15740 69620 70900 84090 0 52480 97570 75000 109560 
62120 72690 37910 42330 40420 34990 51690 0 46120 28930 72670 
98010 85190 83620 48540 67660 26690 97400 46040 0 47180 45520 
84770 97590 60560 66110 21040 23120 74340 28850 47060 0 82840 
98840 62760 94870 41300 102780 65150 109180 72280 45510 82850 0 

0 Ciudad_0 0 0 32400 0
1 Ciudad_1 304 11909 15314 608
2 Ciudad_2 524 25886 29798 1048
3 Ciudad_3 258 17566 21699 516
4 Ciudad_4 383 6333 8860 766
5 Ciudad_5 504 16424 18862 1008
6 Ciudad_6 763 23230 26230 1526
7 Ciudad_7 597 10758 13783 1194
8 Ciudad_8 345 10809 13154 690
9 Ciudad_9 192 4537 8640 384
10 Ciudad_10 352 23424 25941 704

0 0.0687475 -0.0508584 0.0525798 0.0343897 -0.0553914 0.07255 -0.0994205 0.0113624 0.0917056 -0.0127686 
-0.0687475 0 -0.00348377 0.0246245 -0.00144446 0.0838247 0.0420538 -0.0434956 0.0393397 0.0221479 0.0424532 
0.0508584 0.00348377 0 0.0266399 -0.0412089 -0.0588626 0.0943035 -0.014402 -0.071617 0.0465436 0.0488789 
-0.0525798 -0.0246245 -0.0266399 0 0.0321745 0.0735186 0.0923433 0.00134327 -0.0434255 -0.00261049 0.000623689 
-0.0343897 0.00144446 0.0412089 -0.0321745 0 -0.0147235 0.0580374 0.0834079 0.0449345 -0.0858923 0.0718531 
0.0553914 -0.0838247 0.0588626 -0.0735186 0.0147235 0 0.0223052 0.029002 0.029333 -0.0536013 -0.0935748 
-0.07255 -0.0420538 -0.0943035 -0.0923433 -0.0580374 -0.0223052 0 0.0232938 0.0218505 -0.000566198 0.0740007 
0.0994205 0.0434956 0.014402 -0.00134327 -0.0834079 -0.029002 -0.0232938 0 0.00439638 0.0845416 -0.0483409 
-0.0113624 -0.0393397 0.071617 0.0434255 -0.0449345 -0.029333 -0.0218505 -0.00439638 0 0.0889104 0.0821205 
-0.0917056 -0.0221479 -0.0465436 0.00261049 0.0858923 0.0536013 0.000566198 -0.0845416 -0.0889104 0 -0.0192049 
0.0127686 -0.0424532 -0.0488789 -0.000623689 -0.0718531 0.0935748 -0.0740007 0.0483409 -0.0821205 0.0192049 0 
