10

16000 4500

30 55 80

2

0 53700 96700 71180 88300 47640 67820 48190 78750 72530 38430 
53600 0 139230 108610 138710 97900 93890 38660 97010 74810 54160 
96470 138800 0 134184 42930 50300 57940 138440 163432 92050 132900 
71480 109720 134724 0 109172 87260 135030 75670 38870 143190 54760 
88230 138760 43090 108542 0 41510 75920 132050 136960 108950 117950 
47800 98330 50620 87740 41450 0 51300 93630 115560 75120 82930 
68770 93880 58190 135950 76612 51680 0 108550 146180 36200 105860 
48300 39230 139380 75340 132140 93800 108300 0 63150 101790 20890 
78540 97010 164282 38690 137360 113660 145540 62610 0 150250 44740 
73000 74960 92000 142840 108750 75190 36110 101850 148560 0 104570 
38180 54960 132570 54910 117530 82430 105180 20910 45060 104540 0 

0 Ciudad_0 0 0 32400 0
1 Ciudad_1 629 25428 28833 1258
2 Ciudad_2 114 20367 24279 228
3 Ciudad_3 475 17643 21776 950
4 Ciudad_4 370 8044 10571 740
5 Ciudad_5 596 21432 23870 1192
6 Ciudad_6 679 15272 18272 1358
7 Ciudad_7 512 10653 13678 1024
8 Ciudad_8 781 14547 16892 1562
9 Ciudad_9 392 22564 26667 784
10 Ciudad_10 771 18929 21446 1542

0 -0.0875819 0.0508275 0.0745758 -0.061864 0.084633 0.0256378 0.0378501 -0.0367403 -0.0738927 0.00284002 
0.0875819 0 -0.00192093 -0.0035754 0.0500633 -0.0260545 -0.00991468 0.0399247 0.0935691 0.0784504 0.0544011 
-0.0508275 0.00192093 0 -0.0682098 -0.0621509 -0.0530875 -0.0298783 -0.0727542 -0.00502066 -0.0774466 0.0451839 
-0.0745758 0.0035754 0.0682098 0 -0.081906 -0.0697776 0.0819703 0.00544646 0.0856653 0.0261617 3.04947e-05 
0.061864 -0.0500633 0.0621509 0.081906 0 -0.0573314 0.0772884 0.0531308 0.0442876 -0.018545 0.049392 
-0.084633 0.0260545 0.0530875 0.0697776 0.0573314 0 0.039882 0.0127424 0.00439647 0.0359418 0.00835775 
-0.0256378 0.00991468 0.0298783 -0.0819703 -0.0772884 -0.039882 0 0.0676362 0.0690154 0.0816685 0.0276753 
-0.0378501 -0.0399247 0.0727542 -0.00544646 -0.0531308 -0.0127424 -0.0676362 0 -0.000552254 0.0517413 -0.00737014 
0.0367403 -0.0935691 0.00502066 -0.0856653 -0.0442876 -0.00439647 -0.0690154 0.000552254 0 0.0237178 0.0124916 
0.0738927 -0.0784504 0.0774466 -0.0261617 0.018545 -0.0359418 -0.0816685 -0.0517413 -0.0237178 0 0.065812 
-0.00284002 -0.0544011 -0.0451839 -3.04947e-05 -0.049392 -0.00835775 -0.0276753 0.00737014 -0.0124916 -0.065812 0 
