10

16000 4500

30 55 80

1

0 76470 53070 83690 35130 76280 63320 30580 79540 62990 74040 
76830 0 95100 25790 55330 141190 22120 50450 91770 77550 147500 
52820 94180 0 113250 41870 110960 91220 76050 127973 32450 97020 
84280 25590 113430 0 73390 142470 22010 53390 72320 100740 152670 
35480 55050 42600 73340 0 108382 51690 40600 96672 34780 99150 
76460 141250 110940 142510 108482 0 122490 91700 93990 130920 39450 
63420 24660 90940 25510 51450 123410 0 32670 73470 78800 129740 
31160 50460 76040 53380 40570 91350 33010 0 57650 75100 97170 
79870 92070 127413 72370 96672 93720 70060 57760 0 130492 110310 
64020 77060 32130 100820 34360 131370 79170 74800 130152 0 119150 
73640 148600 96960 153970 98910 39600 132140 96890 110650 118190 0 

0 Ciudad_0 0 0 32400 0
1 Ciudad_1 575 17679 21084 1150
2 Ciudad_2 675 22781 26693 1350
3 Ciudad_3 194 4367 8500 388
4 Ciudad_4 438 11744 14271 876
5 Ciudad_5 147 20302 22740 294
6 Ciudad_6 651 6902 9902 1302
7 Ciudad_7 712 17986 21011 1424
8 Ciudad_8 533 14694 17039 1066
9 Ciudad_9 298 16932 21035 596
10 Ciudad_10 125 6252 8769 250

0 0.0336644 -0.0923956 0.0376489 0.0376545 0.0560094 0.0879758 0.094614 -0.0500702 -0.014631 0.0311272 
-0.0336644 0 -0.000551652 0.0597702 -0.0036105 0.020877 -0.090106 0.0549332 -0.091419 -0.0378874 -0.0345051 
0.0923956 0.000551652 0 0.0851891 -0.08008 0.036695 -0.0232394 -0.0054458 -0.00533944 0.096479 0.0855992 
-0.0376489 -0.0597702 -0.0851891 0 -0.0261186 0.08826 0.00348654 0.0962394 0.0392597 -0.0112244 0.0530113 
-0.0376545 0.0036105 0.08008 0.0261186 0 -0.019662 -0.0355164 -0.0459022 -0.0543659 -0.0696929 0.0976495 
-0.0560094 -0.020877 -0.036695 -0.08826 0.019662 0 -0.0872357 -0.0303136 -0.0201592 -0.0202941 0.0298669 
-0.0879758 0.090106 0.0232394 -0.00348654 0.0355164 0.0872357 0 -0.0127563 -0.0789415 -0.0900177 0.0564637 
-0.094614 -0.0549332 0.0054458 -0.0962394 0.0459022 0.0303136 0.0127563 0 0.0432989 0.00199817 0.0583075 
0.0500702 0.091419 0.00533944 -0.0392597 0.0543659 0.0201592 0.0789415 -0.0432989 0 0.0307425 -0.0795429 
0.014631 0.0378874 -0.096479 0.0112244 0.0696929 0.0202941 0.0900177 -0.00199817 -0.0307425 0 -0.0924905 
-0.0311272 0.0345051 -0.0855992 -0.0530113 -0.0976495 -0.0298669 -0.0564637 -0.0583075 0.0795429 0.0924905 0 
