10

16000 4500

30 55 80

2

0 47930 50630 34410 94780 58520 32100 70770 13500 96960 59270 
47800 0 91070 13870 119640 71470 16180 94530 38190 118810 100560 
50530 90610 0 77880 137201 50830 76640 112551 64030 150100 24420 
34440 14050 78430 0 106350 64510 2790 81240 24900 105520 87920 
94980 119450 137660 106110 0 150352 103370 25360 84260 30390 136071 
58261 71380 50830 64280 152192 0 65710 126682 65751 151942 72480 
32100 16330 77150 2760 103580 65710 0 78470 22130 102750 86640 
70560 94090 112620 80750 25110 124382 78010 0 58900 35160 111031 
13610 38150 64240 24810 84260 66142 22070 59150 0 85280 72880 
96860 118480 149430 105140 30410 150832 102400 34990 85170 0 150871 
59350 100280 24610 87550 135572 72820 86310 110922 72850 149782 0 

0 Ciudad_0 0 0 32400 0
1 Ciudad_1 691 24806 28211 1382
2 Ciudad_2 692 22209 26121 1384
3 Ciudad_3 190 24736 28869 380
4 Ciudad_4 613 16916 19443 1226
5 Ciudad_5 528 14235 16673 1056
6 Ciudad_6 375 3748 6748 750
7 Ciudad_7 718 13217 16242 1436
8 Ciudad_8 203 13365 15710 406
9 Ciudad_9 414 13761 17864 828
10 Ciudad_10 168 3450 5967 336

0 0.0643515 0.0534148 -0.00913152 0.0256891 -0.0568922 -0.000270885 0.0599589 -0.041883 0.0401687 0.046414 
-0.0643515 0 -0.0710046 0.0560807 0.0366881 -0.074406 0.071432 -0.062151 -0.0433777 0.0418292 0.0401227 
-0.0534148 0.0710046 0 0.0269203 0.0571636 0.0625242 0.095916 0.0648557 0.0511715 0.0109888 -0.0198469 
0.00913152 -0.0560807 -0.0269203 0 -0.0344732 -0.0770916 -0.0450346 -0.02555 -0.084559 0.0617606 -0.0377636 
-0.0256891 -0.0366881 -0.0571636 0.0344732 0 0.00665216 -0.0346284 0.0685788 0.0521111 -0.0227894 -0.00586892 
0.0568922 0.074406 -0.0625242 0.0770916 -0.00665216 0 0.027552 -0.0559697 -0.00787945 0.061687 -0.0322605 
0.000270885 -0.071432 -0.095916 0.0450346 0.0346284 -0.027552 0 0.00769825 -0.03394 -0.0192603 0.0572056 
-0.0599589 0.062151 -0.0648557 0.02555 -0.0685788 0.0559697 -0.00769825 0 -0.0669151 0.0408291 -0.00217583 
0.041883 0.0433777 -0.0511715 0.084559 -0.0521111 0.00787945 0.03394 0.0669151 0 0.0673955 -0.00860176 
-0.0401687 -0.0418292 -0.0109888 -0.0617606 0.0227894 -0.061687 0.0192603 -0.0408291 -0.0673955 0 -0.0668414 
-0.046414 -0.0401227 0.0198469 0.0377636 0.00586892 0.0322605 -0.0572056 0.00217583 0.00860176 0.0668414 0 
