10

16000 4500

30 55 80

1

0 50300 23970 34340 48510 85720 23960 27640 51731 72530 93240 
51490 0 36040 19300 32750 115060 39340 31920 45370 114671 124380 
24480 35930 0 22300 31450 82740 5810 20080 47930 84060 92060 
34920 19290 22240 0 29620 102410 26750 13240 32700 99001 111730 
49170 33060 31410 29810 0 105290 34710 35820 60640 111001 116490 
86320 116690 83740 103200 105720 0 80470 100540 128390 58680 12330 
24730 39990 5800 26760 35510 79140 0 24540 52390 79500 88460 
27830 31840 20060 13180 35470 99740 24570 0 30920 96130 109060 
51371 45400 47920 32720 60480 127600 52430 30950 0 122922 136920 
72830 114360 84400 99010 111050 58470 79590 95940 122661 0 65990 
93780 125580 92630 112090 117040 12540 89360 109430 137280 66140 0 

0 Ciudad_0 0 0 32400 0
1 Ciudad_1 169 2146 5551 338
2 Ciudad_2 508 22253 26165 1016
3 Ciudad_3 702 19381 23514 1404
4 Ciudad_4 406 14638 17165 812
5 Ciudad_5 269 19955 22393 538
6 Ciudad_6 279 4222 7222 558
7 Ciudad_7 659 1755 4780 1318
8 Ciudad_8 215 3398 5743 430
9 Ciudad_9 589 10046 14149 1178
10 Ciudad_10 541 5583 8100 1082

0 -0.0428239 -0.048496 -0.0474424 -0.0783459 0.0466376 0.0770174 0.0220922 0.0817481 0.0713122 -0.0651492 
0.0428239 0 -0.0431307 0.0765477 -0.0346723 0.00646556 -0.019834 0.0415359 -0.0615156 -0.0952701 -0.0783849 
0.048496 0.0431307 0 -0.0743675 0.0456705 0.0305993 -0.0917604 -0.0739188 0.0290872 -0.0322553 0.0341304 
0.0474424 -0.0765477 0.0743675 0 0.0400536 -0.0668765 0.0186663 0.020844 -0.0767511 0.00246792 -0.058636 
0.0783459 0.0346723 -0.0456705 -0.0400536 0 -0.0405832 -0.0523606 -0.00745386 -0.0181295 0.0930321 0.00722511 
-0.0466376 -0.00646556 -0.0305993 0.0668765 0.0405832 0 0.0154225 0.0497189 -0.02111 0.0160105 0.0952999 
-0.0770174 0.019834 0.0917604 -0.0186663 0.0523606 -0.0154225 0 0.0460074 -0.00814118 -0.0556225 0.0940888 
-0.0220922 -0.0415359 0.0739188 -0.020844 0.00745386 -0.0497189 -0.0460074 0 0.0867641 0.0240329 -0.0802508 
-0.0817481 0.0615156 -0.0290872 0.0767511 0.0181295 0.02111 0.00814118 -0.0867641 0 -0.0523159 -0.0472513 
-0.0713122 0.0952701 0.0322553 -0.00246792 -0.0930321 -0.0160105 0.0556225 -0.0240329 0.0523159 0 0.0682236 
0.0651492 0.0783849 -0.0341304 0.058636 -0.00722511 -0.0952999 -0.0940888 0.0802508 0.0472513 -0.0682236 0 
