10

16000 4500

30 55 80

1

0 90400 98250 10720 17140 35840 72460 79370 34760 59560 35860 
89970 0 21730 83530 75250 55780 46650 57170 83260 92540 92660 
98260 21480 0 91820 83360 64070 38050 46580 85800 113480 92820 
10690 83890 91740 0 14220 29330 67721 77090 32960 56360 38000 
16720 75500 83350 14240 0 20940 57311 64470 21200 63030 27950 
35940 56180 64030 29500 21220 0 45790 57940 32830 61290 42200 
72090 47410 38280 67601 56841 45900 0 13390 51620 104900 56490 
79200 57500 46210 77271 64500 57660 13420 0 57090 115070 61000 
34550 83430 85800 33130 21290 32810 51270 56560 0 81540 10570 
59300 92800 113400 56130 62650 61440 105420 115460 81490 0 90250 
35930 92930 92930 38040 28090 42310 56570 60250 10900 90840 0 

0 Ciudad_0 0 0 32400 0
1 Ciudad_1 627 9830 13235 1254
2 Ciudad_2 259 8791 12703 518
3 Ciudad_3 137 6850 10983 274
4 Ciudad_4 689 4012 6539 1378
5 Ciudad_5 371 27162 29600 742
6 Ciudad_6 103 17702 20702 206
7 Ciudad_7 442 22298 25323 884
8 Ciudad_8 514 19929 22274 1028
9 Ciudad_9 604 17727 21830 1208
10 Ciudad_10 604 10242 12759 1208

0 -0.0521402 -0.0146254 -0.0827639 -0.00322591 0.0595932 -0.0795025 0.096756 0.0536494 0.033095 -0.0255869 
0.0521402 0 -0.0797648 0.0155357 -0.0267186 0.0784927 -0.00292511 -0.0566818 -0.0349993 -0.075745 -0.0328084 
0.0146254 0.0797648 0 -0.0159307 -0.0490668 0.0746739 0.0404321 -0.0452412 0.0594832 -0.0222347 -0.0723592 
0.0827639 -0.0155357 0.0159307 0 0.0641218 0.00580611 -0.0924168 0.0139916 -0.0257286 -0.00526053 0.00890277 
0.00322591 0.0267186 0.0490668 -0.0641218 0 0.0528768 0.0400906 0.00841597 -0.0829964 0.0953641 -0.0594582 
-0.0595932 -0.0784927 -0.0746739 -0.00580611 -0.0528768 0 0.0711967 -0.00988674 -0.0894184 0.098559 0.0554143 
0.0795025 0.00292511 -0.0404321 0.0924168 -0.0400906 -0.0711967 0 0.0681182 -0.00029203 0.0742879 0.04604 
-0.096756 0.0566818 0.0452412 -0.0139916 -0.00841597 0.00988674 -0.0681182 0 0.035553 -0.0310493 -0.071026 
-0.0536494 0.0349993 -0.0594832 0.0257286 0.0829964 0.0894184 0.00029203 -0.035553 0 -0.0652542 -0.0937506 
-0.033095 0.075745 0.0222347 0.00526053 -0.0953641 -0.098559 -0.0742879 0.0310493 0.0652542 0 0.0211067 
0.0255869 0.0328084 0.0723592 -0.00890277 0.0594582 -0.0554143 -0.04604 0.071026 0.0937506 -0.0211067 0 
