10

16000 4500

30 55 80

2

0 92810 52570 47560 33960 62500 79590 98890 51050 16180 31370 
92900 0 46070 54700 106340 106460 139210 8750 140170 108560 124160 
52870 45790 0 33190 72770 91870 114010 46940 97900 67330 83630 
47530 54350 33040 0 52930 61520 86070 58590 95680 63190 77040 
34000 106220 72730 53090 0 37890 49960 110460 67030 40450 41190 
62550 106210 91710 61490 37860 0 33540 113890 103160 75550 76550 
79810 138980 113480 86030 49960 33550 0 143220 112980 87360 86410 
98710 8940 47340 58780 110420 114120 143290 0 144071 113170 129470 
51170 140020 97660 95860 66750 103160 113010 144810 0 35190 28760 
16200 108460 66930 63210 40120 75570 86930 113250 35090 0 18490 
31390 124090 83350 77190 41530 76690 86570 129670 28570 18660 0 

0 Ciudad_0 0 0 32400 0
1 Ciudad_1 187 6316 9721 374
2 Ciudad_2 806 18833 22745 1612
3 Ciudad_3 672 9957 14090 1344
4 Ciudad_4 465 26719 29246 930
5 Ciudad_5 628 12209 14647 1256
6 Ciudad_6 735 17727 20727 1470
7 Ciudad_7 204 18792 21817 408
8 Ciudad_8 824 6497 8842 1648
9 Ciudad_9 348 22933 27036 696
10 Ciudad_10 672 19476 21993 1344

0 0.0590453 0.00638944 -0.0296744 0.0181729 -0.0697488 -0.0895203 0.0562485 0.0355566 -0.0993268 0.0334413 
-0.0590453 0 -0.0518719 0.0498746 0.0358351 0.01168 0.043604 -0.099192 -0.0668604 -0.071205 -0.0884014 
-0.00638944 0.0518719 0 -0.0339748 -0.000518606 -0.0730982 -0.0625778 0.0122819 -0.0640404 0.0768112 0.0176519 
0.0296744 -0.0498746 0.0339748 0 -0.00345041 0.0584541 -0.0684274 -0.0108267 -0.0640311 0.0427367 0.0198709 
-0.0181729 -0.0358351 0.000518606 0.00345041 0 -0.0310902 -0.00135334 -0.0159235 0.0464666 -0.081547 -0.0354316 
0.0697488 -0.01168 0.0730982 -0.0584541 0.0310902 0 -0.0919905 0.000208266 -0.0119113 0.0959833 0.00780622 
0.0895203 -0.043604 0.0625778 0.0684274 0.00135334 0.0919905 0 -0.0770158 0.091461 0.0212213 -0.00274698 
-0.0562485 0.099192 -0.0122819 0.0108267 0.0159235 -0.000208266 0.0770158 0 0.0756959 -0.0778834 0.0450623 
-0.0355566 0.0668604 0.0640404 0.0640311 -0.0464666 0.0119113 -0.091461 -0.0756959 0 0.08633 -0.0488011 
0.0993268 0.071205 -0.0768112 -0.0427367 0.081547 -0.0959833 -0.0212213 0.0778834 -0.08633 0 0.0467842 
-0.0334413 0.0884014 -0.0176519 -0.0198709 0.0354316 -0.00780622 0.00274698 -0.0450623 0.0488011 -0.0467842 0 
