20

16000 4500

30 55 80

2

0 72550 75190 84090 50410 99030 23430 77460 92060 67100 39450 68180 56370 49270 55840 27640 51730 83710 46610 62540 57330 
72350 0 58990 122250 119341 167240 91970 148291 117250 111270 70600 98570 21910 79920 96180 90790 113460 151920 109250 124580 118350 
76750 58940 0 146100 126961 152930 98171 151491 142100 135120 57150 63160 56250 103280 120030 85560 130670 144720 103770 141480 104150 
84240 123050 146410 0 76040 137400 69410 86800 42020 22750 122990 149820 104080 44050 32500 95810 46210 121980 110450 48650 120650 
50580 118691 127081 75850 0 64500 28200 28240 103420 55710 75600 93090 100470 63500 57510 40510 30890 49080 42800 30620 49581 
98880 166630 152860 136870 64550 0 86141 57480 167491 117160 98500 94840 153250 125431 120520 74940 93010 16390 59230 90620 50630 
23480 92020 98461 69360 28290 86262 0 55340 85640 49930 58080 81350 74100 43150 41950 28400 32000 70842 43280 41320 53480 
77920 147821 151711 86560 28280 57680 55540 0 118730 66850 97620 112911 129740 88300 74850 63470 43350 48730 57270 40310 63171 
91620 117030 143910 42530 103430 166902 85320 119380 0 53810 123730 154464 98450 43680 51240 108330 76340 151482 126470 81350 137190 
66730 111310 134670 22940 55370 117500 49710 67220 53570 0 104360 129070 92340 33690 17160 76490 24920 102080 88810 29600 99010 
39660 70240 57580 122840 75550 99030 58010 97680 124080 104850 0 33220 64820 84960 94590 37070 89170 88980 46820 95490 51250 
68350 98740 63860 149460 92800 95460 81320 112370 154122 129020 33210 0 93320 115002 120750 54320 109680 87590 56570 113420 50490 
56150 22220 56110 103980 100390 154140 73910 129810 99180 93000 65120 93090 0 61860 77910 80360 94620 137990 98820 105740 107920 
49140 81050 104430 44100 63600 124972 43200 88630 43740 34290 84160 114894 62450 0 20860 65850 45070 109552 83990 56350 94710 
56030 97140 120540 32300 57470 120420 42050 75100 51570 17640 94780 120870 78170 20710 0 68450 31540 105000 84390 41220 94590 
27460 90760 85360 95530 40320 75150 28490 63500 108300 76540 36870 54360 80440 65620 68120 0 57200 59830 19980 60260 30700 
52200 113100 131621 46430 30940 93060 32160 43640 76310 25280 89360 110050 95180 45020 31570 57470 0 77640 67930 11870 78130 
83720 151470 144510 121590 48800 16360 70391 48760 151741 101880 88870 87700 137990 109681 104770 59780 77260 0 44070 75340 38880 
46430 108950 104230 110360 42680 59050 43350 57230 126660 89060 47040 56800 98630 83980 84370 19790 67890 43980 0 68480 11900 
62930 123950 144071 48830 30580 90970 41410 40370 81000 29120 95510 113540 106030 56470 41390 60420 11890 75550 68430 0 78201 
56930 118180 104270 120430 49430 50770 53420 62900 137160 99130 51300 50880 107860 94480 94440 30290 77960 39290 10800 78100 0 

0 Ciudad_0 0 0 32400 0
1 Ciudad_1 690 17374 20779 1380
2 Ciudad_2 548 15514 19426 1096
3 Ciudad_3 223 7396 11529 446
4 Ciudad_4 786 2157 4684 1572
5 Ciudad_5 614 6228 8666 1228
6 Ciudad_6 360 19229 22229 720
7 Ciudad_7 805 23499 26524 1610
8 Ciudad_8 262 9720 12065 524
9 Ciudad_9 262 9165 13268 524
10 Ciudad_10 360 7130 9647 720
11 Ciudad_11 148 25375 28474 296
12 Ciudad_12 578 7042 11728 1156
13 Ciudad_13 222 7467 11397 444
14 Ciudad_14 822 23695 28368 1644
15 Ciudad_15 185 27440 30278 370
16 Ciudad_16 658 2702 6187 1316
17 Ciudad_17 735 16494 19535 1470
18 Ciudad_18 119 5893 10529 238
19 Ciudad_19 130 13909 16920 260
20 Ciudad_20 283 23134 25437 566

0 0.0665388 0.00228783 -0.0208299 0.00899718 0.0991283 -0.0893741 -0.0433829 -0.0202755 0.021846 -0.0137453 0.0329152 0.0382123 -0.0946882 -0.0788506 0.0822409 0.0191415 0.0713257 0.0814761 0.0171218 -0.0313495 
-0.0665388 0 -0.0889498 0.0333276 0.0797862 -0.0488192 0.0906308 0.0943787 0.0757702 -0.0699097 0.0381199 -0.0259655 -0.00253484 -0.0680221 0.0260422 -0.0768185 0.0635786 0.00618433 0.02402 0.00612998 -0.056033 
-0.00228783 0.0889498 0 -0.0768722 0.0691116 0.0800022 -0.0278601 0.0813306 0.0249321 0.0938026 0.0400711 -0.0803085 0.0833496 -0.0654313 -0.00693113 0.051062 -0.00255411 -0.0255184 -0.0815063 -0.0232273 0.0932567 
0.0208299 -0.0333276 0.0768722 0 0.0114757 -0.000250497 0.0509389 0.0716888 -0.091566 0.0768883 0.0280926 0.00237021 0.0381263 0.050297 0.0112248 -0.0536247 0.0332286 -0.0265662 -0.0880939 -0.0899215 0.035101 
-0.00899718 -0.0797862 -0.0691116 -0.0114757 0 0.0606854 0.0195419 0.0959907 0.0229124 -0.070986 0.0809675 0.0943758 0.089182 -0.0312146 0.0607036 -0.0130447 0.000848286 0.0746829 0.0280927 -0.0671731 0.0780707 
-0.0991283 0.0488192 -0.0800022 0.000250497 -0.0606854 0 0.00715581 -0.0149598 0.0386167 -0.0431539 -0.0146827 0.0913181 0.0489869 -0.0749544 -0.0106174 0.0555543 -0.00594422 -0.0921876 -0.0704786 -0.0744321 -0.077495 
0.0893741 -0.0906308 0.0278601 -0.0509389 -0.0195419 -0.00715581 0 0.00708419 0.0697012 -0.0760832 0.0330532 0.0619533 0.0190396 -0.0141452 -0.0330715 -0.0444593 0.0650803 0.0953711 -0.0712 -0.0203802 -0.0615417 
0.0433829 -0.0943787 -0.0813306 -0.0716888 -0.0959907 0.0149598 -0.00708419 0 0.0903755 0.0730343 0.0341816 0.0269795 -0.0461538 0.0747974 -0.0270561 0.0929397 -0.0225438 0.0647648 -0.0323538 0.0193201 -0.091204 
0.0202755 -0.0757702 -0.0249321 0.091566 -0.0229124 -0.0386167 -0.0697012 -0.0903755 0 -0.0831906 0.0646575 -0.0880016 0.0348842 0.0275475 0.00774087 -0.0864393 -0.0193076 0.0162146 -0.0733906 0.0408437 0.0503067 
-0.021846 0.0699097 -0.0938026 -0.0768883 0.070986 0.0431539 0.0760832 -0.0730343 0.0831906 0 0.0494278 0.0249433 -0.0996241 -0.0587603 -0.099964 -0.0971236 0.062387 0.0796975 -0.0712744 -0.0081318 0.0477372 
0.0137453 -0.0381199 -0.0400711 -0.0280926 -0.0809675 0.0146827 -0.0330532 -0.0341816 -0.0646575 -0.0494278 0 -0.0167055 0.0498934 -0.071813 0.0307903 -0.0965796 0.0189184 0.0642283 -0.0676781 -0.0534423 -0.076346 
-0.0329152 0.0259655 0.0803085 -0.00237021 -0.0943758 -0.0913181 -0.0619533 -0.0269795 0.0880016 -0.0249433 0.0167055 0 0.0492144 0.0500821 -0.06968 0.042488 0.0328582 -0.0883873 -0.0916102 0.0177237 0.0699952 
-0.0382123 0.00253484 -0.0833496 -0.0381263 -0.089182 -0.0489869 -0.0190396 0.0461538 -0.0348842 0.0996241 -0.0498934 -0.0492144 0 0.0653811 0.0883662 0.0979207 -0.0313632 0.0447466 0.030603 0.0856047 -0.0320698 
0.0946882 0.0680221 0.0654313 -0.050297 0.0312146 0.0749544 0.0141452 -0.0747974 -0.0275475 0.0587603 0.071813 -0.0500821 -0.0653811 0 -0.0593535 -0.0241398 -0.0424179 0.0277578 -0.0915119 0.0270954 0.0483302 
0.0788506 -0.0260422 0.00693113 -0.0112248 -0.0607036 0.0106174 0.0330715 0.0270561 -0.00774087 0.099964 -0.0307903 0.06968 -0.0883662 0.0593535 0 0.0937204 0.0488799 0.0251 -0.00532385 -0.0843865 0.0378679 
-0.0822409 0.0768185 -0.051062 0.0536247 0.0130447 -0.0555543 0.0444593 -0.0929397 0.0864393 0.0971236 0.0965796 -0.042488 -0.0979207 0.0241398 -0.0937204 0 0.0252932 0.0213733 0.0895086 -0.0324422 0.00172159 
-0.0191415 -0.0635786 0.00255411 -0.0332286 -0.000848286 0.00594422 -0.0650803 0.0225438 0.0193076 -0.062387 -0.0189184 -0.0328582 0.0313632 0.0424179 -0.0488799 -0.0252932 0 -0.00100399 0.0934218 -0.03958 -0.0519799 
-0.0713257 -0.00618433 0.0255184 0.0265662 -0.0746829 0.0921876 -0.0953711 -0.0647648 -0.0162146 -0.0796975 -0.0642283 0.0883873 -0.0447466 -0.0277578 -0.0251 -0.0213733 0.00100399 0 -0.00609902 0.0387176 0.0313164 
-0.0814761 -0.02402 0.0815063 0.0880939 -0.0280927 0.0704786 0.0712 0.0323538 0.0733906 0.0712744 0.0676781 0.0916102 -0.030603 0.0915119 0.00532385 -0.0895086 -0.0934218 0.00609902 0 0.081401 -0.0846312 
-0.0171218 -0.00612998 0.0232273 0.0899215 0.0671731 0.0744321 0.0203802 -0.0193201 -0.0408437 0.0081318 0.0534423 -0.0177237 -0.0856047 -0.0270954 0.0843865 0.0324422 0.03958 -0.0387176 -0.081401 0 -0.0595878 
0.0313495 0.056033 -0.0932567 -0.035101 -0.0780707 0.077495 0.0615417 0.091204 -0.0503067 -0.0477372 0.076346 -0.0699952 0.0320698 -0.0483302 -0.0378679 -0.00172159 0.0519799 -0.0313164 0.0846312 0.0595878 0 
