20

16000 4500

30 55 80

2

0 67860 89133 87882 91002 64041 86232 96602 44750 90831 88601 82773 88182 96780 58910 59740 40620 92450 52160 87021 23320 
67770 0 67930 101850 103310 45520 100200 36960 89500 47860 89960 64750 102150 39110 9460 66080 40540 63890 30580 93950 52660 
89681 68020 0 102320 83450 31570 89980 55750 128572 24160 32570 7320 95300 98500 70630 124760 55540 131210 50030 70110 72660 
88812 101760 102150 0 50430 81570 43300 119842 127703 108360 79713 96130 30370 140560 96970 135211 64510 154420 74950 55470 71791 
91872 102960 83260 50360 0 79800 9360 121042 130763 102610 51600 77240 22350 141760 98170 137340 65710 155620 73180 14180 74851 
64591 45500 31420 81440 79940 0 78380 49340 103482 31510 48950 25060 81740 81520 47170 99710 28810 108400 21070 70580 47570 
87092 100040 90101 43360 9350 78130 0 118122 125983 104920 59730 84081 15730 138840 95250 133491 62790 152700 71510 22310 70071 
96431 36960 55330 119501 120961 48900 117851 0 126410 31350 82810 57350 119801 44830 46370 101410 60361 94410 48121 111601 78521 
44200 89470 128244 126993 130113 103152 125343 126660 0 128230 127712 121884 127293 103060 80570 40670 77960 80880 88330 126132 62431 
91541 47950 23980 108390 102340 31640 105330 31660 128660 0 51460 26000 108690 74340 53170 110480 54390 111140 41070 89000 74520 
90341 89930 32340 79632 51560 49170 59550 83280 129232 51690 0 26320 66860 125270 90540 129710 58080 147550 65550 38220 73320 
83661 65060 7240 95950 77080 25550 83610 57820 122552 26230 26200 0 88930 100400 67670 121150 49520 128250 45200 63740 66640 
89032 101980 95441 30610 22350 81790 15670 120062 127923 108580 66931 89421 0 140780 97190 135431 64730 154640 75170 36100 72011 
96080 38940 98310 140480 141940 81820 138830 44820 102910 74330 124820 99610 140780 0 45560 72530 79170 49580 69210 132580 86800 
58440 9560 70590 96860 98320 47230 95210 46280 80170 52870 90540 67370 97160 45570 0 57480 35080 61950 28430 88960 44920 
60110 65950 124570 134471 137591 99700 132821 101300 40700 110220 129460 120732 134771 73000 57530 0 74030 40730 80820 127880 68130 
41170 40550 55640 64730 66190 28770 63080 60282 78590 54190 58410 49280 65030 79350 35060 74380 0 92070 14290 56830 22640 
92310 64100 131210 154790 156250 108460 153140 94190 81080 111140 147980 128030 155090 49370 62150 40750 92520 0 89460 146400 91560 
52380 30560 49840 74840 73340 21210 71780 47901 88500 40820 65560 44830 75140 69360 28420 80820 14370 89460 0 63980 34470 
88162 93711 70420 55750 14540 70551 22530 111793 127053 89770 38760 64400 36170 132511 88921 128091 56461 145931 63931 0 71141 
23490 52770 72732 71481 74601 47640 69831 78702 62421 74160 72200 66372 71781 87050 44950 67960 22190 90730 34260 70620 0 

0 Ciudad_0 0 0 32400 0
1 Ciudad_1 709 24769 28174 1418
2 Ciudad_2 795 18877 22789 1590
3 Ciudad_3 174 13083 17216 348
4 Ciudad_4 122 4461 6988 244
5 Ciudad_5 597 11368 13806 1194
6 Ciudad_6 430 9733 12733 860
7 Ciudad_7 286 6566 9591 572
8 Ciudad_8 136 8271 10616 272
9 Ciudad_9 698 20670 24773 1396
10 Ciudad_10 726 17140 19657 1452
11 Ciudad_11 408 13529 16628 816
12 Ciudad_12 732 8950 13636 1464
13 Ciudad_13 136 13274 17204 272
14 Ciudad_14 626 20648 25321 1252
15 Ciudad_15 332 3798 6636 664
16 Ciudad_16 232 22744 26229 464
17 Ciudad_17 590 16230 19271 1180
18 Ciudad_18 271 19435 24071 542
19 Ciudad_19 654 14510 17521 1308
20 Ciudad_20 109 2803 5106 218

0 -0.0286456 -0.0956094 -0.0529201 0.0986264 -0.0377055 -0.0648378 -0.0300322 -0.0364376 0.0954092 0.0838948 -0.0265145 0.0350469 0.0501527 0.0941489 -0.0207408 -0.0272364 0.0355911 -0.0315379 0.0714731 -0.0184223 
0.0286456 0 -0.0866025 0.0538665 0.0303528 -0.0189287 -0.0668012 0.0703426 0.0540007 0.0472398 0.0963921 0.0848016 -0.0292374 -0.0939603 -0.0122773 0.000347632 -0.00253338 -0.0360229 -0.0949657 -0.0599568 -0.0334844 
0.0956094 0.0866025 0 0.0905253 0.0575512 -0.0638619 -0.0323858 0.0523383 0.042895 0.0267556 0.0360665 -0.0608269 -0.0733312 -0.0363872 0.045764 0.0300758 0.0222846 0.0545632 -0.0663327 -0.0911045 -0.0299395 
0.0529201 -0.0538665 -0.0905253 0 0.0113015 -0.0763862 0.00386217 -0.0416549 -0.0784974 -0.0255511 -0.0256459 0.0777833 -0.0639478 0.0680289 -0.0512603 0.0948958 -0.022365 -0.0289769 -0.0348593 -0.0574362 -0.0951563 
-0.0986264 -0.0303528 -0.0575512 -0.0113015 0 0.0736053 0.07801 -0.0191347 0.051395 -0.0277052 0.0631412 0.0611919 -0.0926972 -0.015179 -0.0794079 -0.00338834 0.0605957 -0.00681916 0.0529475 -0.0132801 -0.0522877 
0.0377055 0.0189287 0.0638619 0.0763862 -0.0736053 0 0.0746892 0.0821757 -0.0195131 0.0749516 -0.0766421 0.00770454 0.0676128 0.0193698 -0.0311277 0.0776821 -0.0937407 0.0677618 0.031831 0.0104087 -0.0887042 
0.0648378 0.0668012 0.0323858 -0.00386217 -0.07801 -0.0746892 0 -0.0461271 0.061858 -0.0452422 -0.0132409 0.0210346 -0.054684 -0.0688219 0.0426241 -0.0212375 0.0979025 0.0410161 -0.0627528 0.0676687 -0.0802726 
0.0300322 -0.0703426 -0.0523383 0.0416549 0.0191347 -0.0821757 0.0461271 0 0.0057649 -0.0784905 -0.0611266 0.0668228 -0.0673861 -0.0251061 -0.0741651 -0.029264 0.0653418 -0.00687281 0.0886408 -0.0440354 0.0662384 
0.0364376 -0.0540007 -0.042895 0.0784974 -0.051395 0.0195131 -0.061858 -0.0057649 0 -0.0176952 -0.0464114 -0.0151141 -0.0705358 -0.00797223 -0.0250223 -0.00145026 0.0745963 -0.090664 -0.0554164 0.0436642 0.042858 
-0.0954092 -0.0472398 -0.0267556 0.0255511 0.0277052 -0.0749516 0.0452422 0.0784905 0.0176952 0 0.0972925 0.0320601 -0.0766462 -0.0874265 -0.0109816 -0.0901127 0.0569832 -0.057278 -0.092818 0.014204 0.0173725 
-0.0838948 -0.0963921 -0.0360665 0.0256459 -0.0631412 0.0766421 0.0132409 0.0611266 0.0464114 -0.0972925 0 -0.0900148 0.0767706 0.069601 -0.0391781 0.0934805 0.0743021 -0.057965 -0.0662711 -0.0617924 -0.0258616 
0.0265145 -0.0848016 0.0608269 -0.0777833 -0.0611919 -0.00770454 -0.0210346 -0.0668228 0.0151141 -0.0320601 0.0900148 0 0.0972223 0.0677628 0.0399849 0.0775905 0.0409106 -0.0288824 0.00782275 0.00546081 -0.040444 
-0.0350469 0.0292374 0.0733312 0.0639478 0.0926972 -0.0676128 0.054684 0.0673861 0.0705358 0.0766462 -0.0767706 -0.0972223 0 0.00795657 -0.068762 0.00705308 0.0800641 0.0954124 0.0510322 -0.0635423 -0.0767122 
-0.0501527 0.0939603 0.0363872 -0.0680289 0.015179 -0.0193698 0.0688219 0.0251061 0.00797223 0.0874265 -0.069601 -0.0677628 -0.00795657 0 0.0123127 -0.00698429 -0.0816826 -0.00107771 -0.0992019 -0.0272559 -0.0896418 
-0.0941489 0.0122773 -0.045764 0.0512603 0.0794079 0.0311277 -0.0426241 0.0741651 0.0250223 0.0109816 0.0391781 -0.0399849 0.068762 -0.0123127 0 0.0171806 -0.0394519 -0.0958747 0.0438566 0.0378555 -0.0376275 
0.0207408 -0.000347632 -0.0300758 -0.0948958 0.00338834 -0.0776821 0.0212375 0.029264 0.00145026 0.0901127 -0.0934805 -0.0775905 -0.00705308 0.00698429 -0.0171806 0 0.092474 -0.0244945 0.0684948 -7.77295e-05 0.0757808 
0.0272364 0.00253338 -0.0222846 0.022365 -0.0605957 0.0937407 -0.0979025 -0.0653418 -0.0745963 -0.0569832 -0.0743021 -0.0409106 -0.0800641 0.0816826 0.0394519 -0.092474 0 0.0467757 0.00716345 -0.00947067 -0.0337069 
-0.0355911 0.0360229 -0.0545632 0.0289769 0.00681916 -0.0677618 -0.0410161 0.00687281 0.090664 0.057278 0.057965 0.0288824 -0.0954124 0.00107771 0.0958747 0.0244945 -0.0467757 0 -0.0331922 0.07848 0.0768427 
0.0315379 0.0949657 0.0663327 0.0348593 -0.0529475 -0.031831 0.0627528 -0.0886408 0.0554164 0.092818 0.0662711 -0.00782275 -0.0510322 0.0992019 -0.0438566 -0.0684948 -0.00716345 0.0331922 0 -0.0665217 -0.013745 
-0.0714731 0.0599568 0.0911045 0.0574362 0.0132801 -0.0104087 -0.0676687 0.0440354 -0.0436642 -0.014204 0.0617924 -0.00546081 0.0635423 0.0272559 -0.0378555 7.77295e-05 0.00947067 -0.07848 0.0665217 0 -0.0746565 
0.0184223 0.0334844 0.0299395 0.0951563 0.0522877 0.0887042 0.0802726 -0.0662384 -0.042858 -0.0173725 0.0258616 0.040444 0.0767122 0.0896418 0.0376275 -0.0757808 0.0337069 -0.0768427 0.013745 0.0746565 0 
