20

16000 4500

30 55 80

3

0 53041 32881 92020 35840 60270 8300 50120 36241 77011 76720 94100 54781 66980 46730 58100 82701 86160 90640 26160 55940 
53221 0 24920 54981 42400 111580 48690 77860 19600 121370 81130 60141 105312 82890 23790 85850 126230 46190 66660 44000 30160 
32721 24420 0 72220 21520 89880 27730 56980 6890 107042 81430 75790 84812 81740 31150 64970 112732 65960 76890 33040 39760 
91910 55110 72200 0 92101 148640 89460 127561 65310 127850 59660 7970 132610 83190 45880 135551 129810 10620 24840 71480 36440 
36390 42900 22320 92351 0 77810 28920 37290 28930 112161 102031 97511 87090 97970 52021 45280 117851 85770 97191 49270 61511 
60040 111020 89770 148350 77680 0 64980 58890 93870 74640 114680 150050 31280 95050 104490 60110 80330 143570 142240 80020 112180 
8370 48440 27700 89730 28440 65090 0 49780 31290 84141 80870 93070 61911 71180 45700 57760 89831 83470 89910 28320 54910 
49980 78590 58010 128041 37520 58870 49720 0 64620 118810 126920 132480 80400 116230 86810 8790 124831 121460 132550 76140 96180 
36081 19140 6890 65320 28320 94210 31320 63780 0 110200 76970 68890 88172 78730 24620 71770 115290 59060 71240 33010 32860 
77311 120860 107542 128040 112101 74440 84291 118330 110180 0 68730 122540 46000 49680 103390 121420 7710 132190 106420 78200 106600 
76650 81340 81530 59620 101171 114870 80850 127070 77110 68370 0 54120 93570 23710 57990 133970 70330 63770 38000 54710 58630 
93680 59891 75320 8280 95561 150060 92580 131331 68430 122460 54270 0 133680 77800 47650 139321 124420 17610 17730 73250 38210 
54731 105122 84962 132790 87080 31360 61711 80270 88322 45800 93600 133770 0 70990 93330 83360 52470 132140 125960 67020 101020 
65960 83110 80770 82930 96530 95080 70210 115630 78770 49510 23730 77430 70980 0 62220 121680 52600 86890 61310 49210 64350 
46800 23360 30960 47930 50681 104950 45990 86141 24070 104000 60610 50010 93791 64280 0 94131 108430 43120 50030 27790 13020 
57550 86210 65630 136490 45140 60090 57810 8980 72240 121900 134080 140100 83490 122750 94430 0 128600 129950 140170 83720 103800 
82961 126040 112950 130170 117751 80150 89941 124830 115360 7650 70860 124670 52310 52890 107850 127920 0 134320 108550 83380 111060 
86060 46330 65790 10650 85440 143720 83050 120900 58900 131750 63560 17330 131970 86610 40960 128890 133710 0 32000 66560 31520 
90560 66400 76900 24520 96351 142370 89940 131811 71120 106420 38230 18040 125990 61760 47410 139801 108380 31700 0 69450 39740 
26050 43620 32840 71130 48600 80040 28160 75790 33090 78330 54670 73210 67010 49970 27270 83770 83420 66350 69320 0 34960 
55910 30030 39550 36260 59791 112340 55150 95251 32660 106020 58590 38340 101181 64320 10630 103241 110450 31480 39730 35180 0 

0 Ciudad_0 0 0 32400 0
1 Ciudad_1 681 4275 7680 1362
2 Ciudad_2 405 16838 20750 810
3 Ciudad_3 172 16956 21089 344
4 Ciudad_4 180 1440 3967 360
5 Ciudad_5 547 6728 9166 1094
6 Ciudad_6 335 6821 9821 670
7 Ciudad_7 222 17388 20413 444
8 Ciudad_8 471 9948 12293 942
9 Ciudad_9 481 15337 19440 962
10 Ciudad_10 160 20562 23079 320
11 Ciudad_11 792 17236 20335 1584
12 Ciudad_12 465 3866 8552 930
13 Ciudad_13 714 23800 27730 1428
14 Ciudad_14 352 14747 19420 704
15 Ciudad_15 776 16207 19045 1552
16 Ciudad_16 224 10558 14043 448
17 Ciudad_17 537 6402 9443 1074
18 Ciudad_18 821 21970 26606 1642
19 Ciudad_19 323 2554 5565 646
20 Ciudad_20 750 21659 23962 1500

0 0.0568456 -0.0541542 -0.092297 -0.0563884 -0.0207292 0.0604956 -0.0392987 -0.0928107 -0.0407342 0.0997604 -0.00989681 0.0826929 0.0163016 0.084331 0.0096119 -0.0519191 -0.00451245 0.0283784 -0.0778851 -0.0759461 
-0.0568456 0 -0.091116 -0.0898013 0.0609139 -0.027846 -0.0673194 0.00535678 -0.0194675 -0.00877186 -0.0293272 0.058961 0.0587166 0.00737287 0.0533327 -0.0883963 0.0174332 -0.0405432 0.0180388 -0.0628223 0.0132687 
0.0541542 0.091116 0 0.0901017 0.0548557 -0.0607915 0.0315015 -0.0449445 -0.0488854 -0.0101715 -0.0348907 -0.00399886 0.0411197 -0.0265196 0.000199691 -0.020962 0.0301182 0.0283177 -0.0507035 -0.0781229 0.0210502 
0.092297 0.0898013 -0.0901017 0 -0.0162954 0.0656982 0.0820619 0.0213824 0.0373914 0.0509732 0.0848052 0.00756921 0.0831672 0.00784163 0.0685305 -0.0150819 -0.0719817 -0.0354632 0.0107722 0.0840081 0.0124149 
0.0563884 -0.0609139 -0.0548557 0.0162954 0 -0.0334983 -0.0889819 0.091837 0.0261651 -0.0971534 0.0927558 -0.0998586 0.0935061 0.040231 0.0778228 0.0480694 0.0859323 -0.0795221 -0.000359044 0.0601645 -0.0538799 
0.0207292 0.027846 0.0607915 -0.0656982 0.0334983 0 -0.0823638 0.00293528 -0.0398672 0.0198061 -0.064627 0.0411516 -0.0866169 -0.0761409 -0.0867348 0.0645249 -0.0971501 0.0971077 -0.0251704 -0.0524126 -0.033971 
-0.0604956 0.0673194 -0.0315015 -0.0820619 0.0889819 0.0823638 0 -0.00550621 -0.0157712 0.0155184 0.0520728 0.0931206 0.0319003 0.097176 -0.0669791 -0.0363434 0.0111841 -0.0649833 0.00773515 -0.0847218 0.0503421 
0.0392987 -0.00535678 0.0449445 -0.0213824 -0.091837 -0.00293528 0.00550621 0 0.0423382 -0.0737303 -0.0227736 -0.074453 0.0590386 0.0912067 -0.00411234 0.0799969 0.0597857 -0.0937148 -0.00323224 0.0969507 -0.076651 
0.0928107 0.0194675 0.0488854 -0.0373914 -0.0261651 0.0398672 0.0157712 -0.0423382 0 -0.00395833 -0.0665969 0.0917575 0.0665106 -0.0994485 0.0849816 0.0253188 -0.086396 -0.0131263 0.0865172 -0.0348208 -0.0454237 
0.0407342 0.00877186 0.0101715 -0.0509732 0.0971534 -0.0198061 -0.0155184 0.0737303 0.00395833 0 0.064867 0.000310335 -0.0264656 0.0340441 0.0296017 0.0407321 -0.0667377 0.0255275 -0.0181636 -0.0353067 0.0172374 
-0.0997604 0.0293272 0.0348907 -0.0848052 -0.0927558 0.064627 -0.0520728 0.0227736 0.0665969 -0.064867 0 -0.0989795 -0.0776396 0.0348168 0.0224181 0.0629972 -0.0859326 0.0258068 0.097388 -0.0159154 0.00907188 
0.00989681 -0.058961 0.00399886 -0.00756921 0.0998586 -0.0411516 -0.0931206 0.074453 -0.0917575 -0.000310335 0.0989795 0 -0.0393523 0.0721699 -0.0295073 0.0707707 -0.0700389 -0.0645712 0.0911811 -0.0801708 0.0519916 
-0.0826929 -0.0587166 -0.0411197 -0.0831672 -0.0935061 0.0866169 -0.0319003 -0.0590386 -0.0665106 0.0264656 0.0776396 0.0393523 0 0.0788467 0.0689829 0.00824305 -0.0348084 -0.0972561 0.00659802 0.0517249 -0.0783973 
-0.0163016 -0.00737287 0.0265196 -0.00784163 -0.040231 0.0761409 -0.097176 -0.0912067 0.0994485 -0.0340441 -0.0348168 -0.0721699 -0.0788467 0 0.037141 -0.00886673 0.0416979 0.0630121 0.0738911 -0.0905909 0.0461065 
-0.084331 -0.0533327 -0.000199691 -0.0685305 -0.0778228 0.0867348 0.0669791 0.00411234 -0.0849816 -0.0296017 -0.0224181 0.0295073 -0.0689829 -0.037141 0 -0.0676317 -0.0073048 0.0911957 -0.0869975 0.0278543 0.0469484 
-0.0096119 0.0883963 0.020962 0.0150819 -0.0480694 -0.0645249 0.0363434 -0.0799969 -0.0253188 -0.0407321 -0.0629972 -0.0707707 -0.00824305 0.00886673 0.0676317 0 0.0516856 0.0683651 0.0138649 -0.0767221 -0.0925267 
0.0519191 -0.0174332 -0.0301182 0.0719817 -0.0859323 0.0971501 -0.0111841 -0.0597857 0.086396 0.0667377 0.0859326 0.0700389 0.0348084 -0.0416979 0.0073048 -0.0516856 0 -0.0114649 0.047911 0.00259976 0.0848964 
0.00451245 0.0405432 -0.0283177 0.0354632 0.0795221 -0.0971077 0.0649833 0.0937148 0.0131263 -0.0255275 -0.0258068 0.0645712 0.0972561 -0.0630121 -0.0911957 -0.0683651 0.0114649 0 0.0187557 -0.00287028 0.0189885 
-0.0283784 -0.0180388 0.0507035 -0.0107722 0.000359044 0.0251704 -0.00773515 0.00323224 -0.0865172 0.0181636 -0.097388 -0.0911811 -0.00659802 -0.0738911 0.0869975 -0.0138649 -0.047911 -0.0187557 0 0.0204317 0.0498998 
0.0778851 0.0628223 0.0781229 -0.0840081 -0.0601645 0.0524126 0.0847218 -0.0969507 0.0348208 0.0353067 0.0159154 0.0801708 -0.0517249 0.0905909 -0.0278543 0.0767221 -0.00259976 0.00287028 -0.0204317 0 -0.0910923 
0.0759461 -0.0132687 -0.0210502 -0.0124149 0.0538799 0.033971 -0.0503421 0.076651 0.0454237 -0.0172374 -0.00907188 -0.0519916 0.0783973 -0.0461065 -0.0469484 0.0925267 -0.0848964 -0.0189885 -0.0498998 0.0910923 0 
