20

16000 4500

30 55 80

3

0 83960 54730 37250 99620 92120 88451 26160 65260 34130 82861 52980 19920 62170 60750 46990 76190 75810 42570 74880 68210 
83970 0 116670 68050 38050 105950 81340 76880 71570 55610 84080 129420 74080 129721 64330 75740 43980 34040 68181 44570 89080 
54590 116630 0 51070 139291 69760 84450 79220 118320 65060 76150 95570 44880 105600 113810 48090 118760 115921 95630 94940 59630 
37480 68110 50710 0 96310 63130 56241 52020 84990 14750 50651 87840 17600 97310 80480 16220 77550 73700 60670 49370 37420 
99450 37940 139361 95940 0 142550 117940 79550 56200 81680 120680 132170 95001 120010 52220 104410 30220 23600 68240 81170 119700 
91770 105920 69750 62890 142640 0 28840 111230 141280 72340 22460 142130 71890 151600 136770 47290 128120 122140 116960 62310 27520 
88681 81370 84190 56491 118090 28740 0 100460 129540 64320 9410 139131 68811 148601 124210 44440 109730 103030 105220 37760 28320 
26240 77090 79370 52730 79950 111900 100790 0 39890 40720 96690 53670 43520 60021 35380 65650 54100 56570 16670 76270 86190 
65700 70850 118830 85320 56250 141280 129610 40300 0 72710 125510 78280 78220 63960 8560 97090 29580 41070 24670 99260 115570 
33690 55520 64670 14750 82020 72370 64410 40110 72650 0 59431 80771 22370 88191 68140 27670 63260 59410 48330 43600 46660 
82971 84000 76110 50781 120720 22350 9620 96270 125350 59651 0 133421 63101 142891 120840 38730 109100 103120 101030 40390 21820 
52970 129280 95830 87830 133210 142700 139161 53220 78230 81360 133571 0 70950 34900 79710 97570 101740 107370 64450 120610 118790 
19880 74130 44840 17320 95041 72190 68541 43510 78190 22790 62951 70860 0 80050 73680 27060 74510 71671 53870 62330 48280 
61630 129441 105220 96490 120260 151360 147821 59941 64190 88851 142231 34750 79610 0 70590 106230 92770 104260 62550 128101 127450 
61150 63520 114280 80770 52270 136730 123940 35750 8470 68160 120920 79760 73670 70470 0 92540 23470 34960 20120 91940 111020 
46870 75920 47960 16210 104880 47460 44460 64930 97150 27660 38870 97230 26990 106700 92640 0 86120 82270 72830 46600 21790 
76070 43750 119110 77280 30490 128030 109800 54010 29320 63020 109070 101430 74750 92310 23100 85750 0 12160 38380 73030 104230 
75640 33800 115851 73300 23820 122030 102540 56490 41170 59040 103070 107030 71491 104160 34930 81770 12220 0 45391 65770 99030 
42350 68241 95480 61030 68690 116990 105320 16740 24660 48420 101220 64210 53930 62960 20150 72800 38870 45451 0 77560 91280 
75000 44550 93490 49010 81270 62280 37670 76030 99270 43610 40410 120820 63410 128211 92030 46590 72910 66210 77810 0 47060 
68070 89170 59760 37390 119710 27560 28280 85730 115780 46840 21670 118430 48190 127900 111270 21790 104750 99320 91460 47120 0 

0 Ciudad_0 0 0 32400 0
1 Ciudad_1 392 19229 22634 784
2 Ciudad_2 636 18583 22495 1272
3 Ciudad_3 675 6298 10431 1350
4 Ciudad_4 108 22213 24740 216
5 Ciudad_5 695 20469 22907 1390
6 Ciudad_6 469 14938 17938 938
7 Ciudad_7 435 23306 26331 870
8 Ciudad_8 665 11881 14226 1330
9 Ciudad_9 396 16162 20265 792
10 Ciudad_10 360 19178 21695 720
11 Ciudad_11 629 13887 16986 1258
12 Ciudad_12 815 11289 15975 1630
13 Ciudad_13 253 22449 26379 506
14 Ciudad_14 758 19485 24158 1516
15 Ciudad_15 672 17711 20549 1344
16 Ciudad_16 566 11093 14578 1132
17 Ciudad_17 222 20280 23321 444
18 Ciudad_18 106 19672 24308 212
19 Ciudad_19 770 23345 26356 1540
20 Ciudad_20 349 3358 5661 698

0 -0.0960979 -0.0418716 -0.0742412 -0.0433052 -0.0352778 -0.0282818 -0.09565 -0.00392903 -0.0170361 0.0445753 0.0320445 -0.048923 -0.00895695 0.00783502 -0.0962878 0.0780756 -0.0965799 0.0384339 -0.0741557 -0.0931511 
0.0960979 0 -0.0382612 0.0836291 -0.0262419 -0.0154649 -0.0572864 -0.0577883 -0.0692325 -0.0997366 0.0755005 -0.0461789 -0.0507049 -0.0481409 0.0617988 0.0955222 0.0974734 0.0156608 0.044117 0.0292075 -0.0563795 
0.0418716 0.0382612 0 -0.0824413 0.0424159 0.013839 -0.067987 -0.00817239 0.00858725 0.0413806 0.0721113 0.0362331 0.0214209 0.0210603 -0.0421788 -0.00555265 -0.0567382 -0.0534941 0.0723527 0.00607128 -0.052097 
0.0742412 -0.0836291 0.0824413 0 -0.0625475 0.00977318 0.0285258 -0.0776485 -0.0539974 -0.0492538 -0.0713192 0.0849174 0.0255301 0.0294444 -0.0550653 0.088549 0.0263733 -0.0497504 -0.0386671 0.019999 -0.000191105 
0.0433052 0.0262419 -0.0424159 0.0625475 0 -0.0895819 -0.0232921 -0.0483106 -0.0292683 0.00886716 -0.0597176 -0.00434441 -0.0296277 -0.0442766 0.0739109 -0.00650422 -0.00538447 -0.0246081 -0.0527272 -0.0945434 -0.0886478 
0.0352778 0.0154649 -0.013839 -0.00977318 0.0895819 0 0.0196925 -0.0792839 0.0363865 -0.0368837 0.0554983 0.00486253 -0.0183472 0.0864271 -0.059481 0.0466524 0.0245515 -0.0719668 -0.0271556 0.025122 0.0713532 
0.0282818 0.0572864 0.067987 -0.0285258 0.0232921 -0.0196925 0 -0.0965711 0.0886785 -0.0311054 -0.088381 0.070527 0.055834 -0.0641707 -0.0836775 0.0899855 0.071603 0.0362082 0.0463309 -0.0210475 -0.066729 
0.09565 0.0577883 0.00817239 0.0776485 0.0483106 0.0792839 0.0965711 0 0.0648788 0.0114643 0.0909142 -0.0842133 -0.075455 0.00430564 0.0762494 -0.0484779 -0.018192 -0.0294727 -0.0849306 0.0503461 0.0981974 
0.00392903 0.0692325 -0.00858725 0.0539974 0.0292683 -0.0363865 -0.0886785 -0.0648788 0 -0.070978 0.0927015 -0.0282932 0.0656092 -0.0498991 0.0321794 0.0315266 -0.0942717 0.0793106 -0.0237775 0.0760846 -0.0427982 
0.0170361 0.0997366 -0.0413806 0.0492538 -0.00886716 0.0368837 0.0311054 -0.0114643 0.070978 0 0.0478292 -0.0267016 -0.0660746 -0.0591459 -0.0779771 0.0054111 0.00939885 0.0701853 -0.0516274 0.000996871 0.0862221 
-0.0445753 -0.0755005 -0.0721113 0.0713192 0.0597176 -0.0554983 0.088381 -0.0909142 -0.0927015 -0.0478292 0 -0.0666824 -0.0561486 -0.0529116 0.00661041 -0.0388721 0.0155996 -0.0298441 0.0812681 0.0808418 0.035559 
-0.0320445 0.0461789 -0.0362331 -0.0849174 0.00434441 -0.00486253 -0.070527 0.0842133 0.0282932 0.0267016 0.0666824 0 -0.0534795 -0.0199569 -0.0558165 0.00245118 0.0411723 -0.0629684 -0.0693841 -0.0349689 0.0438181 
0.048923 0.0507049 -0.0214209 -0.0255301 0.0296277 0.0183472 -0.055834 0.075455 -0.0656092 0.0660746 0.0561486 0.0534795 0 0.0212645 0.0749208 0.0253704 -0.0643563 0.0459691 -0.0288413 -0.0833898 -0.087058 
0.00895695 0.0481409 -0.0210603 -0.0294444 0.0442766 -0.0864271 0.0641707 -0.00430564 0.0498991 0.0591459 0.0529116 0.0199569 -0.0212645 0 -0.0777783 0.0559621 0.000145035 0.00436768 -0.0926314 0.0965292 0.0553996 
-0.00783502 -0.0617988 0.0421788 0.0550653 -0.0739109 0.059481 0.0836775 -0.0762494 -0.0321794 0.0779771 -0.00661041 0.0558165 -0.0749208 0.0777783 0 0.0689867 -0.0418766 0.0603394 0.0794481 0.0172237 -0.0385795 
0.0962878 -0.0955222 0.00555265 -0.088549 0.00650422 -0.0466524 -0.0899855 0.0484779 -0.0315266 -0.0054111 0.0388721 -0.00245118 -0.0253704 -0.0559621 -0.0689867 0 0.016378 -0.00876197 0.0503792 0.0916058 0.0464781 
-0.0780756 -0.0974734 0.0567382 -0.0263733 0.00538447 -0.0245515 -0.071603 0.018192 0.0942717 -0.00939885 -0.0155996 -0.0411723 0.0643563 -0.000145035 0.0418766 -0.016378 0 -0.00566365 0.0830043 0.081157 0.0803331 
0.0965799 -0.0156608 0.0534941 0.0497504 0.0246081 0.0719668 -0.0362082 0.0294727 -0.0793106 -0.0701853 0.0298441 0.0629684 -0.0459691 -0.00436768 -0.0603394 0.00876197 0.00566365 0 -0.0886578 -0.0437782 0.00335986 
-0.0384339 -0.044117 -0.0723527 0.0386671 0.0527272 0.0271556 -0.0463309 0.0849306 0.0237775 0.0516274 -0.0812681 0.0693841 0.0288413 0.0926314 -0.0794481 -0.0503792 -0.0830043 0.0886578 0 0.0327533 0.0749778 
0.0741557 -0.0292075 -0.00607128 -0.019999 0.0945434 -0.025122 0.0210475 -0.0503461 -0.0760846 -0.000996871 -0.0808418 0.0349689 0.0833898 -0.0965292 -0.0172237 -0.0916058 -0.081157 0.0437782 -0.0327533 0 -0.0461553 
0.0931511 0.0563795 0.052097 0.000191105 0.0886478 -0.0713532 0.066729 -0.0981974 0.0427982 -0.0862221 -0.035559 -0.0438181 0.087058 -0.0553996 0.0385795 -0.0464781 -0.0803331 -0.00335986 -0.0749778 0.0461553 0 
