20

16000 4500

30 55 80

2

0 60460 98050 62620 55280 78600 5050 46860 99060 54460 58800 71500 53370 22710 31451 48550 71860 36250 27840 99620 30540 
60610 0 51730 116850 31190 32620 59110 105210 105770 47910 114540 59080 24290 56630 53440 90880 79270 26430 64790 64560 89230 
97480 51870 0 141660 48750 76340 95980 144270 153550 62470 142190 109350 74800 96550 94790 131010 126070 66280 89840 102510 127850 
61960 115920 141360 0 95240 136060 59600 43400 152250 88880 6830 130930 111720 82731 90881 90510 126560 91930 53560 159560 43990 
55730 31200 48480 96010 0 63130 52202 100020 115270 16820 96540 79520 45370 58900 57230 93150 87790 28720 44190 92440 83320 
79770 33560 76690 136720 63610 0 78980 120980 90830 79150 134410 43460 27250 69050 61630 95350 71450 44720 88820 32760 105890 
4420 59010 96430 60240 51070 79150 0 49960 100121 50250 56420 72430 54300 24231 32381 51360 72921 35020 23640 100550 33260 
46910 105360 145340 43670 99220 120390 50000 0 115110 98090 37250 105350 95160 54950 65640 51210 90780 81050 57620 140290 17840 
99561 105491 154300 152530 115490 90490 101151 115310 0 124000 145940 50000 82240 76280 67710 65530 28340 85580 120510 81510 109120 
54820 47700 62870 88700 16750 79160 51040 98140 124300 0 90090 89620 58010 63940 63950 96780 96820 38690 41770 106240 81440 
58940 114870 142550 6830 96430 135010 56960 36990 145640 90310 0 128290 110160 77220 86500 84100 120150 90880 54750 156840 37580 
71820 59021 113060 132140 79630 43620 73400 105460 50370 88890 128320 0 36700 56160 45890 67870 31330 51110 90440 47810 95300 
54410 24570 75211 112490 45590 26710 54180 95630 82710 58220 109610 36710 0 43700 36460 73810 57140 21140 65100 50590 80540 
23570 55820 96850 83630 58460 68350 25650 55050 76700 63740 77210 55970 43120 0 11120 35320 49500 30010 45301 87700 41210 
32191 53340 95800 92511 57570 61710 33781 65710 68050 63650 87010 45720 36480 11110 0 38920 40850 28790 53131 80250 51870 
49680 90700 132960 90770 93340 95321 51760 51200 65240 97170 84350 67580 73210 35620 38790 0 45630 64890 74560 108210 49420 
73011 78930 126640 126930 87830 70610 74601 91060 28490 96340 120510 30360 56370 49730 41160 45850 0 59030 92810 76780 83730 
36070 26000 67070 92310 28860 44530 34570 80550 86350 38520 90000 51410 20740 30500 28590 64750 59150 0 44860 69780 64690 
27420 64340 89260 54060 43140 89040 23640 57690 120630 41750 54590 90940 64860 44801 52951 74360 92880 44950 0 112990 41000 
101050 64800 102420 160610 91970 32710 102140 140960 81770 105280 157840 47800 49980 88410 80160 108640 77090 69670 113060 0 125870 
30370 89050 128140 44180 82420 105150 33200 17830 108590 81290 37760 95570 79920 40740 51430 48930 83180 64840 40880 125050 0 

0 Ciudad_0 0 0 32400 0
1 Ciudad_1 142 12532 15937 284
2 Ciudad_2 626 22869 26781 1252
3 Ciudad_3 196 12182 16315 392
4 Ciudad_4 464 8048 10575 928
5 Ciudad_5 346 7348 9786 692
6 Ciudad_6 195 25966 28966 390
7 Ciudad_7 223 7648 10673 446
8 Ciudad_8 599 17175 19520 1198
9 Ciudad_9 817 7161 11264 1634
10 Ciudad_10 732 10953 13470 1464
11 Ciudad_11 487 25220 28319 974
12 Ciudad_12 547 9623 14309 1094
13 Ciudad_13 507 8571 12501 1014
14 Ciudad_14 297 20194 24867 594
15 Ciudad_15 218 21447 24285 436
16 Ciudad_16 176 13420 16905 352
17 Ciudad_17 427 7808 10849 854
18 Ciudad_18 138 7326 11962 276
19 Ciudad_19 787 12462 15473 1574
20 Ciudad_20 612 16494 18797 1224

0 -0.0230089 0.0333588 -0.0715783 0.0373216 -0.0294438 -0.0413802 -0.0802304 -0.0825749 0.00445179 0.00532384 -0.0552599 -0.026903 -0.0204392 -0.0338194 -0.0163103 -0.0824505 0.00947768 0.0312186 0.0655054 -0.0460006 
0.0230089 0 0.0770764 -0.0885116 -0.0274195 -0.0550257 -0.0121288 0.0892141 -0.0814561 0.0249624 -0.088008 0.0636696 0.0723882 0.0748501 0.044795 0.0937086 -0.0666452 -0.0454592 -0.025805 -0.0859405 0.0724176 
-0.0333588 -0.0770764 0 -0.0119162 0.0970806 -0.030178 -0.00191114 -0.0668895 -0.00537416 -0.0422797 -0.00598444 0.0694033 -0.0857705 -0.0449068 -0.0233135 0.00493583 -0.0716362 0.0907356 -0.0222292 0.0970266 -0.0350499 
0.0715783 0.0885116 0.0119162 0 0.089363 0.0404961 -0.0797938 -0.0131 0.0185642 0.00409585 0.0909487 0.0614623 0.00430794 -0.0463858 -0.00731346 0.0370447 0.0144912 -0.0361208 0.0530852 0.0812165 -0.0390007 
-0.0373216 0.0274195 -0.0970806 -0.089363 0 -0.0717384 -0.0184252 0.0168396 0.0840204 -0.0935175 -0.0638588 -0.0734837 0.0570909 0.00645313 0.0456458 -0.0811196 -0.0470012 0.022598 -0.0426598 0.0791428 0.0337937 
0.0294438 0.0550257 0.030178 -0.0404961 0.0717384 0 -0.0233913 -0.0582331 -0.0879337 0.0861847 -0.0306442 0.0592284 0.00728631 -0.00837221 -0.0801234 -0.00867749 -0.00953358 -0.0792972 -0.0726728 -0.0109504 0.0487813 
0.0413802 0.0121288 0.00191114 0.0797938 0.0184252 0.0233913 0 -0.0803214 0.0399813 0.0503285 -0.00365642 0.0817492 0.0331963 0.0623768 -0.0597228 -0.0375577 -0.040922 0.0212112 -0.0595763 0.0565179 -0.00764622 
0.0802304 -0.0892141 0.0668895 0.0131 -0.0168396 0.0582331 0.0803214 0 -0.0452343 0.0712602 -0.0485876 0.072993 0.082471 -0.0811889 -0.0649031 -0.087083 -0.0348638 -0.00239489 -0.0538655 0.0405614 0.0334893 
0.0825749 0.0814561 0.00537416 -0.0185642 -0.0840204 0.0879337 -0.0399813 0.0452343 0 -0.0796753 0.0653605 0.0100919 -0.00297132 0.0737227 -0.0994391 -0.0409167 -0.0519478 -0.0735858 -0.0891284 0.0216593 -0.0709199 
-0.00445179 -0.0249624 0.0422797 -0.00409585 0.0935175 -0.0861847 -0.0503285 -0.0712602 0.0796753 0 -0.0220734 -0.0100834 -0.0851527 -0.0078419 -0.0703412 0.0933521 -0.0947408 -0.0180461 -0.0359035 -0.094392 -0.0190044 
-0.00532384 0.088008 0.00598444 -0.0909487 0.0638588 0.0306442 0.00365642 0.0485876 -0.0653605 0.0220734 0 -0.087073 0.0816661 0.00499328 -0.0441781 -0.0764563 -0.0518111 0.00802603 0.00669944 0.0723419 0.0245701 
0.0552599 -0.0636696 -0.0694033 -0.0614623 0.0734837 -0.0592284 -0.0817492 -0.072993 -0.0100919 0.0100834 0.087073 0 -0.0416065 0.00539311 0.00314713 -0.00190642 -0.0291085 -0.0169656 -0.0351482 -0.0310243 0.0802746 
0.026903 -0.0723882 0.0857705 -0.00430794 -0.0570909 -0.00728631 -0.0331963 -0.082471 0.00297132 0.0851527 -0.0816661 0.0416065 0 -0.0922909 -0.0356054 -0.0625967 0.0703675 0.0523138 0.0616017 0.0660589 -0.0490405 
0.0204392 -0.0748501 0.0449068 0.0463858 -0.00645313 0.00837221 -0.0623768 0.0811889 -0.0737227 0.0078419 -0.00499328 -0.00539311 0.0922909 0 0.0999786 -0.0119573 -0.0320477 0.0808126 0.0908544 -0.00237495 -0.0397063 
0.0338194 -0.044795 0.0233135 0.00731346 -0.0456458 0.0801234 0.0597228 0.0649031 0.0994391 0.0703412 0.0441781 -0.00314713 0.0356054 -0.0999786 0 -0.0168682 -0.0405181 0.0447697 0.0415985 -0.0274793 0.0992828 
0.0163103 -0.0937086 -0.00493583 -0.0370447 0.0811196 0.00867749 0.0375577 0.087083 0.0409167 -0.0933521 0.0764563 0.00190642 0.0625967 0.0119573 0.0168682 0 0.00868866 -0.0988103 -0.0667598 -0.00478195 0.0840751 
0.0824505 0.0666452 0.0716362 -0.0144912 0.0470012 0.00953358 0.040922 0.0348638 0.0519478 0.0947408 0.0518111 0.0291085 -0.0703675 0.0320477 0.0405181 -0.00868866 0 -0.0352888 0.0401144 0.0512841 0.0108542 
-0.00947768 0.0454592 -0.0907356 0.0361208 -0.022598 0.0792972 -0.0212112 0.00239489 0.0735858 0.0180461 -0.00802603 0.0169656 -0.0523138 -0.0808126 -0.0447697 0.0988103 0.0352888 0 0.00372851 -0.00474123 -0.022266 
-0.0312186 0.025805 0.0222292 -0.0530852 0.0426598 0.0726728 0.0595763 0.0538655 0.0891284 0.0359035 -0.00669944 0.0351482 -0.0616017 -0.0908544 -0.0415985 0.0667598 -0.0401144 -0.00372851 0 0.0854579 -0.0721762 
-0.0655054 0.0859405 -0.0970266 -0.0812165 -0.0791428 0.0109504 -0.0565179 -0.0405614 -0.0216593 0.094392 -0.0723419 0.0310243 -0.0660589 0.00237495 0.0274793 0.00478195 -0.0512841 0.00474123 -0.0854579 0 -0.0328395 
0.0460006 -0.0724176 0.0350499 0.0390007 -0.0337937 -0.0487813 0.00764622 -0.0334893 0.0709199 0.0190044 -0.0245701 -0.0802746 0.0490405 0.0397063 -0.0992828 -0.0840751 -0.0108542 0.022266 0.0721762 0.0328395 0 
