20

16000 4500

30 55 80

3

0 78100 82420 82360 84822 80442 75970 96300 90082 40700 44660 68472 91980 91860 51790 95960 62810 22970 71890 24260 87390 
78510 0 132531 152303 29610 39620 119690 90640 142311 114370 64370 130740 167250 173620 130230 158420 135260 74360 147160 54470 113770 
82300 132830 0 28400 152802 148944 21410 167512 13060 82120 70280 16940 94230 74060 64570 129180 36350 95170 94000 88720 47210 
82470 150933 28710 0 158983 155125 47820 164711 22450 73051 86081 24910 73650 52920 49870 110280 25010 94420 75100 97043 73810 
85091 29550 153874 159385 0 11620 142320 62790 160734 111870 86860 139124 163490 172780 127731 148910 142444 71031 143190 62460 138530 
80542 39260 149325 154836 11740 0 144653 51300 156185 104760 91060 134575 156380 165670 123182 141800 137895 66482 136080 61540 143650 
76190 119650 21360 47870 142500 143680 0 162640 34420 85870 57270 30570 110850 90680 74740 141300 49980 92490 108460 81450 27130 
96490 90240 168022 165071 62720 51110 162520 0 174882 96530 126260 153272 140350 157440 117370 123580 140391 75980 119880 92070 173940 
90012 142480 13130 22480 159912 156054 34540 174622 0 85611 79930 22530 91620 69631 64110 127090 36970 104530 91910 97900 60340 
40870 114310 82190 73251 111600 104530 85910 96370 85801 0 78890 66690 52230 62570 25550 56210 48571 44750 32140 64350 108240 
45080 64990 69521 86391 87440 91740 56680 126360 79301 79190 0 66130 128080 116600 83300 134530 72490 58240 110460 35100 53440 
68640 130482 16720 25870 138532 134674 30240 153242 23420 66970 65630 0 83820 65570 49890 115330 21670 81000 80150 75060 56230 
91970 165910 94280 73600 163330 156260 111190 140230 91640 52410 127220 82860 0 25020 45460 40680 62210 95850 21930 115450 137180 
92200 173400 74180 52760 172940 165870 91090 157040 69471 62440 115640 64650 24900 0 40650 62550 47320 99950 38680 115680 117080 
51800 128760 64490 50030 130831 125470 74930 117310 64310 25650 82280 49300 45350 40450 0 68020 28190 58700 36020 75280 98000 
96311 157910 129210 110020 148730 141660 141781 123420 126990 56751 134761 114310 40430 62860 67920 0 93660 90030 37590 113650 164111 
62820 133982 36300 24950 142032 138174 49970 140301 37230 48641 72480 21110 62420 47260 28220 93930 0 74770 58750 78500 75520 
22970 73900 95570 94320 71361 66981 92270 75620 104100 44430 57950 80860 95710 99610 58690 90030 74770 0 75620 26490 103690 
71780 145720 94040 74850 142900 135830 108000 119670 91820 32220 110230 79140 21860 38930 36090 37580 58490 75660 0 95260 133550 
24260 54060 89020 95961 62110 61240 81740 91850 97310 64190 34650 75700 115470 115350 75280 114240 79000 26890 95380 0 85060 
87750 113580 47370 73720 138500 143590 27360 174010 60430 108390 53610 56420 136700 116530 97990 163820 75410 104050 133550 85040 0 

0 Ciudad_0 0 0 32400 0
1 Ciudad_1 482 19622 23027 964
2 Ciudad_2 118 12709 16621 236
3 Ciudad_3 623 18027 22160 1246
4 Ciudad_4 603 6661 9188 1206
5 Ciudad_5 366 21032 23470 732
6 Ciudad_6 758 9962 12962 1516
7 Ciudad_7 685 16207 19232 1370
8 Ciudad_8 747 17406 19751 1494
9 Ciudad_9 704 21877 25980 1408
10 Ciudad_10 684 20564 23081 1368
11 Ciudad_11 673 17834 20933 1346
12 Ciudad_12 516 4508 9194 1032
13 Ciudad_13 432 19737 23667 864
14 Ciudad_14 183 3467 8140 366
15 Ciudad_15 208 19056 21894 416
16 Ciudad_16 682 12541 16026 1364
17 Ciudad_17 231 19977 23018 462
18 Ciudad_18 547 10337 14973 1094
19 Ciudad_19 420 14236 17247 840
20 Ciudad_20 723 11903 14206 1446

0 -0.000535689 0.0613818 -0.0541556 0.0837737 0.0100471 0.0557659 0.018132 0.0712693 0.0721437 0.00770154 0.00351163 0.0904103 0.0875964 0.00153055 -0.0418906 0.0405711 0.0594324 -0.050805 0.0542488 -0.0772539 
0.000535689 0 0.049007 -0.0568015 -0.0583383 -0.0165496 -0.0265815 0.0144815 -0.0267238 -0.0684933 0.0685971 0.0649566 0.0206893 0.0955747 0.0294168 -0.0426463 -0.0771454 -0.0849548 -0.0133285 0.0528662 -0.0982881 
-0.0613818 -0.049007 0 0.0708224 0.0765587 -0.0487141 0.00586984 -0.00519597 -0.0815011 0.0494859 0.0875629 -0.0296431 0.0115609 -0.0978347 0.0900172 -0.0130725 0.0880718 -0.0985309 -0.056564 -0.0531015 0.0813295 
0.0541556 0.0568015 -0.0708224 0 0.0644282 0.0749749 -0.0946256 0.00113286 -0.00852347 -0.0165673 -0.0379448 -0.0665948 0.0653702 0.0301318 0.0577821 0.0679909 0.0894717 -0.0552543 -0.0906243 0.0836628 0.0528418 
-0.0837737 0.0583383 -0.0765587 -0.0644282 0 -0.0788693 -0.0161258 0.0698897 -0.0531209 -0.0532742 -0.0538448 0.00355805 0.0820364 0.0892823 0.0659597 -0.00196183 -0.0641783 0.0678018 0.083569 0.00929335 -0.020901 
-0.0100471 0.0165496 0.0487141 -0.0749749 0.0788693 0 0.0417715 0.0198459 0.0113765 0.0566408 -0.0593099 0.0621719 0.0826153 -0.017017 -0.0616824 -0.0817689 -0.0347935 -0.0988776 -0.0719222 0.0561833 0.0752329 
-0.0557659 0.0265815 -0.00586984 0.0946256 0.0161258 -0.0417715 0 -0.00393857 0.0932387 -0.0413721 0.0856834 0.0918168 0.00494351 -0.0998771 -0.00755406 -0.084377 0.0112945 -0.0810414 0.059003 0.010676 -0.00321167 
-0.018132 -0.0144815 0.00519597 -0.00113286 -0.0698897 -0.0198459 0.00393857 0 0.0557102 0.0129093 0.0418193 0.0470754 -0.0233774 -0.0876793 -0.0659559 0.0873967 -0.0642297 0.0602351 -0.00794796 -0.0310524 -0.0765144 
-0.0712693 0.0267238 0.0815011 0.00852347 0.0531209 -0.0113765 -0.0932387 -0.0557102 0 -0.0727482 0.0210119 -0.0477951 0.0214154 -0.0497379 -0.0253916 -0.00231768 0.0513365 0.0995927 0.0630735 0.00409099 -0.0766447 
-0.0721437 0.0684933 -0.0494859 0.0165673 0.0532742 -0.0566408 0.0413721 -0.0129093 0.0727482 0 0.074746 -0.097505 0.0655219 0.0654846 0.0307604 -0.0127373 -0.0977316 0.0377421 0.0706266 -0.00333093 -0.00126683 
-0.00770154 -0.0685971 -0.0875629 0.0379448 0.0538448 0.0593099 -0.0856834 -0.0418193 -0.0210119 -0.074746 0 -0.00120481 0.0699257 0.0164034 -0.0544222 0.00290615 -0.0389325 -0.0255521 -0.0349871 0.0155897 0.0877995 
-0.00351163 -0.0649566 0.0296431 0.0665948 -0.00355805 -0.0621719 -0.0918168 -0.0470754 0.0477951 0.097505 0.00120481 0 0.0911721 0.0397371 0.087688 0.0406617 -0.0934276 -0.0154305 0.00126948 -0.0619182 0.0155547 
-0.0904103 -0.0206893 -0.0115609 -0.0653702 -0.0820364 -0.0826153 -0.00494351 0.0233774 -0.0214154 -0.0655219 -0.0699257 -0.0911721 0 -0.0264536 -0.0671994 -0.00932201 -0.0573219 -0.00886423 0.0487559 0.0381387 -0.0290044 
-0.0875964 -0.0955747 0.0978347 -0.0301318 -0.0892823 0.017017 0.0998771 0.0876793 0.0497379 -0.0654846 -0.0164034 -0.0397371 0.0264536 0 0.0527935 -0.0863201 0.0675023 -0.00481923 -0.00212542 -0.0362704 -0.0113993 
-0.00153055 -0.0294168 -0.0900172 -0.0577821 -0.0659597 0.0616824 0.00755406 0.0659559 0.0253916 -0.0307604 0.0544222 -0.087688 0.0671994 -0.0527935 0 0.0118786 0.0919546 -0.0849401 0.00931406 0.0587774 0.0382556 
0.0418906 0.0426463 0.0130725 -0.0679909 0.00196183 0.0817689 0.084377 -0.0873967 0.00231768 0.0127373 -0.00290615 -0.0406617 0.00932201 0.0863201 -0.0118786 0 0.0648368 0.0528817 0.0284694 -0.0491592 -0.027254 
-0.0405711 0.0771454 -0.0880718 -0.0894717 0.0641783 0.0347935 -0.0112945 0.0642297 -0.0513365 0.0977316 0.0389325 0.0934276 0.0573219 -0.0675023 -0.0919546 -0.0648368 0 -0.0849552 0.0249137 0.0892942 0.0408827 
-0.0594324 0.0849548 0.0985309 0.0552543 -0.0678018 0.0988776 0.0810414 -0.0602351 -0.0995927 -0.0377421 0.0255521 0.0154305 0.00886423 0.00481923 0.0849401 -0.0528817 0.0849552 0 0.0686764 0.0742861 -0.0623475 
0.050805 0.0133285 0.056564 0.0906243 -0.083569 0.0719222 -0.059003 0.00794796 -0.0630735 -0.0706266 0.0349871 -0.00126948 -0.0487559 0.00212542 -0.00931406 -0.0284694 -0.0249137 -0.0686764 0 0.083458 0.0312956 
-0.0542488 -0.0528662 0.0531015 -0.0836628 -0.00929335 -0.0561833 -0.010676 0.0310524 -0.00409099 0.00333093 -0.0155897 0.0619182 -0.0381387 0.0362704 -0.0587774 0.0491592 -0.0892942 -0.0742861 -0.083458 0 -0.0906108 
0.0772539 0.0982881 -0.0813295 -0.0528418 0.020901 -0.0752329 0.00321167 0.0765144 0.0766447 0.00126683 -0.0877995 -0.0155547 0.0290044 0.0113993 -0.0382556 0.027254 -0.0408827 0.0623475 -0.0312956 0.0906108 0 
