20

16000 4500

30 55 80

2

0 63570 12990 30230 30160 56110 28330 18000 21650 67870 62640 24940 55091 26460 8400 75880 51270 46820 28530 56300 22590 
63500 0 73290 55730 90780 9320 86400 79210 73460 129630 123430 76520 117071 86760 70450 135130 45690 17980 35380 13410 68430 
13000 73360 0 35590 20370 65900 19390 8610 18810 55540 51240 20130 42761 14130 7790 64751 58980 56610 38320 66090 25990 
30150 55840 36270 0 37770 49970 33990 42890 20400 81370 75000 23460 74390 48020 35870 96380 26810 39080 23530 50590 45970 
30220 91072 20500 37750 0 83120 5810 24480 19970 47050 40240 15380 40070 19330 26710 62060 58040 73440 55110 83310 43420 
55610 9360 65400 50090 82570 0 79510 71200 67660 121250 115050 70720 108691 78870 62170 126850 40050 12530 28940 4780 59800 
28540 86890 19620 33850 5800 79460 0 24730 15140 51510 44700 12180 44530 21840 25570 66520 54440 69080 50750 80031 43320 
17470 78860 8590 42370 23970 71390 23960 0 25870 53650 50820 27190 40801 12240 9820 59840 66040 62110 43820 71580 23070 
21260 73940 19320 20570 19990 67910 15160 26370 0 62200 55830 7330 55220 30380 19830 77210 41160 57180 39240 68530 37070 
68290 129922 55490 81480 47020 121970 51530 53921 62440 0 15940 62000 18100 43540 61110 29290 102000 112680 94391 122160 69430 
62880 123732 51070 75100 40150 115780 44660 51020 56060 15920 0 55130 26820 40490 58070 40830 95620 106490 88201 115970 71980 
24740 76890 20950 23520 15460 70860 12260 28000 7220 62110 55300 0 55130 31200 23310 77120 43810 60130 44180 71480 40550 
55021 117393 42221 74050 39590 109171 44100 39961 55010 19500 26930 54570 0 29741 47591 22580 94570 99881 80341 109361 51350 
26970 88852 14170 48220 19400 79870 21690 12210 30570 43600 40770 31250 30411 0 19790 52401 70130 70580 52290 80060 33370 
8370 70690 7850 36000 26490 62560 25510 10310 20160 61230 58150 23450 48451 19820 0 68960 58940 54040 36200 62750 20630 
75920 135280 64641 96470 62010 127150 66520 59900 77430 29050 40630 76990 22650 52161 68690 0 116990 118630 102240 126630 68690 
51500 45900 59980 26470 58620 40130 55350 67030 41420 102390 96020 44310 95410 70570 59090 117400 0 29140 23380 41640 63030 
45840 18980 55630 38470 72800 13020 68310 61550 56200 111480 105280 59260 98921 69100 53040 117720 28430 0 17720 14530 52310 
28490 35290 38280 23930 55410 28920 50800 44200 39110 94130 87930 43960 80381 51750 36080 102180 23220 18540 0 29540 40620 
55750 13470 65540 50720 82710 4790 79650 71340 67860 121390 115190 70920 108831 79010 62310 126990 41340 14000 29140 0 58250 
22660 68340 25990 46140 43460 59680 43270 23080 37410 70250 71170 40700 52490 32590 20620 68640 62890 53250 40590 58340 0 

0 Ciudad_0 0 0 32400 0
1 Ciudad_1 703 12080 15485 1406
2 Ciudad_2 369 10706 14618 738
3 Ciudad_3 524 19088 23221 1048
4 Ciudad_4 797 20645 23172 1594
5 Ciudad_5 215 26835 29273 430
6 Ciudad_6 476 16631 19631 952
7 Ciudad_7 211 15690 18715 422
8 Ciudad_8 240 1997 4342 480
9 Ciudad_9 351 19085 23188 702
10 Ciudad_10 769 15657 18174 1538
11 Ciudad_11 152 9006 12105 304
12 Ciudad_12 136 4991 9677 272
13 Ciudad_13 419 16527 20457 838
14 Ciudad_14 460 26122 30795 920
15 Ciudad_15 216 23868 26706 432
16 Ciudad_16 317 16804 20289 634
17 Ciudad_17 794 11612 14653 1588
18 Ciudad_18 737 1247 5883 1474
19 Ciudad_19 354 21624 24635 708
20 Ciudad_20 717 1476 3779 1434

0 -0.00335761 0.044634 -0.0673546 0.0808443 -0.0318114 -0.0867272 -0.0657611 -0.0904294 -0.0646916 0.0479112 0.0420065 -0.0116131 -0.0962937 -0.00667792 -0.0267927 -0.0673175 -0.0339588 0.017049 0.06643 -0.0780693 
0.00335761 0 -0.0199467 -0.0267237 0.0190532 -0.0813774 -0.0467594 -0.0501021 0.0375706 0.0171849 -0.0833987 -0.0451385 -0.0970837 -0.08281 0.028509 0.0317225 -0.033262 -0.0879926 -0.0337773 0.0236489 -0.0506345 
-0.044634 0.0199467 0 -0.0440992 -0.067582 0.0908835 0.0749514 -0.0249314 0.0278935 -0.0494276 0.086316 0.0972013 -0.0394774 -0.000507979 0.0829882 -0.0874777 0.0962827 0.04977 0.00367312 0.00118931 0.0377578 
0.0673546 0.0267237 0.0440992 0 -0.0251184 -0.0470051 -0.0685802 -0.0465501 0.00961246 -0.0572184 0.0802802 -0.089723 -0.037836 -0.0138423 -0.0396506 0.00984201 -0.0462429 -0.0738474 0.0573705 -0.0804518 0.0756683 
-0.0808443 -0.0190532 0.067582 0.0251184 0 -0.0453227 -0.0171754 0.046267 -0.017463 0.0776397 -0.0528816 0.0910462 0.0591633 -0.0133108 -0.0464881 -0.0649901 -0.0504665 -0.0789818 -0.0374452 -0.0969168 0.0730503 
0.0318114 0.0813774 -0.0908835 0.0470051 0.0453227 0 0.072709 0.0560325 -0.0607673 -0.0870946 -0.0933384 -0.0494364 0.00495599 -0.025897 -0.0454615 -0.0906253 0.0948288 0.0864727 -0.0877582 -0.0851171 0.0168197 
0.0867272 0.0467594 -0.0749514 0.0685802 0.0171754 -0.072709 0 0.0948004 0.01235 -0.0166388 -0.0518999 -0.00217409 0.0122956 0.0537762 0.0396899 -0.00944038 -0.0562508 0.0544456 0.0506302 0.0550822 -0.0974934 
0.0657611 0.0501021 0.0249314 0.0465501 -0.046267 -0.0560325 -0.0948004 0 0.0249331 -0.0265455 0.0649917 0.000733032 0.0962631 0.0881345 0.0168718 -0.0319091 -0.0705193 0.0276211 -0.000645309 -0.0985863 -0.038275 
0.0904294 -0.0375706 -0.0278935 -0.00961246 0.017463 0.0607673 -0.01235 -0.0249331 0 -0.0493606 -0.0700771 -0.086929 -0.0841285 0.0509258 -0.0556717 -0.0636388 0.0398548 -0.0680497 -0.0990797 -0.0979974 -0.0168661 
0.0646916 -0.0171849 0.0494276 0.0572184 -0.0776397 0.0870946 0.0166388 0.0265455 0.0493606 0 -0.0835944 -0.00130877 0.0117752 0.0837565 0.0567799 -0.0374428 0.028882 0.0392332 0.0583952 -0.0995407 -0.0643127 
-0.0479112 0.0833987 -0.086316 -0.0802802 0.0528816 0.0933384 0.0518999 -0.0649917 0.0700771 0.0835944 0 -0.0917083 0.0592034 0.0733767 0.0527692 -0.081773 -0.0618385 -0.00755395 0.0724311 -0.00395081 0.0664707 
-0.0420065 0.0451385 -0.0972013 0.089723 -0.0910462 0.0494364 0.00217409 -0.000733032 0.086929 0.00130877 0.0917083 0 -0.0480078 0.0277062 -0.0533522 0.0212604 -0.0660713 0.0129944 -0.021235 0.00639021 0.0324183 
0.0116131 0.0970837 0.0394774 0.037836 -0.0591633 -0.00495599 -0.0122956 -0.0962631 0.0841285 -0.0117752 -0.0592034 0.0480078 0 0.0624119 -0.0633838 0.0267286 0.0744874 0.0704077 -0.0763404 0.0665019 0.0670632 
0.0962937 0.08281 0.000507979 0.0138423 0.0133108 0.025897 -0.0537762 -0.0881345 -0.0509258 -0.0837565 -0.0733767 -0.0277062 -0.0624119 0 -0.0772133 -0.00821783 -0.0532055 0.0845112 0.0742162 -0.0780014 0.0394773 
0.00667792 -0.028509 -0.0829882 0.0396506 0.0464881 0.0454615 -0.0396899 -0.0168718 0.0556717 -0.0567799 -0.0527692 0.0533522 0.0633838 0.0772133 0 0.0741493 -0.0358857 0.0771693 -0.00159701 -0.0783056 0.0304981 
0.0267927 -0.0317225 0.0874777 -0.00984201 0.0649901 0.0906253 0.00944038 0.0319091 0.0636388 0.0374428 0.081773 -0.0212604 -0.0267286 0.00821783 -0.0741493 0 -0.0152133 -0.0583356 0.0463518 0.0284911 0.0737557 
0.0673175 0.033262 -0.0962827 0.0462429 0.0504665 -0.0948288 0.0562508 0.0705193 -0.0398548 -0.028882 0.0618385 0.0660713 -0.0744874 0.0532055 0.0358857 0.0152133 0 -0.0778216 -0.0230042 -0.095542 0.0377565 
0.0339588 0.0879926 -0.04977 0.0738474 0.0789818 -0.0864727 -0.0544456 -0.0276211 0.0680497 -0.0392332 0.00755395 -0.0129944 -0.0704077 -0.0845112 -0.0771693 0.0583356 0.0778216 0 0.0895786 -0.0568989 0.0295915 
-0.017049 0.0337773 -0.00367312 -0.0573705 0.0374452 0.0877582 -0.0506302 0.000645309 0.0990797 -0.0583952 -0.0724311 0.021235 0.0763404 -0.0742162 0.00159701 -0.0463518 0.0230042 -0.0895786 0 0.0179309 -0.0637187 
-0.06643 -0.0236489 -0.00118931 0.0804518 0.0969168 0.0851171 -0.0550822 0.0985863 0.0979974 0.0995407 0.00395081 -0.00639021 -0.0665019 0.0780014 0.0783056 -0.0284911 0.095542 0.0568989 -0.0179309 0 -0.00164859 
0.0780693 0.0506345 -0.0377578 -0.0756683 -0.0730503 -0.0168197 0.0974934 0.038275 0.0168661 0.0643127 -0.0664707 -0.0324183 -0.0670632 -0.0394773 -0.0304981 -0.0737557 -0.0377565 -0.0295915 0.0637187 0.00164859 0 
