20

16000 4500

30 55 80

2

0 70240 94190 92310 93560 92520 82860 96480 56490 96010 77580 39310 49370 51070 58530 86350 32220 49680 40750 59960 92860 
70020 0 27870 78820 28110 52630 93710 66410 70440 56460 13140 101500 29130 32270 63260 118950 67190 105420 74350 66710 131260 
94410 27860 0 96431 11250 60361 100200 78321 79160 42750 23380 118220 44830 59330 70890 146290 83910 132480 101410 93770 158600 
92450 79250 96602 0 87770 40620 156350 24490 130450 133920 77740 126910 96780 54720 125570 73660 114790 84790 59740 37020 88150 
93360 28100 11720 87770 0 52290 105810 70250 84770 51161 16180 121890 48500 53680 76500 140640 87580 126830 95760 86020 152950 
92070 52520 60282 41170 52191 0 139850 21190 113950 99540 44620 129840 79350 44340 109070 107500 110590 105450 74380 52910 121990 
82610 94250 98950 156700 104570 140430 0 148930 27630 72850 104440 85060 66350 101460 32410 161610 50890 123550 120840 133750 168120 
95750 66460 78732 25230 70010 21140 151430 0 125530 116160 59980 133250 89750 50360 120650 93031 118090 101380 74210 50780 107521 
56440 70800 79410 130970 85030 114700 26590 123200 0 65800 82320 58890 42020 75730 10120 135440 24720 97380 94670 107850 141950 
96040 56220 42610 136602 51071 99130 73390 118072 67770 0 54920 119850 50310 86520 59500 166780 85410 143450 122020 123130 183800 
77400 13150 23400 77410 16200 44430 104920 60130 82260 55140 0 113730 40340 37720 74470 124400 79420 110870 79800 72120 136710 
38920 101480 118320 127260 121960 130270 84640 133240 58070 120140 113720 0 73500 88820 62600 97240 35710 60570 70950 90760 103750 
49580 29100 44820 96080 48460 79170 66480 89400 41920 50100 40300 73390 0 41930 35480 117290 39080 96460 72530 77960 129600 
50940 32680 59710 54370 54030 44530 101240 50340 75390 86770 38050 88710 42280 0 70510 87160 69460 73630 42560 36250 99470 
58530 64440 70780 125930 76400 109660 32520 118160 10760 59440 74990 62300 35500 70690 0 138190 27470 100130 91300 102810 144700 
85600 119220 146530 73250 140850 107010 161890 92651 135520 166680 124590 97300 117920 87600 138140 0 111250 36890 48470 58320 15820 
32270 67010 83850 114690 87490 110840 51110 118860 24740 85260 79250 35380 39030 69540 27360 111270 0 73210 72170 87480 117780 
48960 105360 132390 85050 126710 105120 123890 101250 97520 143190 110730 60660 96550 73740 100140 36930 73250 0 31480 53330 43440 
40730 74270 101300 60110 95620 74030 121030 74270 94660 121760 79640 70900 73000 42650 91410 48560 71830 31460 0 23610 60420 
59970 66600 93630 37390 86050 52840 133710 50790 107630 123250 71970 90740 78270 36210 102750 58070 87260 53350 23570 0 72560 
92160 131560 158870 87780 153190 121540 168450 107181 142080 181990 136930 103860 130260 99940 144700 15850 117810 43450 60690 72850 0 

0 Ciudad_0 0 0 32400 0
1 Ciudad_1 144 20877 24282 288
2 Ciudad_2 796 18776 22688 1592
3 Ciudad_3 276 5092 9225 552
4 Ciudad_4 346 22933 25460 692
5 Ciudad_5 232 7491 9929 464
6 Ciudad_6 662 3373 6373 1324
7 Ciudad_7 377 16154 19179 754
8 Ciudad_8 139 12553 14898 278
9 Ciudad_9 228 11634 15737 456
10 Ciudad_10 295 6061 8578 590
11 Ciudad_11 416 21699 24798 832
12 Ciudad_12 725 3759 8445 1450
13 Ciudad_13 250 17751 21681 500
14 Ciudad_14 155 13425 18098 310
15 Ciudad_15 506 23055 25893 1012
16 Ciudad_16 641 24463 27948 1282
17 Ciudad_17 390 13939 16980 780
18 Ciudad_18 467 15247 19883 934
19 Ciudad_19 468 24418 27429 936
20 Ciudad_20 604 23813 26116 1208

0 -0.0347402 -0.0618546 -0.0820624 -0.0398946 -0.0201717 -0.0721485 -0.0617641 0.0535152 -0.00430226 0.0217683 0.0967834 -0.089361 0.0899937 0.0751534 -0.0546519 0.0652214 -0.00922896 0.04476 -0.0176533 0.0549381 
0.0347402 0 -0.0470571 0.0204092 0.0518476 0.0718444 -0.0195044 -0.0168738 -0.0882253 0.0948519 -0.0544562 0.0493983 -0.0647457 -0.00449071 0.0509393 -0.0304631 -0.0450209 -0.0649614 0.0167023 -0.0441425 -0.00564828 
0.0618546 0.0470571 0 -0.0541661 -0.000738472 0.00683704 0.050698 0.0487456 -0.0494331 0.0177002 -0.041783 -0.055223 -0.0393785 0.0780034 -0.0383196 -0.0359198 0.0465163 -0.0701999 0.0257675 -0.00478723 0.0961092 
0.0820624 -0.0204092 0.0541661 0 0.0623504 0.0832121 0.0969617 0.0154484 0.0320197 -0.0451671 -0.0781008 0.0853969 0.026701 -0.0476941 0.0471222 -0.0668066 0.00766979 -0.0516428 0.0152287 -0.0600035 0.0590395 
0.0398946 -0.0518476 0.000738472 -0.0623504 0 -0.0206173 -0.0527451 -0.0996398 -0.0739508 0.0979899 0.0505094 0.0649845 0.0143886 -0.0516206 0.0451508 0.078598 -0.0948959 0.00213672 0.0605475 0.0832659 -0.00488572 
0.0201717 -0.0718444 -0.00683704 -0.0832121 0.0206173 0 0.0530996 0.0327727 -0.014496 -0.0459652 -0.0265634 0.0696687 0.0542772 -0.00860897 -0.0340911 0.0222301 -0.0110459 0.0140272 -0.090383 0.026564 -0.0477291 
0.0721485 0.0195044 -0.050698 -0.0969617 0.0527451 -0.0530996 0 -0.0121377 0.0684116 -0.0877506 0.0841261 -0.0844877 -0.0932542 -0.0457537 0.075766 -0.0126038 0.0999439 0.0267343 -0.0384274 0.0420197 -0.0426201 
0.0617641 0.0168738 -0.0487456 -0.0154484 0.0996398 -0.0327727 0.0121377 0 0.0193924 -0.0922258 0.0160478 -0.0682027 0.0915499 -0.0324719 -0.086179 0.0504294 0.00981348 0.066315 -0.095869 -0.0142875 -0.00244967 
-0.0535152 0.0882253 0.0494331 -0.0320197 0.0739508 0.014496 -0.0684116 -0.0193924 0 -0.0185251 0.0707326 -0.0668578 0.030305 0.0306443 -0.0323136 -0.0687756 0.0489739 -0.0226668 -0.0426598 0.0461045 -0.0220671 
0.00430226 -0.0948519 -0.0177002 0.0451671 -0.0979899 0.0459652 0.0877506 0.0922258 0.0185251 0 -0.0372181 0.000525262 -0.0959003 0.0199293 -0.0608125 0.0808122 0.067218 0.0305591 0.0326349 0.0165544 0.0849222 
-0.0217683 0.0544562 0.041783 0.0781008 -0.0505094 0.0265634 -0.0841261 -0.0160478 -0.0707326 0.0372181 0 -0.0406851 -0.0218247 -0.0372658 0.0214582 0.0494377 0.00690865 -0.0496621 0.00134594 0.068506 -0.0902497 
-0.0967834 -0.0493983 0.055223 -0.0853969 -0.0649845 -0.0696687 0.0844877 0.0682027 0.0668578 -0.000525262 0.0406851 0 -0.0772218 0.0699348 -0.0715206 0.0812397 -0.0522551 -0.0942298 0.0739159 0.0929207 0.0696543 
0.089361 0.0647457 0.0393785 -0.026701 -0.0143886 -0.0542772 0.0932542 -0.0915499 -0.030305 0.0959003 0.0218247 0.0772218 0 0.0301598 -0.0408591 -0.0827996 -0.0477533 0.0895516 -0.0447064 0.0846423 -0.0631408 
-0.0899937 0.00449071 -0.0780034 0.0476941 0.0516206 0.00860897 0.0457537 0.0324719 -0.0306443 -0.0199293 0.0372658 -0.0699348 -0.0301598 0 0.0974496 0.034019 0.0662533 0.0165127 0.0620156 0.0286218 0.0195334 
-0.0751534 -0.0509393 0.0383196 -0.0471222 -0.0451508 0.0340911 -0.075766 0.086179 0.0323136 0.0608125 -0.0214582 0.0715206 0.0408591 -0.0974496 0 -0.0836476 -0.0247629 0.068411 -0.0320391 0.0405759 -0.0407536 
0.0546519 0.0304631 0.0359198 0.0668066 -0.078598 -0.0222301 0.0126038 -0.0504294 0.0687756 -0.0808122 -0.0494377 -0.0812397 0.0827996 -0.034019 0.0836476 0 -0.0214915 0.04551 0.0283905 0.0565234 -0.0574981 
-0.0652214 0.0450209 -0.0465163 -0.00766979 0.0948959 0.0110459 -0.0999439 -0.00981348 -0.0489739 -0.067218 -0.00690865 0.0522551 0.0477533 -0.0662533 0.0247629 0.0214915 0 0.0287204 0.0322667 0.0430465 0.0294478 
0.00922896 0.0649614 0.0701999 0.0516428 -0.00213672 -0.0140272 -0.0267343 -0.066315 0.0226668 -0.0305591 0.0496621 0.0942298 -0.0895516 -0.0165127 -0.068411 -0.04551 -0.0287204 0 -0.0879665 -0.012448 0.0543543 
-0.04476 -0.0167023 -0.0257675 -0.0152287 -0.0605475 0.090383 0.0384274 0.095869 0.0426598 -0.0326349 -0.00134594 -0.0739159 0.0447064 -0.0620156 0.0320391 -0.0283905 -0.0322667 0.0879665 0 -0.083335 0.0107607 
0.0176533 0.0441425 0.00478723 0.0600035 -0.0832659 -0.026564 -0.0420197 0.0142875 -0.0461045 -0.0165544 -0.068506 -0.0929207 -0.0846423 -0.0286218 -0.0405759 -0.0565234 -0.0430465 0.012448 0.083335 0 0.0697384 
-0.0549381 0.00564828 -0.0961092 -0.0590395 0.00488572 0.0477291 0.0426201 0.00244967 0.0220671 -0.0849222 0.0902497 -0.0696543 0.0631408 -0.0195334 0.0407536 0.0574981 -0.0294478 -0.0543543 -0.0107607 -0.0697384 0 
