20

16000 4500

30 55 80

3

0 71490 99990 21220 84120 63220 63190 66470 17590 60470 30060 90300 98880 58190 88820 35020 63240 81590 37060 76430 73901 
72270 0 87100 55200 65220 128940 8520 132410 63550 120770 97340 112431 153470 121550 147350 103590 123540 13730 85720 142150 126550 
100380 86960 0 105540 24760 155870 80460 152950 83530 105350 123470 61950 118672 152870 123432 124330 106540 82630 136620 163490 174851 
21860 54870 105770 0 82840 76820 50710 80290 27190 78080 45220 107060 117880 69430 106430 51470 80850 66870 35950 90030 76780 
84460 65070 24890 82690 0 143550 58200 146800 69350 103330 111150 66570 117981 140550 122741 114760 104520 61470 115330 156760 154151 
63330 129160 155860 77030 143710 0 124251 7990 78140 59050 34200 118640 86050 14730 71090 32830 59370 141160 54850 13210 46350 
63750 8300 80320 51010 57710 124061 0 127301 55030 112250 91200 103911 144950 116931 138830 96160 115020 18400 81530 137271 122360 
66980 132600 152720 80470 147360 8000 127691 0 81790 52460 38150 112050 78660 20720 63700 35870 52780 144600 59280 13160 52760 
17970 63360 83520 27220 69290 77810 55060 81060 0 59450 44650 77760 97560 73870 87800 49610 62220 73460 54210 91020 90141 
60930 121100 105921 78570 103710 58830 112800 52070 59980 0 45750 61070 41370 63070 31340 36090 3410 131180 78320 62610 98250 
30160 96920 123570 44790 111170 34260 91360 37810 44970 45600 0 100910 86260 31130 76230 10370 48190 108920 32890 47470 59540 
90440 112431 61840 107220 66290 119140 104071 112380 78050 60580 100300 0 59300 122360 67750 95380 60250 116571 125180 122830 157460 
98900 152590 118512 117900 117442 86180 144290 78850 97650 40900 86350 59560 0 95550 16350 76690 38690 162060 118920 88820 132360 
58520 121850 153020 69720 140620 14150 117401 20640 74240 63100 31340 122470 95330 0 79960 34130 65120 133850 42420 25260 37140 
88640 146990 123872 106280 122802 71140 138690 63810 87690 30800 76250 68380 16160 80100 0 66590 28590 157070 108820 73780 116780 
35060 102480 124370 50350 114960 33170 96260 35560 49870 35970 10480 95340 76630 33990 66600 0 38560 114480 43050 45970 66580 
65230 124390 107001 82870 104790 61640 116090 54880 64280 5460 50910 60430 38080 67290 28050 41250 0 134470 83480 65420 103410 
82280 14310 82980 67700 61830 141440 18530 144910 73560 130740 109730 116751 162840 133780 157320 114690 133510 0 97540 154650 138370 
37030 86060 136200 35920 115730 54180 81900 58590 53800 77940 32660 124890 118600 41730 108570 42710 80530 97630 0 64320 43010 
76170 142000 163780 89870 156550 12830 137091 13050 90980 63520 47040 122611 88700 24990 73740 45670 63840 154260 64480 0 52800 
73561 126670 173971 76530 154531 46011 122510 52501 89971 98081 59670 157640 131681 37011 116181 66640 100671 138240 42580 52680 0 

0 Ciudad_0 0 0 32400 0
1 Ciudad_1 101 17093 20498 202
2 Ciudad_2 593 17803 21715 1186
3 Ciudad_3 235 18387 22520 470
4 Ciudad_4 404 15686 18213 808
5 Ciudad_5 310 9811 12249 620
6 Ciudad_6 614 14467 17467 1228
7 Ciudad_7 356 14867 17892 712
8 Ciudad_8 374 7502 9847 748
9 Ciudad_9 802 6500 10603 1604
10 Ciudad_10 542 2630 5147 1084
11 Ciudad_11 401 8395 11494 802
12 Ciudad_12 197 13208 17894 394
13 Ciudad_13 702 19275 23205 1404
14 Ciudad_14 417 17460 22133 834
15 Ciudad_15 179 8787 11625 358
16 Ciudad_16 774 14781 18266 1548
17 Ciudad_17 397 17543 20584 794
18 Ciudad_18 656 5303 9939 1312
19 Ciudad_19 617 17849 20860 1234
20 Ciudad_20 691 13583 15886 1382

0 -0.00648278 -0.0472844 -0.0660932 -0.0104327 0.0512058 -0.047623 -0.0924094 -0.0145475 -0.0686519 -0.0906929 0.0787947 0.0745246 -0.0257197 -0.0158436 -0.0849656 -0.0151708 0.0464169 -0.0982797 -0.0827965 0.0414942 
0.00648278 0 -0.0537593 -0.071594 0.0546078 0.0493238 0.065602 0.0480615 -0.0998611 -0.0355631 0.0728281 -0.00856826 0.0170397 -0.0422159 -0.0329812 0.00802363 -0.0698866 0.0918822 -0.04604 -0.0163088 -0.0373188 
0.0472844 0.0537593 0 -0.00626964 -0.035374 0.0789578 -0.0933294 -0.0659274 0.0852857 0.0575545 0.0899189 -0.0601942 -0.0326187 -0.0647512 -0.0272018 -0.0838732 0.0942958 -0.0935465 0.0792353 -0.0633321 0.0521426 
0.0660932 0.071594 0.00626964 0 -0.00431945 -0.0732874 -0.0481333 0.0297175 0.0560966 -0.0624879 -0.000678489 -0.0669855 0.0723714 0.0577524 -0.0241646 0.0312472 -0.051455 -0.0967242 0.0854033 0.00497165 -0.0669095 
0.0104327 -0.0546078 0.035374 0.00431945 0 -0.0972148 0.0918704 -0.0276808 -0.0747366 0.063233 0.0837633 -0.0784566 0.0156284 -0.0432792 -0.0847407 -0.00943426 0.00990354 0.056618 -0.0744263 -0.0880596 0.0829795 
-0.0512058 -0.0493238 -0.0789578 0.0732874 0.0972148 0 0.044464 0.0738402 -0.0224213 -0.0371305 0.0109539 0.0631616 -0.0843543 -0.0669488 -0.0393994 -0.0577025 0.0543941 0.0222954 -0.0504471 -0.09765 0.0358646 
0.047623 -0.065602 0.0933294 0.0481333 -0.0918704 -0.044464 0 0.0749396 -0.098923 -0.0661677 0.0615052 -0.037658 -0.0617523 0.0903179 0.0765565 0.0801294 -0.0150112 0.00226857 0.0254849 0.00842835 -0.0669389 
0.0924094 -0.0480615 0.0659274 -0.0297175 0.0276808 -0.0738402 -0.0749396 0 -0.0781032 0.084669 0.0152242 0.0338462 -0.0157451 0.0270202 0.00218857 -0.0224558 0.0238385 -0.0152941 -0.0338264 0.0910331 0.0822349 
0.0145475 0.0998611 -0.0852857 -0.0560966 0.0747366 0.0224213 0.098923 0.0781032 0 -0.0913986 -0.0602802 0.0493078 -0.0115667 0.0224687 0.0608779 -0.0125876 -0.0861124 -0.0468795 -0.0315081 -0.0737908 0.0305395 
0.0686519 0.0355631 -0.0575545 0.0624879 -0.063233 0.0371305 0.0661677 -0.084669 0.0913986 0 0.0916888 -0.034049 -0.0476445 -0.0764429 -0.0732706 -0.0660394 -0.0690549 -0.090571 0.0760695 -0.041303 0.0185201 
0.0906929 -0.0728281 -0.0899189 0.000678489 -0.0837633 -0.0109539 -0.0615052 -0.0152242 0.0602802 -0.0916888 0 0.00869254 -0.0799362 0.0674031 0.0706277 0.0173512 -0.0719907 -0.0764398 0.0645627 0.0784918 -0.00812302 
-0.0787947 0.00856826 0.0601942 0.0669855 0.0784566 -0.0631616 0.037658 -0.0338462 -0.0493078 0.034049 -0.00869254 0 0.0436371 0.0915446 0.0530547 0.00924346 0.0624235 -0.0161728 0.0904503 0.0237801 0.0485076 
-0.0745246 -0.0170397 0.0326187 -0.0723714 -0.0156284 0.0843543 0.0617523 0.0157451 0.0115667 0.0476445 0.0799362 -0.0436371 0 -0.0910811 0.0510568 -0.050701 0.0637559 0.0964045 0.00973357 -0.00993798 0.0468279 
0.0257197 0.0422159 0.0647512 -0.0577524 0.0432792 0.0669488 -0.0903179 -0.0270202 -0.0224687 0.0764429 -0.0674031 -0.0915446 0.0910811 0 -0.0520681 -0.0885314 0.0381067 -0.0799267 0.0681143 -0.00736113 0.0797831 
0.0158436 0.0329812 0.0272018 0.0241646 0.0847407 0.0393994 -0.0765565 -0.00218857 -0.0608779 0.0732706 -0.0706277 -0.0530547 -0.0510568 0.0520681 0 -0.0587555 -0.0538838 -0.0581083 0.0200237 0.0963832 -0.0324807 
0.0849656 -0.00802363 0.0838732 -0.0312472 0.00943426 0.0577025 -0.0801294 0.0224558 0.0125876 0.0660394 -0.0173512 -0.00924346 0.050701 0.0885314 0.0587555 0 0.0626535 0.0283334 0.0851668 0.0894155 0.0228847 
0.0151708 0.0698866 -0.0942958 0.051455 -0.00990354 -0.0543941 0.0150112 -0.0238385 0.0861124 0.0690549 0.0719907 -0.0624235 -0.0637559 -0.0381067 0.0538838 -0.0626535 0 -0.0662741 0.0678512 0.0567546 -0.0983714 
-0.0464169 -0.0918822 0.0935465 0.0967242 -0.056618 -0.0222954 -0.00226857 0.0152941 0.0468795 0.090571 0.0764398 0.0161728 -0.0964045 0.0799267 0.0581083 -0.0283334 0.0662741 0 0.0957112 0.0698162 0.0542958 
0.0982797 0.04604 -0.0792353 -0.0854033 0.0744263 0.0504471 -0.0254849 0.0338264 0.0315081 -0.0760695 -0.0645627 -0.0904503 -0.00973357 -0.0681143 -0.0200237 -0.0851668 -0.0678512 -0.0957112 0 0.0709941 -0.0853475 
0.0827965 0.0163088 0.0633321 -0.00497165 0.0880596 0.09765 -0.00842835 -0.0910331 0.0737908 0.041303 -0.0784918 -0.0237801 0.00993798 0.00736113 -0.0963832 -0.0894155 -0.0567546 -0.0698162 -0.0709941 0 -0.0962111 
-0.0414942 0.0373188 -0.0521426 0.0669095 -0.0829795 -0.0358646 0.0669389 -0.0822349 -0.0305395 -0.0185201 0.00812302 -0.0485076 -0.0468279 -0.0797831 0.0324807 -0.0228847 0.0983714 -0.0542958 0.0853475 0.0962111 0 
