20

16000 4500

30 55 80

2

0 7600 30870 94840 96360 92230 73220 99410 98700 35690 55800 72960 98890 69850 18830 24640 60840 68750 84960 42600 90280 
7260 0 31160 95130 96650 92520 73510 99700 98990 34360 56090 72040 99180 70140 19120 24930 61130 69040 85250 42890 90570 
31850 32240 0 66340 67860 63730 44720 70280 70200 20830 31690 48850 70390 41350 14110 6630 34580 40250 56460 15260 61780 
95310 95680 66940 0 17560 3190 29240 57640 34740 66410 45660 55170 19650 38100 76920 72420 38920 37020 39250 53360 30740 
96750 97120 68380 18200 0 15260 30680 42520 19440 67850 47100 56610 5690 39540 78360 73860 40360 38460 24130 54800 15620 
92570 92940 64200 3610 14630 0 26500 54710 31810 63670 42920 52430 16710 35360 74180 69680 36180 34280 36320 50620 27810 
73430 73800 45060 29360 30880 26750 0 32950 29850 44530 23780 30540 33410 12100 55040 50540 17040 12030 13740 31480 21430 
99140 99510 70580 57190 41930 54250 32980 0 28250 68760 46280 43170 40780 30460 80560 76060 39550 30880 22520 57000 28980 
99200 99570 70830 35000 19360 32060 30210 28470 0 70300 49550 52820 15910 35770 80810 76310 42810 35730 17360 57250 14970 
35890 34450 20590 65700 67220 63090 44080 68070 69560 0 22720 38070 69750 39140 19120 18230 29820 38040 55820 19030 61140 
55680 56050 31950 45390 46910 42780 23680 46170 49110 23030 0 17500 49440 18910 37290 34140 8760 17810 35370 17300 40690 
73320 71950 49590 55620 57140 53010 30690 43120 53330 38290 17980 0 58440 21010 54930 51780 18280 22280 37520 34940 45200 
98870 99240 70500 19710 5400 16760 32800 41210 15850 69970 49220 58280 0 41230 80480 75980 42480 40580 22820 56920 14310 
69630 70000 41260 37810 39330 35200 12030 30070 35750 39440 18830 20760 40860 0 51240 46740 12090 2640 19940 27680 27620 
18670 19040 14010 76390 77910 73780 54770 80330 80250 18980 37350 54510 80440 51400 0 7780 42390 50300 66510 24120 71830 
25500 25890 6430 71770 73290 69160 50150 75710 75630 18340 34140 51300 75820 46780 7760 0 38231 45680 61890 19390 67210 
60480 60850 35090 38780 40300 36170 17070 39300 42500 30120 8780 17690 42830 12290 42090 38940 0 11190 28760 19910 34080 
68530 68900 40170 36770 38290 34160 11960 30620 35970 38340 17730 22050 40820 2640 50140 45640 10990 0 20160 26580 27840 
84910 85280 56540 39160 23900 36220 13830 22440 17640 56010 35260 37290 22750 20240 66520 62020 28520 20200 0 42960 9510 
42650 43020 15480 52700 54220 50090 31080 56640 56560 18950 17110 34270 56750 27710 24260 19360 19640 26610 42820 0 48140 
90730 91100 62360 30930 15670 27990 21950 28720 15360 61830 41080 44800 14520 27750 72340 67840 34340 27710 9340 48780 0 

0 Ciudad_0 0 0 32400 0
1 Ciudad_1 517 4642 8047 1034
2 Ciudad_2 768 12454 16366 1536
3 Ciudad_3 208 12311 16444 416
4 Ciudad_4 814 20211 22738 1628
5 Ciudad_5 294 9716 12154 588
6 Ciudad_6 317 8712 11712 634
7 Ciudad_7 113 12490 15515 226
8 Ciudad_8 503 14220 16565 1006
9 Ciudad_9 596 24973 29076 1192
10 Ciudad_10 708 9517 12034 1416
11 Ciudad_11 497 20242 23341 994
12 Ciudad_12 111 10281 14967 222
13 Ciudad_13 211 3863 7793 422
14 Ciudad_14 664 17307 21980 1328
15 Ciudad_15 775 20586 23424 1550
16 Ciudad_16 509 7855 11340 1018
17 Ciudad_17 158 25523 28564 316
18 Ciudad_18 290 23347 27983 580
19 Ciudad_19 112 10403 13414 224
20 Ciudad_20 639 16366 18669 1278

0 0.00541796 0.0397593 -0.0250934 -0.0598115 -0.0972648 -0.0966344 0.00386185 -0.0338505 0.0169274 -0.0108546 0.0993425 0.0562804 -0.0332404 0.0988531 0.0986185 0.064472 0.085852 -0.0760561 0.0037088 0.0666526 
-0.00541796 0 0.0609064 0.0564488 -0.0740904 -0.0441213 -0.0206193 0.0405039 0.0259248 -0.0452636 0.0114665 -0.0804229 -0.0367955 -0.0695602 -0.0613424 0.0719067 0.0979368 -0.0314434 -0.0806917 0.0990499 0.0641233 
-0.0397593 -0.0609064 0 -0.0993578 0.0616495 -0.0651193 0.0762514 0.0905777 -0.00912968 -0.0273907 0.0675511 0.0446276 0.0206118 -0.0496906 -0.0476573 -0.0497594 -0.0861599 -0.00883423 -0.032674 -0.0171832 -0.0531946 
0.0250934 -0.0564488 0.0993578 0 0.097251 -0.0295468 0.0726166 -0.0393015 -0.0326138 0.0872704 0.0847937 -0.0994809 0.00741724 -0.0485257 0.0359075 0.0144469 -0.0585441 0.026669 -0.0760341 -0.0563035 -0.0895025 
0.0598115 0.0740904 -0.0616495 -0.097251 0 0.038063 -0.057458 0.0912067 -0.0566239 -0.0213468 0.0360217 0.0617625 -0.0487996 -0.0371637 0.044143 -0.078549 -0.0336454 -0.0643188 0.0063093 0.0891239 0.0956376 
0.0972648 0.0441213 0.0651193 0.0295468 -0.038063 0 0.0401956 0.00746645 -0.00520013 0.035343 -0.0108461 0.0729493 0.0125802 -0.0508177 0.0648028 -0.092049 0.02959 -0.0184089 -0.0526576 0.0924229 0.0874812 
0.0966344 0.0206193 -0.0762514 -0.0726166 0.057458 -0.0401956 0 -0.0046976 -0.0436561 -0.0414228 -0.0832008 0.0381877 -0.00052316 0.0693067 -0.0193992 0.0784546 0.046516 -0.0703957 -0.0999974 0.0134748 0.0914537 
-0.00386185 -0.0405039 -0.0905777 0.0393015 -0.0912067 -0.00746645 0.0046976 0 -0.0547246 0.0958029 -0.066374 0.0229707 0.00871778 0.0944136 0.0577428 0.00787492 -0.0627935 -0.0093658 -0.0527995 -0.0204633 -0.0676215 
0.0338505 -0.0259248 0.00912968 0.0326138 0.0566239 0.00520013 0.0436561 0.0547246 0 0.0224721 0.0969191 0.00705273 -0.0634938 -0.0239057 -0.0578812 0.0360598 0.0512289 -0.0841747 -0.0093281 0.0696019 -0.0867056 
-0.0169274 0.0452636 0.0273907 -0.0872704 0.0213468 -0.035343 0.0414228 -0.0958029 -0.0224721 0 0.0834597 0.0179447 -0.0570291 0.00366953 -0.0833418 -0.0599969 0.0774939 0.0952595 0.0396026 -0.019415 -0.0884935 
0.0108546 -0.0114665 -0.0675511 -0.0847937 -0.0360217 0.0108461 0.0832008 0.066374 -0.0969191 -0.0834597 0 0.0257869 0.00300507 -0.092602 0.00976649 -0.0557333 0.0101201 0.00558533 -0.0185199 -0.0961631 0.0820365 
-0.0993425 0.0804229 -0.0446276 0.0994809 -0.0617625 -0.0729493 -0.0381877 -0.0229707 -0.00705273 -0.0179447 -0.0257869 0 0.0337358 0.0190997 -0.00610509 0.0210079 0.0120909 -0.0501542 -0.081873 0.0875 0.0959217 
-0.0562804 0.0367955 -0.0206118 -0.00741724 0.0487996 -0.0125802 0.00052316 -0.00871778 0.0634938 0.0570291 -0.00300507 -0.0337358 0 -0.0606477 -0.0915606 -0.0720668 -0.0225366 -0.0699758 -0.061208 0.0148697 0.0945788 
0.0332404 0.0695602 0.0496906 0.0485257 0.0371637 0.0508177 -0.0693067 -0.0944136 0.0239057 -0.00366953 0.092602 -0.0190997 0.0606477 0 0.0521707 0.0244314 -0.0148971 0.0678287 0.0708773 0.0328496 0.0115275 
-0.0988531 0.0613424 0.0476573 -0.0359075 -0.044143 -0.0648028 0.0193992 -0.0577428 0.0578812 0.0833418 -0.00976649 0.00610509 0.0915606 -0.0521707 0 -0.0174136 0.0615967 -0.0661961 -0.0537093 0.0435191 0.0886141 
-0.0986185 -0.0719067 0.0497594 -0.0144469 0.078549 0.092049 -0.0784546 -0.00787492 -0.0360598 0.0599969 0.0557333 -0.0210079 0.0720668 -0.0244314 0.0174136 0 0.0631924 -0.0439573 -0.0424271 -0.0621993 0.0548553 
-0.064472 -0.0979368 0.0861599 0.0585441 0.0336454 -0.02959 -0.046516 0.0627935 -0.0512289 -0.0774939 -0.0101201 -0.0120909 0.0225366 0.0148971 -0.0615967 -0.0631924 0 0.0324794 0.0485857 -0.0752541 -0.0315741 
-0.085852 0.0314434 0.00883423 -0.026669 0.0643188 0.0184089 0.0703957 0.0093658 0.0841747 -0.0952595 -0.00558533 0.0501542 0.0699758 -0.0678287 0.0661961 0.0439573 -0.0324794 0 0.0297948 0.0288254 0.0312319 
0.0760561 0.0806917 0.032674 0.0760341 -0.0063093 0.0526576 0.0999974 0.0527995 0.0093281 -0.0396026 0.0185199 0.081873 0.061208 -0.0708773 0.0537093 0.0424271 -0.0485857 -0.0297948 0 0.0752365 -0.0169487 
-0.0037088 -0.0990499 0.0171832 0.0563035 -0.0891239 -0.0924229 -0.0134748 0.0204633 -0.0696019 0.019415 0.0961631 -0.0875 -0.0148697 -0.0328496 -0.0435191 0.0621993 0.0752541 -0.0288254 -0.0752365 0 0.0751494 
-0.0666526 -0.0641233 0.0531946 0.0895025 -0.0956376 -0.0874812 -0.0914537 0.0676215 0.0867056 0.0884935 -0.0820365 -0.0959217 -0.0945788 -0.0115275 -0.0886141 -0.0548553 0.0315741 -0.0312319 0.0169487 -0.0751494 0 
