20

16000 4500

30 55 80

3

0 27940 86610 91833 87961 95350 81310 41250 33540 78990 72091 50920 79970 66330 14260 73830 52250 74200 62320 77021 85230 
27740 0 62361 116483 101890 67950 53910 13850 5650 95000 86451 23030 52080 38440 38280 59140 28470 47820 76690 50070 61471 
86810 62511 0 183885 115770 28380 25340 50001 63721 115630 148702 52120 57650 53400 93600 26970 37110 16750 95960 14480 2540 
91640 116340 184082 0 124670 194671 172821 131880 118820 114540 53220 139281 165200 153980 80130 160980 140420 162380 115880 170701 180730 
88101 101670 115690 123590 0 142560 128130 109730 107270 11500 136490 121540 150120 135680 80630 91210 102160 113420 26900 116010 113730 
95400 68300 28420 195584 142530 0 19060 54680 68410 142390 152751 50280 36070 38470 105940 54860 53790 31540 122720 27010 30530 
81090 53990 25280 177004 127870 19040 0 40370 54100 127730 138441 39130 38570 34060 91630 40260 39020 16660 108060 12020 26040 
41160 14060 49711 132213 110630 54340 40300 0 14170 103530 98981 12220 41170 26870 51700 52340 19440 35571 85220 37420 48821 
32560 5650 63671 119413 107370 68140 54100 14050 0 100480 85871 20960 49560 36370 43760 64390 32990 49531 82170 51380 62781 
79230 94600 115590 113580 11390 142460 128030 102880 100200 0 126120 114690 143740 129510 70260 91110 97940 113320 22670 115910 113630 
72320 86611 148282 52870 137090 152441 138401 98491 85651 126760 0 105111 127840 118390 67610 142141 114391 133911 120780 135681 147392 
50490 23010 51940 139314 121850 50190 38890 12160 20840 114750 105121 0 29320 15680 61030 59260 26560 38390 96440 37850 52050 
78820 51920 57580 165710 149220 36480 38680 41070 49470 143660 127200 29580 0 14520 89940 78440 52390 52320 125350 50640 59690 
65970 38490 53370 154794 134920 38840 34030 26940 36320 129620 120230 16150 14440 0 76510 66310 38090 40190 111310 39280 53480 
14550 38260 93430 80504 81020 105830 91790 51570 43860 70690 67551 61240 90290 76650 0 80620 59040 81000 61030 85600 92020 
73820 59140 26810 161830 91210 54810 40710 52770 64370 91070 142131 59340 78600 66470 80580 0 34360 27360 71400 28590 24850 
52230 28710 36960 140563 102190 53680 38980 19750 33100 96890 114571 26450 52290 38100 58990 34380 0 22340 78580 26940 35580 
74160 47901 17570 162543 113350 31620 16720 35391 49111 113210 133922 38230 52340 40210 80970 27160 22440 0 93540 4680 16680 
62150 75770 95810 116400 26820 122680 108250 83820 81370 22580 120840 95630 124680 110450 61480 71330 78880 93540 0 96130 93850 
77330 50230 14530 171524 115850 27040 12120 37720 51440 115710 135961 38100 50590 39380 85540 28240 27010 4650 96040 0 14640 
85460 62041 2540 180834 113790 30540 26110 49531 63251 113650 148232 52260 59810 53540 92220 24990 35760 16280 93980 14620 0 

0 Ciudad_0 0 0 32400 0
1 Ciudad_1 284 21286 24691 568
2 Ciudad_2 685 7036 10948 1370
3 Ciudad_3 660 20569 24702 1320
4 Ciudad_4 128 19415 21942 256
5 Ciudad_5 243 8781 11219 486
6 Ciudad_6 694 20290 23290 1388
7 Ciudad_7 825 3806 6831 1650
8 Ciudad_8 301 6102 8447 602
9 Ciudad_9 496 10668 14771 992
10 Ciudad_10 187 13293 15810 374
11 Ciudad_11 582 10152 13251 1164
12 Ciudad_12 581 21425 26111 1162
13 Ciudad_13 557 20378 24308 1114
14 Ciudad_14 523 830 5503 1046
15 Ciudad_15 573 22730 25568 1146
16 Ciudad_16 122 20837 24322 244
17 Ciudad_17 555 9416 12457 1110
18 Ciudad_18 177 3046 7682 354
19 Ciudad_19 441 23784 26795 882
20 Ciudad_20 501 21844 24147 1002

0 -0.0440752 0.0475178 -0.0170293 -0.0985587 0.00555145 -0.0158989 0.0582802 -0.0708288 0.075269 -0.0205839 0.0577223 0.00757223 0.0533643 -0.00515193 -0.00476969 0.0323069 -0.0610302 0.0200216 0.0743359 -0.0518148 
0.0440752 0 -0.0766149 -0.0717883 0.0838008 -0.00816528 -0.00252242 0.0213492 0.0738139 0.0864512 0.0484093 -0.0746322 -0.0248156 0.00876603 0.0960133 0.0112786 -0.0925898 0.0645396 0.0376789 -0.0588842 0.0620859 
-0.0475178 0.0766149 0 0.0931167 -0.081247 0.0935966 0.0213032 -0.0377832 -0.0394023 0.0500851 -0.0345081 0.0418912 -0.0468863 0.0694452 0.0347945 -0.00894284 0.0786128 -0.071466 0.0562436 -0.072006 -0.0208022 
0.0170293 0.0717883 -0.0931167 0 0.0933884 -0.0925619 0.0770808 -0.0107625 0.0500524 -0.0690187 0.0162548 0.0127838 -0.0975137 0.0798925 0.0636095 0.0136216 0.052891 -0.0941473 -0.0316 -0.0789647 -0.0786469 
0.0985587 -0.0838008 0.081247 -0.0933884 0 0.0145332 -0.0122495 -0.0863477 -0.0509981 -0.0155206 -0.000273258 0.00281221 -0.049784 0.00143238 -0.0360792 0.0582144 -0.0289632 0.0630906 0.0988542 0.0042649 0.0263816 
-0.00555145 0.00816528 -0.0935966 0.0925619 -0.0145332 0 -0.0484846 0.0574294 -0.0979486 0.0102591 0.0612342 0.0623466 0.0120418 0.0591529 -0.0844262 0.0689396 0.00149714 0.0976833 0.0614782 0.00718021 -0.0343564 
0.0158989 0.00252242 -0.0213032 -0.0770808 0.0122495 0.0484846 0 -0.0358271 0.096948 -0.0352137 0.00275809 0.0829186 0.0683755 -0.0559193 0.0288338 0.0620937 -0.033005 -0.0691746 -0.02659 0.0338921 -0.0661188 
-0.0582802 -0.0213492 0.0377832 0.0107625 0.0863477 -0.0574294 0.0358271 0 0.0128734 0.0342615 0.0254991 0.0907682 0.045092 -0.016437 -0.0885077 -0.0299915 -0.08917 -0.0764472 0.00353893 -0.0908042 0.0105881 
0.0708288 -0.0738139 0.0394023 -0.0500524 0.0509981 0.0979486 -0.096948 -0.0128734 0 0.0658626 -0.0547073 0.00928985 -0.0709626 0.076925 0.0886864 -0.0235848 -0.00594848 -0.0208344 -0.0519809 -0.0791718 -0.0994929 
-0.075269 -0.0864512 -0.0500851 0.0690187 0.0155206 -0.0102591 0.0352137 -0.0342615 -0.0658626 0 0.0248776 0.00754298 0.0514613 -0.0926032 0.0886564 -0.0517346 -0.0664995 -0.0884403 -0.0259143 0.086649 0.0299216 
0.0205839 -0.0484093 0.0345081 -0.0162548 0.000273258 -0.0612342 -0.00275809 -0.0254991 0.0547073 -0.0248776 0 -0.00359572 -0.00566018 0.0994001 0.0244556 -0.0776986 -0.0106222 0.0132323 0.0376127 -0.094848 -0.00369665 
-0.0577223 0.0746322 -0.0418912 -0.0127838 -0.00281221 -0.0623466 -0.0829186 -0.0907682 -0.00928985 -0.00754298 0.00359572 0 0.0914226 0.0147876 0.0914759 -0.0173259 0.0694799 0.0955946 0.0143581 -0.0944227 -0.0832897 
-0.00757223 0.0248156 0.0468863 0.0975137 0.049784 -0.0120418 -0.0683755 -0.045092 0.0709626 -0.0514613 0.00566018 -0.0914226 0 0.0330982 -0.0794495 0.0316921 0.093056 -0.0848023 -0.0753862 -0.0601509 0.0843621 
-0.0533643 -0.00876603 -0.0694452 -0.0798925 -0.00143238 -0.0591529 0.0559193 0.016437 -0.076925 0.0926032 -0.0994001 -0.0147876 -0.0330982 0 0.0477547 -0.041149 -0.0905045 0.0224533 -0.0618832 0.033863 0.0644982 
0.00515193 -0.0960133 -0.0347945 -0.0636095 0.0360792 0.0844262 -0.0288338 0.0885077 -0.0886864 -0.0886564 -0.0244556 -0.0914759 0.0794495 -0.0477547 0 -0.0328963 -0.0503543 0.0937843 0.0831207 0.0721676 0.00612945 
0.00476969 -0.0112786 0.00894284 -0.0136216 -0.0582144 -0.0689396 -0.0620937 0.0299915 0.0235848 0.0517346 0.0776986 0.0173259 -0.0316921 0.041149 0.0328963 0 -0.00369556 0.0737162 0.0447695 -0.042565 0.00726385 
-0.0323069 0.0925898 -0.0786128 -0.052891 0.0289632 -0.00149714 0.033005 0.08917 0.00594848 0.0664995 0.0106222 -0.0694799 -0.093056 0.0905045 0.0503543 0.00369556 0 0.0292453 -0.0182126 0.0755945 -0.057276 
0.0610302 -0.0645396 0.071466 0.0941473 -0.0630906 -0.0976833 0.0691746 0.0764472 0.0208344 0.0884403 -0.0132323 -0.0955946 0.0848023 -0.0224533 -0.0937843 -0.0737162 -0.0292453 0 -0.0213753 -0.0632717 -0.0410171 
-0.0200216 -0.0376789 -0.0562436 0.0316 -0.0988542 -0.0614782 0.02659 -0.00353893 0.0519809 0.0259143 -0.0376127 -0.0143581 0.0753862 0.0618832 -0.0831207 -0.0447695 0.0182126 0.0213753 0 0.0129586 0.0561875 
-0.0743359 0.0588842 0.072006 0.0789647 -0.0042649 -0.00718021 -0.0338921 0.0908042 0.0791718 -0.086649 0.094848 0.0944227 0.0601509 -0.033863 -0.0721676 0.042565 -0.0755945 0.0632717 -0.0129586 0 -0.00473048 
0.0518148 -0.0620859 0.0208022 0.0786469 -0.0263816 0.0343564 0.0661188 -0.0105881 0.0994929 -0.0299216 0.00369665 0.0832897 -0.0843621 -0.0644982 -0.00612945 -0.00726385 0.057276 0.0410171 -0.0561875 0.00473048 0 
