20

16000 4500

30 55 80

3

0 73580 54970 86460 72800 58740 48530 92520 64760 56700 27490 90690 26970 84122 59310 83710 46740 63880 92060 84130 61590 
72680 0 111220 114470 28870 87630 55410 150452 43991 78770 57630 46510 92290 131440 128220 138612 84900 48201 28700 30810 29951 
54900 112600 0 58660 104040 44700 67860 42010 87030 109450 55420 113280 32150 35550 50651 31340 92970 83520 124470 113361 94000 
86700 114920 58750 0 98170 28320 60000 70240 73390 134030 69740 91810 78240 45280 108361 62030 130751 69880 111900 98040 89450 
66050 28530 99070 102170 0 75330 43110 138302 32000 76310 46070 49610 81260 119290 121620 126462 80720 36210 42260 35740 16840 
58880 87780 44710 28390 75350 0 32750 75080 50570 105980 41920 73550 51320 51620 94331 63240 102701 47060 91410 77550 66540 
48800 55660 68010 60160 43650 33050 0 102220 19840 83650 23020 47780 57470 81360 100750 90380 86471 18020 62190 48330 34420 
92140 152001 42110 70260 143441 74980 102120 0 121110 146440 94970 147360 69140 29860 64660 12770 129960 117600 163871 150870 133401 
65070 44621 86580 73130 25900 50460 19830 120790 0 85300 39250 30120 75160 99930 118440 108950 89630 5200 43370 29510 17550 
57030 78780 109400 135160 84610 106260 83610 146650 84780 0 66980 109820 82130 140090 91550 137840 19100 85750 101730 95750 74440 
27970 58220 55480 69830 51430 42110 22870 94920 39220 66580 0 67610 39070 76200 82350 83540 63741 38140 71390 62870 40920 
91010 47070 112860 92070 34210 74180 47750 147070 30320 109570 67820 0 104271 124800 147551 135230 113980 32490 28950 16010 36080 
27020 93450 32060 77880 87830 51340 57580 69310 75310 81620 38900 104410 0 64772 45360 60500 66540 74230 107250 99330 76780 
83631 132962 35570 44950 123990 51220 81430 30000 100420 139021 76122 123790 64421 0 82481 20240 125491 96910 141650 127790 114190 
59550 128890 50970 108080 129540 94220 100360 65210 118090 91660 81590 147190 45740 82280 0 66730 72940 117010 148340 140680 119370 
83720 139871 31320 61820 131311 62850 89990 12780 108980 138020 83031 135230 60720 20210 66400 0 121540 105470 151741 136820 121271 
46200 84090 92830 131120 88600 102040 85780 130080 88770 19530 63650 113810 66290 125932 73000 121270 0 89740 105720 99740 78430 
64040 48841 83320 69840 30120 47200 18210 117530 5340 86630 38220 32460 74070 96670 117350 105690 90960 0 47590 33730 21770 
91620 28770 124090 112280 30890 91990 62310 163322 43640 102460 71440 28830 106830 141940 147770 151482 106870 47920 0 14290 34790 
84040 31060 112651 98300 21160 77700 48290 150301 29350 96500 62530 16920 99080 127650 140590 136670 100910 33630 15080 0 25100 
61150 30740 93620 89270 13640 66420 34200 132852 17600 74470 40970 36020 76360 113840 118560 121012 78880 21810 34870 25210 0 

0 Ciudad_0 0 0 32400 0
1 Ciudad_1 493 14337 17742 986
2 Ciudad_2 788 21512 25424 1576
3 Ciudad_3 828 13960 18093 1656
4 Ciudad_4 313 8909 11436 626
5 Ciudad_5 590 20326 22764 1180
6 Ciudad_6 170 5313 8313 340
7 Ciudad_7 147 16590 19615 294
8 Ciudad_8 807 22443 24788 1614
9 Ciudad_9 794 17103 21206 1588
10 Ciudad_10 578 14437 16954 1156
11 Ciudad_11 435 18456 21555 870
12 Ciudad_12 456 14831 19517 912
13 Ciudad_13 278 21515 25445 556
14 Ciudad_14 763 5156 9829 1526
15 Ciudad_15 616 19589 22427 1232
16 Ciudad_16 733 25040 28525 1466
17 Ciudad_17 419 7377 10418 838
18 Ciudad_18 325 10627 15263 650
19 Ciudad_19 187 24245 27256 374
20 Ciudad_20 317 13855 16158 634

0 0.0425595 -0.0226526 -0.0348156 0.0300932 0.00818482 -0.0252094 0.0233644 0.0187135 -0.0564009 0.0739477 0.0207489 0.0865613 -0.0189237 -0.0739095 -0.0280787 -0.0425252 -0.0915487 -0.00225592 -0.00673711 -0.0493203 
-0.0425595 0 -0.0714372 0.0563626 0.0828445 0.0897235 -0.0460641 -0.0988705 0.0694082 -0.0310851 0.00876224 -0.0507907 0.0145421 -0.0323996 0.0516229 0.0103951 0.0424614 0.00630074 0.0967475 -0.0413172 0.00626274 
0.0226526 0.0714372 0 0.00528103 -0.0367889 0.0220252 0.00459888 0.0615385 0.0668859 0.00522699 0.00212168 0.0323442 -0.0564673 0.0341539 -0.0145835 0.0503057 -0.0201977 0.0302721 -0.00829375 0.0563658 0.0278656 
0.0348156 -0.0563626 -0.00528103 0 0.0877348 0.0646445 -0.0104216 0.0866403 -0.0845067 0.00644995 0.0838297 0.0553456 -0.0376182 -0.00118258 0.0259972 0.0946226 0.0872898 -0.0663414 -0.0953006 -0.032557 0.0359635 
-0.0300932 -0.0828445 0.0367889 -0.0877348 0 -0.0566937 -0.0114429 0.0119378 0.0219695 -0.0245174 0.0986656 0.0314564 -0.0562945 0.0652057 0.0274799 -0.0710627 -0.0995365 -0.0340884 -0.0774342 -0.0479899 0.0250021 
-0.00818482 -0.0897235 -0.0220252 -0.0646445 0.0566937 0 -0.0872617 -0.027352 -0.0397086 -0.0461418 -0.0086236 -0.0665701 -0.0766402 -0.00390377 0.012281 -0.0692058 0.0133937 0.0130422 -0.0671489 0.0556295 -0.0163691 
0.0252094 0.0460641 -0.00459888 0.0104216 0.0114429 0.0872617 0 -0.0191222 -0.0686509 0.0299117 -0.0497485 -0.00862603 0.0778616 0.0782958 -0.000963387 -0.0524329 0.0811161 0.00786051 0.0284937 -0.0985668 0.0401046 
-0.0233644 0.0988705 -0.0615385 -0.0866403 -0.0119378 0.027352 0.0191222 0 0.0229347 -0.0183985 0.0320756 -0.0687225 0.0921765 0.012501 -0.0925058 0.0497074 -0.0877755 -0.0842002 0.00471103 -0.0408203 0.0105875 
-0.0187135 -0.0694082 -0.0668859 0.0845067 -0.0219695 0.0397086 0.0686509 -0.0229347 0 0.00908919 0.0825179 0.0588382 -0.0631206 0.0157732 0.0127193 -0.0470568 0.0013461 0.0416483 0.0597687 -0.0657275 -0.0201622 
0.0564009 0.0310851 -0.00522699 -0.00644995 0.0245174 0.0461418 -0.0299117 0.0183985 -0.00908919 0 0.0391251 -0.0131351 -0.0287306 0.0248637 -0.0931754 0.0790652 0.0877972 -0.0998092 0.0895047 -0.0532975 0.0997029 
-0.0739477 -0.00876224 -0.00212168 -0.0838297 -0.0986656 0.0086236 0.0497485 -0.0320756 -0.0825179 -0.0391251 0 0.0303931 -0.093516 0.070202 -0.00688063 0.0134276 -0.0190151 -0.0196761 0.0950857 0.0780555 -0.0332676 
-0.0207489 0.0507907 -0.0323442 -0.0553456 -0.0314564 0.0665701 0.00862603 0.0687225 -0.0588382 0.0131351 -0.0303931 0 -4.34875e-05 -0.0278873 0.0273981 0.0605381 -0.0618137 -0.0134269 -0.0428903 0.0471849 -0.0425316 
-0.0865613 -0.0145421 0.0564673 0.0376182 0.0562945 0.0766402 -0.0778616 -0.0921765 0.0631206 0.0287306 0.093516 4.34875e-05 0 -0.0925562 0.0941603 0.0144506 -0.0152063 -0.0589752 0.0993939 -0.0886953 0.0178586 
0.0189237 0.0323996 -0.0341539 0.00118258 -0.0652057 0.00390377 -0.0782958 -0.012501 -0.0157732 -0.0248637 -0.070202 0.0278873 0.0925562 0 0.0133957 -0.0823713 -0.0285605 -0.086274 -0.0184362 -0.050796 0.0257707 
0.0739095 -0.0516229 0.0145835 -0.0259972 -0.0274799 -0.012281 0.000963387 0.0925058 -0.0127193 0.0931754 0.00688063 -0.0273981 -0.0941603 -0.0133957 0 0.0743308 0.096229 -0.0386519 0.0760931 -0.00448215 -0.0170653 
0.0280787 -0.0103951 -0.0503057 -0.0946226 0.0710627 0.0692058 0.0524329 -0.0497074 0.0470568 -0.0790652 -0.0134276 -0.0605381 -0.0144506 0.0823713 -0.0743308 0 -0.0509813 -0.0677775 0.043072 -0.0515096 0.0275163 
0.0425252 -0.0424614 0.0201977 -0.0872898 0.0995365 -0.0133937 -0.0811161 0.0877755 -0.0013461 -0.0877972 0.0190151 0.0618137 0.0152063 0.0285605 -0.096229 0.0509813 0 -0.0283158 -0.0192759 -0.0837195 0.0310877 
0.0915487 -0.00630074 -0.0302721 0.0663414 0.0340884 -0.0130422 -0.00786051 0.0842002 -0.0416483 0.0998092 0.0196761 0.0134269 0.0589752 0.086274 0.0386519 0.0677775 0.0283158 0 0.034321 0.0178787 -0.0108716 
0.00225592 -0.0967475 0.00829375 0.0953006 0.0774342 0.0671489 -0.0284937 -0.00471103 -0.0597687 -0.0895047 -0.0950857 0.0428903 -0.0993939 0.0184362 -0.0760931 -0.043072 0.0192759 -0.034321 0 -0.0272615 -0.0632569 
0.00673711 0.0413172 -0.0563658 0.032557 0.0479899 -0.0556295 0.0985668 0.0408203 0.0657275 0.0532975 -0.0780555 -0.0471849 0.0886953 0.050796 0.00448215 0.0515096 0.0837195 -0.0178787 0.0272615 0 0.00542981 
0.0493203 -0.00626274 -0.0278656 -0.0359635 -0.0250021 0.0163691 -0.0401046 -0.0105875 0.0201622 -0.0997029 0.0332676 0.0425316 -0.0178586 -0.0257707 0.0170653 -0.0275163 -0.0310877 0.0108716 0.0632569 -0.00542981 0 
