20

16000 4500

30 55 80

3

0 27750 72720 22790 95570 88800 44600 51610 98920 24520 70780 31310 37340 90220 29770 64160 45840 44390 71750 30830 38750 
27750 0 52190 45540 113980 103060 63890 29440 78340 38070 51350 51420 16490 94070 41390 43630 54460 23860 94430 49660 60300 
72560 51980 0 90500 139431 109560 97470 33620 38360 66620 14590 85470 51710 65120 62600 12340 61950 28880 141970 84040 98310 
22840 45820 91030 0 96450 100130 47720 67600 117230 41960 88850 35000 47260 108660 48150 82230 64280 62460 51640 34520 39500 
95390 114470 139491 96550 0 67150 51680 133611 181791 78861 130081 65090 127880 119070 82401 140211 93931 122621 109550 69590 59860 
88660 103160 109470 99830 67120 0 60681 116760 139610 65680 97730 67951 115620 60100 63130 115920 70090 105210 133421 71630 71521 
44630 63290 97220 47600 51850 61471 0 82221 128411 32660 88540 13700 76490 90230 37090 91911 52400 72061 76310 18200 13880 
51220 29420 34700 68310 131951 116710 81861 0 52790 55521 38400 69861 22450 88520 54580 22530 61070 15100 116530 68431 81460 
98761 77981 37981 116701 181922 139880 128052 52350 0 98961 49320 116052 74460 89971 96851 37011 97561 56661 411462 114622 128571 
24450 38290 66750 41920 77931 65750 32670 55960 99720 0 59040 20820 50750 68690 8110 62980 24310 44410 88530 20270 34430 
70660 51510 14620 88450 129891 97860 88580 37420 49230 58730 0 76760 53430 55950 53060 21180 52410 29240 139210 76150 90340 
31250 51240 86010 34710 65570 68631 14000 71091 117281 21190 77070 0 64590 81320 25620 80781 40930 60931 71280 4750 14540 
37280 16490 51450 47810 127180 115710 77090 22730 74580 50720 52880 64770 0 101660 53810 42890 63420 24780 95980 63010 73650 
90450 94210 65300 108630 118740 59120 90440 87310 90141 68730 55620 81000 101620 0 61250 73870 53040 77430 151050 81870 94310 
30140 41360 62440 48160 81241 63130 36910 54790 97510 8190 53030 25090 53800 61270 0 60520 16890 43240 95080 25960 38670 
64090 43510 12420 81880 140061 116190 91801 21550 37140 62540 21230 79801 43150 74240 60430 0 62580 20410 133350 78371 92220 
46090 54560 61790 64270 93721 70160 52410 61520 97690 24370 52380 40590 63430 53030 16890 62510 0 48870 110580 41460 54170 
44700 24120 28740 62490 121301 105090 72081 14760 56540 43960 28730 60081 25390 77800 42960 20180 48750 0 111560 58651 72030 
71460 94510 142490 51640 109680 133571 76390 116860 187561 88130 139600 71440 95680 152390 95010 133690 110400 112120 0 70960 64360 
30900 49550 84060 34360 69680 71630 18110 69061 115251 20520 76350 4750 62900 81650 25950 78751 41260 58901 70930 0 16410 
38870 60200 98550 39610 60070 71371 13870 81770 129060 34360 90240 14310 73550 94350 38790 92250 54100 71990 64350 16640 0 

0 Ciudad_0 0 0 32400 0
1 Ciudad_1 655 23078 26483 1310
2 Ciudad_2 216 12985 16897 432
3 Ciudad_3 488 15797 19930 976
4 Ciudad_4 283 13785 16312 566
5 Ciudad_5 710 4063 6501 1420
6 Ciudad_6 448 3604 6604 896
7 Ciudad_7 580 10604 13629 1160
8 Ciudad_8 636 19050 21395 1272
9 Ciudad_9 688 12557 16660 1376
10 Ciudad_10 581 14522 17039 1162
11 Ciudad_11 562 21356 24455 1124
12 Ciudad_12 801 16241 20927 1602
13 Ciudad_13 809 23055 26985 1618
14 Ciudad_14 292 22586 27259 584
15 Ciudad_15 670 8357 11195 1340
16 Ciudad_16 457 18960 22445 914
17 Ciudad_17 252 16397 19438 504
18 Ciudad_18 603 10731 15367 1206
19 Ciudad_19 522 21240 24251 1044
20 Ciudad_20 365 27085 29388 730

0 0.0239005 0.0127624 0.0553644 0.0955061 -0.0692438 -0.0190667 -0.0601396 -0.0017256 -0.0749652 -0.0619311 0.000211591 -0.0496393 0.0692716 0.0522058 -0.0604698 -0.0986441 -0.0557001 -0.0279016 -0.0396913 0.0428664 
-0.0239005 0 -0.0788896 -0.0749251 -0.0885635 -0.0229303 0.0528393 -0.00862952 -0.0457302 0.0231866 -0.0603316 0.0899164 -0.0243135 0.0634801 0.0552404 0.0695445 -0.0376035 -0.0939635 0.0954768 0.03284 -0.0773002 
-0.0127624 0.0788896 0 -0.0154785 0.0843976 0.00334013 0.0548072 -0.0371054 0.0274867 -0.00951021 0.0360786 -0.0347988 0.0295632 -0.0323245 -0.0852493 0.0742195 0.0397448 0.0680379 0.0192877 0.011126 0.00579456 
-0.0553644 0.0749251 0.0154785 0 -0.0606668 0.0551033 -0.0586952 -0.0634605 -0.0593263 -0.077716 -0.0583627 -0.043625 0.0958517 0.0274797 0.0613275 -0.0822599 -0.0405966 -0.063498 0.0565574 0.0967445 -0.02555 
-0.0955061 0.0885635 -0.0843976 0.0606668 0 -0.0313684 0.0657552 -0.0507375 0.0932205 -0.0723927 -0.0916691 0.0632678 0.0135972 0.0130355 -0.0350701 -0.0328489 -0.0677505 0.0316682 -0.0566681 0.056146 -0.0237653 
0.0692438 0.0229303 -0.00334013 -0.0551033 0.0313684 0 0.0950441 -0.0331336 -0.0386739 -0.054952 0.0458871 0.000498617 -0.076719 0.00749482 0.0918071 0.0722087 0.0874977 -0.0238829 -0.0935316 -0.0730288 -0.0606839 
0.0190667 -0.0528393 -0.0548072 0.0586952 -0.0657552 -0.0950441 0 0.078035 -0.0652526 -0.00943711 -0.0161384 -0.0385942 0.0408669 -0.0689542 -0.0613221 0.0489974 -0.0902078 -0.0255502 0.0198985 0.0633333 0.0287604 
0.0601396 0.00862952 0.0371054 0.0634605 0.0507375 0.0331336 -0.078035 0 0.0921609 -0.00148494 0.0587332 0.0647008 -0.074504 -0.00330964 0.0666336 0.046738 -0.0832957 0.0358552 0.0606772 0.0465673 -0.0557311 
0.0017256 0.0457302 -0.0274867 0.0593263 -0.0932205 0.0386739 0.0652526 -0.0921609 0 0.0836937 0.00530999 0.0876383 -0.0593865 -0.0919096 -0.083472 0.0442139 -0.0722035 -0.0346981 0.0123145 -0.0951886 0.0680425 
0.0749652 -0.0231866 0.00951021 0.077716 0.0723927 0.054952 0.00943711 0.00148494 -0.0836937 0 0.0616775 0.081846 0.0744045 0.0633379 0.096404 -0.0377744 0.0761512 -0.0407029 0.0671381 -0.0728232 -0.0949216 
0.0619311 0.0603316 -0.0360786 0.0583627 0.0916691 -0.0458871 0.0161384 -0.0587332 -0.00530999 -0.0616775 0 -0.0298062 -0.0204322 -0.0108373 -0.0682849 -0.00843347 -0.00972545 -0.0600219 -0.0988412 0.0203112 0.0521093 
-0.000211591 -0.0899164 0.0347988 0.043625 -0.0632678 -0.000498617 0.0385942 -0.0647008 -0.0876383 -0.081846 0.0298062 0 -0.0570895 -0.00795256 0.0374744 0.0322399 0.0634904 0.0528588 -0.0401156 0.0864249 0.0531439 
0.0496393 0.0243135 -0.0295632 -0.0958517 -0.0135972 0.076719 -0.0408669 0.074504 0.0593865 -0.0744045 0.0204322 0.0570895 0 -0.0501225 0.00412303 0.0175345 0.0521112 -0.000344564 -0.0660881 0.0892104 0.0378894 
-0.0692716 -0.0634801 0.0323245 -0.0274797 -0.0130355 -0.00749482 0.0689542 0.00330964 0.0919096 -0.0633379 0.0108373 0.00795256 0.0501225 0 -0.0917957 -0.0864701 0.0199664 -0.0825638 0.0651977 0.0786776 0.078721 
-0.0522058 -0.0552404 0.0852493 -0.0613275 0.0350701 -0.0918071 0.0613221 -0.0666336 0.083472 -0.096404 0.0682849 -0.0374744 -0.00412303 0.0917957 0 0.0459722 -0.0393231 0.0708332 -0.00368809 -0.0261575 0.0601331 
0.0604698 -0.0695445 -0.0742195 0.0822599 0.0328489 -0.0722087 -0.0489974 -0.046738 -0.0442139 0.0377744 0.00843347 -0.0322399 -0.0175345 0.0864701 -0.0459722 0 0.033858 -0.0801279 -0.000916805 0.0340551 -0.0665335 
0.0986441 0.0376035 -0.0397448 0.0405966 0.0677505 -0.0874977 0.0902078 0.0832957 0.0722035 -0.0761512 0.00972545 -0.0634904 -0.0521112 -0.0199664 0.0393231 -0.033858 0 -0.0891916 -0.00460549 0.0849647 0.0677004 
0.0557001 0.0939635 -0.0680379 0.063498 -0.0316682 0.0238829 0.0255502 -0.0358552 0.0346981 0.0407029 0.0600219 -0.0528588 0.000344564 0.0825638 -0.0708332 0.0801279 0.0891916 0 -0.0116511 0.0501946 0.0631951 
0.0279016 -0.0954768 -0.0192877 -0.0565574 0.0566681 0.0935316 -0.0198985 -0.0606772 -0.0123145 -0.0671381 0.0988412 0.0401156 0.0660881 -0.0651977 0.00368809 0.000916805 0.00460549 0.0116511 0 0.0299789 -0.0749672 
0.0396913 -0.03284 -0.011126 -0.0967445 -0.056146 0.0730288 -0.0633333 -0.0465673 0.0951886 0.0728232 -0.0203112 -0.0864249 -0.0892104 -0.0786776 0.0261575 -0.0340551 -0.0849647 -0.0501946 -0.0299789 0 -0.0431851 
-0.0428664 0.0773002 -0.00579456 0.02555 0.0237653 0.0606839 -0.0287604 0.0557311 -0.0680425 0.0949216 -0.0521093 -0.0531439 -0.0378894 -0.078721 -0.0601331 0.0665335 -0.0677004 -0.0631951 0.0749672 0.0431851 0 
