20

16000 4500

30 55 80

3

0 48730 97000 51700 95800 90220 83860 64420 53080 80800 96900 77430 69560 34510 84791 55280 94640 99610 95640 97400 92530 
49510 0 57420 299915 58471 51410 41320 21630 34460 38010 57320 38780 26770 16670 46141 16630 55830 56820 56060 54610 56361 
96730 57620 0 304670 30360 9600 20830 50580 63390 50100 3780 23230 55720 64270 25310 42280 9930 33310 8930 29140 30560 
315554 296154 300749 0 274189 291859 306139 307144 261774 323014 300839 291219 312284 285434 281019 286654 294479 326349 301109 322179 273379 
95670 58931 30660 277390 0 21770 36170 59230 51661 63980 30750 25210 64370 63210 14070 42701 24300 56150 31570 51980 4560 
89510 50870 9670 295230 20920 0 17470 45790 56150 46740 9760 13940 50930 57050 15870 35060 5720 36990 10730 32820 21120 
83940 41590 20760 310760 36130 17350 0 31820 53790 29270 20660 18580 35390 51480 24790 28970 22240 22880 19400 19290 34920 
64720 21920 50440 311035 59350 46080 31700 0 45530 21760 50340 36310 6400 31880 47061 20660 50780 44211 49080 42040 57281 
53090 34370 63300 262815 51581 56520 53890 45360 0 61230 63200 43620 50500 24090 49650 25310 60940 73410 61940 70600 48311 
81080 38280 50010 326665 63890 46600 29240 21750 61160 0 49910 42480 21940 48240 51830 36340 51490 25061 48130 27431 62360 
96720 57610 3780 304760 30450 9690 20820 50570 63380 50090 0 23220 55710 64260 25400 42270 10970 30830 6110 26660 30650 
77350 39130 23440 295160 25020 14550 18480 36350 43720 42440 23530 0 41490 44890 12970 22900 18970 40980 22350 37390 23500 
69830 27030 55550 316145 64460 51190 35230 6370 50640 21930 55450 41420 0 36990 52171 25770 55890 44381 54190 45570 62391 
34490 15960 64370 289155 63170 57590 51230 31650 24090 48030 64270 44800 36790 0 52161 22650 62010 66840 63010 64630 59900 
84861 46641 25450 284790 14270 16560 25000 47341 49610 52100 25540 13330 52481 52401 0 30411 19400 47420 25810 43570 12210 
55040 17130 41950 289905 42071 35170 29100 21790 24890 36440 41850 22380 26930 22580 29741 0 39590 48620 40590 45810 39961 
94520 55880 9870 298180 23870 5910 22300 50800 61160 51570 10950 18950 55940 62060 19330 40070 0 40100 13650 35930 24480 
99870 57070 32410 330580 56170 37070 22930 44191 73320 25051 30590 41090 44381 67030 47240 48500 40090 0 28210 4470 55540 
95970 56860 8920 305580 31270 10730 20070 49820 62630 48110 6120 22470 54310 63510 25850 41520 13660 28100 0 23930 31100 
97620 54820 28360 326430 52120 33020 19300 41960 70470 27411 26540 37460 45510 64780 43610 45650 36040 4460 24160 0 51490 
92300 57031 30100 276950 4300 21210 34340 57400 48291 62150 30190 23380 62540 59840 12240 40801 23970 54470 30460 50300 0 

0 Ciudad_0 0 0 32400 0
1 Ciudad_1 542 3526 6931 1084
2 Ciudad_2 165 13561 17473 330
3 Ciudad_3 311 14920 19053 622
4 Ciudad_4 556 19121 21648 1112
5 Ciudad_5 684 15051 17489 1368
6 Ciudad_6 560 6280 9280 1120
7 Ciudad_7 473 17279 20304 946
8 Ciudad_8 529 17802 20147 1058
9 Ciudad_9 541 15424 19527 1082
10 Ciudad_10 471 7736 10253 942
11 Ciudad_11 716 7166 10265 1432
12 Ciudad_12 407 2955 7641 814
13 Ciudad_13 527 3475 7405 1054
14 Ciudad_14 820 17929 22602 1640
15 Ciudad_15 409 14985 17823 818
16 Ciudad_16 334 16389 19874 668
17 Ciudad_17 140 11777 14818 280
18 Ciudad_18 115 4126 8762 230
19 Ciudad_19 454 24026 27037 908
20 Ciudad_20 528 9541 11844 1056

0 -0.0788733 0.0448489 -0.0209482 -0.0677537 0.0940057 0.0962531 -0.0473595 -0.0888127 0.0169737 0.00726355 0.0577807 0.0237447 0.051733 -0.0138759 0.0365781 0.0451772 -0.0540712 0.00266882 0.0334212 -0.0337448 
0.0788733 0 0.0343388 -0.0127323 -0.0333181 -0.0608943 -0.0019759 -0.0559575 0.0386224 -0.0570878 -0.0431807 0.05551 -0.030765 0.0459068 -0.0378936 -0.0627853 -0.02692 -0.00817778 -0.00492854 0.0837658 0.0223643 
-0.0448489 -0.0343388 0 -0.0248309 0.0672049 0.0239852 0.0605312 -0.0617439 0.0659574 0.0429275 -0.0422473 -0.0644871 0.0451372 0.023934 0.0776178 0.0966434 0.00298106 -0.0634848 0.0356502 -0.0317867 0.0278388 
0.0209482 0.0127323 0.0248309 0 -0.0951058 -0.0604057 -0.0447065 -0.0586089 -0.00556442 -0.00558037 -0.0647439 -0.0843634 0.00450486 0.0818294 -0.0816491 0.00838349 0.0549897 0.0134835 0.0715495 -0.0549005 -0.0685075 
0.0677537 0.0333181 -0.0672049 0.0951058 0 -0.0735146 0.0505126 0.014431 -0.028197 -0.0468231 -0.0794072 -0.060933 0.0638995 0.0786618 0.0924171 0.0390405 -0.0804386 -0.0782794 -6.3959e-05 -0.0333232 0.050219 
-0.0940057 0.0608943 -0.0239852 0.0604057 0.0735146 0 0.057961 0.0593179 0.0279309 -0.0118559 0.040927 0.0881821 -0.0993022 -0.049207 0.0656165 0.0257849 0.0389595 0.0814121 -0.0690802 0.0547789 0.0864802 
-0.0962531 0.0019759 -0.0605312 0.0447065 -0.0505126 -0.057961 0 -0.0381842 -0.015073 -0.0141616 0.0826629 0.0483958 0.0682137 0.0236262 -0.0313233 -0.0828047 -0.0292241 0.0488652 0.017106 -0.0457491 -0.06761 
0.0473595 0.0559575 0.0617439 0.0586089 -0.014431 -0.0593179 0.0381842 0 0.0817063 0.0649855 -0.0661111 -0.0742968 0.00900897 -0.000811433 -0.0315585 0.0744759 -0.0586132 -0.0269099 0.0477349 -0.0770976 0.0343122 
0.0888127 -0.0386224 -0.0659574 0.00556442 0.028197 -0.0279309 0.015073 -0.0817063 0 -0.00254161 0.0456348 0.0451151 -0.0601309 0.0658523 -0.0822131 0.0199598 -0.00408836 -0.0390434 0.0717802 -0.0332159 -0.0858551 
-0.0169737 0.0570878 -0.0429275 0.00558037 0.0468231 0.0118559 0.0141616 -0.0649855 0.00254161 0 -0.025787 -0.0179876 -0.0626843 -0.0640563 -0.0362799 -0.0273192 0.0599302 -0.0749518 0.0841511 -0.0762997 0.00499896 
-0.00726355 0.0431807 0.0422473 0.0647439 0.0794072 -0.040927 -0.0826629 0.0661111 -0.0456348 0.025787 0 -0.0576122 -0.00993106 -0.0524573 0.0758467 0.0629426 -0.0195109 -0.070433 -0.0640176 0.0693076 -0.00946343 
-0.0577807 -0.05551 0.0644871 0.0843634 0.060933 -0.0881821 -0.0483958 0.0742968 -0.0451151 0.0179876 0.0576122 0 0.0252706 0.0439813 0.0611561 -0.0312729 -0.052486 -0.054008 -0.0555435 0.0219732 0.073303 
-0.0237447 0.030765 -0.0451372 -0.00450486 -0.0638995 0.0993022 -0.0682137 -0.00900897 0.0601309 0.0626843 0.00993106 -0.0252706 0 -0.01336 -0.00645123 0.00624852 0.0894101 -0.0355229 0.0586461 0.0621236 0.0966448 
-0.051733 -0.0459068 -0.023934 -0.0818294 -0.0786618 0.049207 -0.0236262 0.000811433 -0.0658523 0.0640563 0.0524573 -0.0439813 0.01336 0 0.00764559 -0.019134 -0.0454322 -0.099406 0.0360068 -0.00974724 0.0670186 
0.0138759 0.0378936 -0.0776178 0.0816491 -0.0924171 -0.0656165 0.0313233 0.0315585 0.0822131 0.0362799 -0.0758467 -0.0611561 0.00645123 -0.00764559 0 0.0268867 -0.0905465 -0.0823449 0.0419212 0.0688397 -0.0654449 
-0.0365781 0.0627853 -0.0966434 -0.00838349 -0.0390405 -0.0257849 0.0828047 -0.0744759 -0.0199598 0.0273192 -0.0629426 0.0312729 -0.00624852 0.019134 -0.0268867 0 0.0828633 -0.0416218 0.0158552 -0.090608 0.04176 
-0.0451772 0.02692 -0.00298106 -0.0549897 0.0804386 -0.0389595 0.0292241 0.0586132 0.00408836 -0.0599302 0.0195109 0.052486 -0.0894101 0.0454322 0.0905465 -0.0828633 0 -9.19256e-05 -0.0189896 -0.0929897 -0.0461289 
0.0540712 0.00817778 0.0634848 -0.0134835 0.0782794 -0.0814121 -0.0488652 0.0269099 0.0390434 0.0749518 0.070433 0.054008 0.0355229 0.099406 0.0823449 0.0416218 9.19256e-05 0 -0.0999737 -0.081181 0.0872309 
-0.00266882 0.00492854 -0.0356502 -0.0715495 6.3959e-05 0.0690802 -0.017106 -0.0477349 -0.0717802 -0.0841511 0.0640176 0.0555435 -0.0586461 -0.0360068 -0.0419212 -0.0158552 0.0189896 0.0999737 0 0.0330143 -0.0692742 
-0.0334212 -0.0837658 0.0317867 0.0549005 0.0333232 -0.0547789 0.0457491 0.0770976 0.0332159 0.0762997 -0.0693076 -0.0219732 -0.0621236 0.00974724 -0.0688397 0.090608 0.0929897 0.081181 -0.0330143 0 0.0843557 
0.0337448 -0.0223643 -0.0278388 0.0685075 -0.050219 -0.0864802 0.06761 -0.0343122 0.0858551 -0.00499896 0.00946343 -0.073303 -0.0966448 -0.0670186 0.0654449 -0.04176 0.0461289 -0.0872309 0.0692742 -0.0843557 0 
