20

16000 4500

30 55 80

3

0 55410 67230 74590 49970 67840 73840 67330 81050 50470 54560 53070 22690 36350 55030 55400 97560 92960 81410 73630 62040 
55240 0 87430 82980 70450 66770 49670 74790 46420 67300 7350 97170 67910 21890 31820 41421 48900 146790 78620 45330 8610 
66840 87410 0 22090 17250 33230 66070 22510 86160 21200 89160 36460 50210 85920 63460 113930 115580 106902 37600 71810 91111 
75370 82460 21960 0 26390 17810 50650 9120 70740 25660 86481 57710 60540 86241 53200 116040 102110 128152 16490 56390 85160 
50040 70610 17650 26480 0 29450 54580 21720 73370 6030 71950 37020 34600 69120 48800 95250 100090 108460 38150 60320 74751 
68850 66800 33350 17690 29460 0 33340 11470 53430 26680 72050 65260 58050 71810 36410 103180 84800 136700 13790 39080 68080 
73990 49700 66070 50530 54840 33340 0 44310 33790 50100 55350 87310 74310 58340 19310 88820 65870 157180 41410 18210 50980 
68070 74460 22460 9160 21720 11460 44300 0 64390 18940 78660 55940 53870 78420 45200 108000 95760 127380 18120 50040 77160 
81290 46100 86140 70600 73220 53410 33790 64380 0 69500 52330 104970 86680 57430 26160 85941 37840 173210 58820 17020 45960 
51340 67520 21380 25650 6090 26630 49990 18900 69480 0 68860 42520 35910 66190 44910 92320 96200 113960 35330 55730 71081 
54180 7350 89360 86950 71970 72150 55200 78760 52390 68820 0 98690 67680 19120 37350 35310 55520 142950 84150 50860 15680 
53000 97410 36700 58010 36860 64810 87520 55470 105050 42190 98750 0 42300 87990 80480 105850 129860 75850 70890 93260 103760 
22750 67960 50530 60450 34380 57580 74070 53700 86600 35680 67600 42370 0 50270 60780 72170 107650 93360 70130 78230 74590 
36360 21840 85890 86710 68710 71910 58230 78520 57470 65760 19110 87690 49860 0 39290 32270 69480 126670 85660 55940 29190 
55490 31790 63640 53660 48950 36510 19410 45470 26020 45230 37440 80700 61280 39610 0 70910 52800 146770 48360 18600 33070 
55370 41820 114440 116510 95460 103270 88730 108760 85920 92510 35530 105820 71900 32340 70800 0 85660 131110 117540 84390 50150 
98330 48910 116900 102410 101250 85220 65940 96190 37820 97530 55450 130870 108370 68660 53890 85120 0 190770 94730 52080 42200 
92900 146590 107240 128550 108790 136740 157640 127400 173010 114120 143030 75900 93400 126560 146130 131110 190110 0 142820 163380 153220 
82440 78540 37370 16310 37810 13820 42150 18060 59550 35080 84190 71460 70010 85630 48150 117550 95290 142900 0 50820 79820 
73980 45390 71790 56250 60560 39060 18310 50030 16990 55820 51040 93030 78220 55860 18710 84510 52020 162900 50150 0 46190 
61840 8630 91091 85180 74681 67990 50890 77070 46130 70961 15710 103290 74510 29180 33040 49781 42300 153390 79840 46180 0 

0 Ciudad_0 0 0 32400 0
1 Ciudad_1 218 13613 17018 436
2 Ciudad_2 250 22918 26830 500
3 Ciudad_3 714 19641 23774 1428
4 Ciudad_4 586 7995 10522 1172
5 Ciudad_5 105 2870 5308 210
6 Ciudad_6 688 22845 25845 1376
7 Ciudad_7 527 20255 23280 1054
8 Ciudad_8 332 22260 24605 664
9 Ciudad_9 808 23377 27480 1616
10 Ciudad_10 693 24452 26969 1386
11 Ciudad_11 730 9438 12537 1460
12 Ciudad_12 603 14452 19138 1206
13 Ciudad_13 288 15113 19043 576
14 Ciudad_14 379 19031 23704 758
15 Ciudad_15 825 20208 23046 1650
16 Ciudad_16 187 4145 7630 374
17 Ciudad_17 612 14330 17371 1224
18 Ciudad_18 195 10149 14785 390
19 Ciudad_19 703 12601 15612 1406
20 Ciudad_20 505 26222 28525 1010

0 0.0668333 0.00415668 0.0106771 -0.0186264 -0.0516774 -0.0136671 -0.0771607 -0.0285399 -0.0477406 0.0815465 -0.00399911 0.0964416 -0.0165053 0.0470307 -0.070634 -0.0273074 -0.0884862 -0.036327 0.0582743 0.0804344 
-0.0668333 0 -0.0471005 -0.0667113 -0.0367051 0.0699203 -0.0132457 0.0690233 -0.0928009 -0.0854959 0.0611447 -0.0246259 -0.0804902 0.0659444 -0.0163931 -0.0184835 -0.0621984 -0.0874962 -0.0948541 -0.00361449 0.00417518 
-0.00415668 0.0471005 0 -0.0391837 0.0348295 -0.0127145 -0.0413944 -0.0608806 -0.0879409 0.0118026 0.0725633 0.0868867 -0.00210158 -0.0258396 0.0678588 -0.0488489 0.00739851 0.0104815 0.00513666 -0.0137462 0.0367602 
-0.0106771 0.0667113 0.0391837 0 -0.0979824 -0.0766312 -0.0834774 -0.00886732 -0.00034167 0.0666197 0.0211795 0.0885784 0.0438085 -0.0912001 -0.0922222 -0.0943463 0.0336594 -0.0416858 -0.0626848 -0.0520235 0.0318745 
0.0186264 0.0367051 -0.0348295 0.0979824 0 0.0116855 0.0150043 -0.0391696 0.0406204 0.0251604 0.0705052 0.0955188 0.00366761 0.0785871 -0.0319325 0.0945977 -0.0843124 -0.00108654 0.0926609 -0.001456 0.00220512 
0.0516774 -0.0699203 0.0127145 0.0766312 -0.0116855 0 0.0386151 -0.0401014 -0.008977 -0.0342459 0.011746 -0.0855748 -0.0717968 -0.0836337 -0.0768915 -0.0871873 0.0404586 -0.0859975 0.0673477 0.000500157 -0.00120853 
0.0136671 0.0132457 0.0413944 0.0834774 -0.0150043 -0.0386151 0 -0.064266 -0.0710909 0.0399325 0.0222699 0.0427814 0.0252976 0.0888088 -0.0681498 0.0751411 -0.0502229 0.0312149 0.0595844 0.0901498 -0.099512 
0.0771607 -0.0690233 0.0608806 0.00886732 0.0391696 0.0401014 0.064266 0 -0.0831715 0.0259931 -0.00987013 0.0691997 0.0987823 0.04041 0.00384737 0.0436142 0.0386254 0.0662549 -0.0245779 -0.00826919 0.0161156 
0.0285399 0.0928009 0.0879409 0.00034167 -0.0406204 0.008977 0.0710909 0.0831715 0 0.0289682 0.0578763 -0.0287447 -0.0161184 0.0807686 -0.0423885 -0.0574411 -0.0965832 -0.0225384 0.0667733 0.0862833 -0.00746911 
0.0477406 0.0854959 -0.0118026 -0.0666197 -0.0251604 0.0342459 -0.0399325 -0.0259931 -0.0289682 0 0.0655891 -0.0286605 -0.044542 -0.0772596 -0.0562575 -0.081587 -0.0761022 0.0210983 0.0162104 -0.0604657 0.0935005 
-0.0815465 -0.0611447 -0.0725633 -0.0211795 -0.0705052 -0.011746 -0.0222699 0.00987013 -0.0578763 -0.0655891 0 0.00706884 -0.0493404 0.0802097 -0.0240675 -0.0931125 0.0595798 -0.0392298 -0.0434829 0.0213259 -0.0550444 
0.00399911 0.0246259 -0.0868867 -0.0885784 -0.0955188 0.0855748 -0.0427814 -0.0691997 0.0287447 0.0286605 -0.00706884 0 0.00125099 0.0454818 -0.00211387 0.011653 0.0243414 0.0143182 -0.0837405 0.0731137 -0.0195073 
-0.0964416 0.0804902 0.00210158 -0.0438085 -0.00366761 0.0717968 -0.0252976 -0.0987823 0.0161184 0.044542 0.0493404 -0.00125099 0 -0.0972577 -0.0263397 0.0610553 -0.0698923 0.0317731 -0.0348521 0.0146338 -0.018915 
0.0165053 -0.0659444 0.0258396 0.0912001 -0.0785871 0.0836337 -0.0888088 -0.04041 -0.0807686 0.0772596 -0.0802097 -0.0454818 0.0972577 0 -0.0585102 0.0946132 -0.081658 -0.0376087 -0.0122875 0.00156667 0.0508594 
-0.0470307 0.0163931 -0.0678588 0.0922222 0.0319325 0.0768915 0.0681498 -0.00384737 0.0423885 0.0562575 0.0240675 0.00211387 0.0263397 0.0585102 0 -0.0815213 0.071323 0.0842369 0.0169294 0.00140508 -0.0549961 
0.070634 0.0184835 0.0488489 0.0943463 -0.0945977 0.0871873 -0.0751411 -0.0436142 0.0574411 0.081587 0.0931125 -0.011653 -0.0610553 -0.0946132 0.0815213 0 0.0668097 -0.0889292 0.0147727 0.0903155 0.0781155 
0.0273074 0.0621984 -0.00739851 -0.0336594 0.0843124 -0.0404586 0.0502229 -0.0386254 0.0965832 0.0761022 -0.0595798 -0.0243414 0.0698923 0.081658 -0.071323 -0.0668097 0 -0.0768137 0.0332338 -0.05132 -0.0459754 
0.0884862 0.0874962 -0.0104815 0.0416858 0.00108654 0.0859975 -0.0312149 -0.0662549 0.0225384 -0.0210983 0.0392298 -0.0143182 -0.0317731 0.0376087 -0.0842369 0.0889292 0.0768137 0 0.0828398 0.0450215 0.0181927 
0.036327 0.0948541 -0.00513666 0.0626848 -0.0926609 -0.0673477 -0.0595844 0.0245779 -0.0667733 -0.0162104 0.0434829 0.0837405 0.0348521 0.0122875 -0.0169294 -0.0147727 -0.0332338 -0.0828398 0 -0.0141538 0.0392166 
-0.0582743 0.00361449 0.0137462 0.0520235 0.001456 -0.000500157 -0.0901498 0.00826919 -0.0862833 0.0604657 -0.0213259 -0.0731137 -0.0146338 -0.00156667 -0.00140508 -0.0903155 0.05132 -0.0450215 0.0141538 0 0.00313189 
-0.0804344 -0.00417518 -0.0367602 -0.0318745 -0.00220512 0.00120853 0.099512 -0.0161156 0.00746911 -0.0935005 0.0550444 0.0195073 0.018915 -0.0508594 0.0549961 -0.0781155 0.0459754 -0.0181927 -0.0392166 -0.00313189 0 
