20

16000 4500

30 55 80

3

0 62171 92452 57421 64530 83950 78750 85250 59471 84610 19010 29771 64550 84820 86411 71881 97251 59971 82010 82330 47461 
61561 0 133691 86720 10030 56020 51210 140491 77950 36770 69380 69180 55550 27970 29310 82730 111790 15360 62051 137571 85620 
93382 135421 0 72921 134161 175961 170161 181702 90862 166011 81961 64881 114584 150781 164921 100091 108741 138171 134325 178782 58072 
57471 87220 73471 0 85510 128870 123670 142331 20270 119260 46050 34080 53910 100910 116530 28720 44780 91770 72730 139411 22030 
64870 10380 132811 85600 0 66400 61440 144621 74480 47150 69530 68300 50010 24110 39690 79260 106250 24710 54771 141701 84740 
83870 56050 173551 128350 66080 0 6540 134180 121920 24890 101130 108920 105460 78030 42680 127300 157480 43350 118101 120390 125880 
78760 51460 168441 123240 61350 6610 0 129861 116810 22370 96020 103810 100350 73820 39550 122190 152200 37780 112920 117550 120770 
85300 140871 179452 142081 145120 134380 129751 0 144131 143031 100160 113751 149120 168280 157161 156981 182911 128371 167280 35540 131441 
58741 78120 90911 20240 74450 122370 117170 143601 0 110160 47320 40150 37940 89710 107430 12500 40020 83320 56620 140681 37420 
84630 36910 163701 118500 46940 24910 22410 143131 110210 0 96300 99100 89490 55090 18650 115080 144970 28410 98961 135890 116060 
18980 69530 80691 45660 69050 101570 96370 99890 47710 96980 0 18010 61460 85670 95580 60120 85490 69140 81010 98190 35700 
29621 70480 64241 32730 69240 109020 103820 113551 39310 100680 18200 0 56370 85750 99280 51720 75600 72840 75920 110631 20560 
65380 55420 115182 54560 49900 105120 99920 149660 38620 88860 61600 56080 0 59610 84730 37110 61860 64330 20680 146740 60121 
85100 27940 150131 100900 24080 77980 73620 169610 89540 55030 86110 84760 60200 0 40860 92890 118450 40480 54580 166690 101750 
85821 29300 162851 116020 39330 42800 39490 157131 107250 18660 95420 98220 84850 40850 0 112030 141090 28200 89560 150470 114920 
71311 83200 100751 28900 79160 127650 122450 156321 12670 115240 59890 52720 36550 92810 112510 0 31740 88400 54080 153401 48350 
97341 110290 108751 44810 105010 157650 152050 182711 40060 144110 85920 76900 60930 117210 139600 31290 0 117650 69700 179791 64980 
59451 15340 136111 91250 24500 43280 37670 128511 83290 28580 69050 71850 64630 40380 28290 88160 117890 0 76070 125651 88810 
82760 61451 133952 71890 54391 117471 112661 168200 55940 98221 80290 74770 19890 54870 89140 53330 70800 76100 0 165280 78891 
82270 137330 176422 138531 141570 120210 118760 35730 140581 135930 98170 110721 145570 164730 150390 153431 179361 125371 163730 0 128411 
48551 85590 57541 21790 84330 126160 120960 132481 36860 116900 37130 21900 59462 100840 114900 47940 64660 89060 79203 129561 0 

0 Ciudad_0 0 0 32400 0
1 Ciudad_1 763 20240 23645 1526
2 Ciudad_2 632 6437 10349 1264
3 Ciudad_3 585 8233 12366 1170
4 Ciudad_4 736 22897 25424 1472
5 Ciudad_5 376 17155 19593 752
6 Ciudad_6 700 15932 18932 1400
7 Ciudad_7 472 20618 23643 944
8 Ciudad_8 632 6381 8726 1264
9 Ciudad_9 189 6543 10646 378
10 Ciudad_10 200 19475 21992 400
11 Ciudad_11 749 25584 28683 1498
12 Ciudad_12 409 14223 18909 818
13 Ciudad_13 379 5688 9618 758
14 Ciudad_14 508 21421 26094 1016
15 Ciudad_15 649 13488 16326 1298
16 Ciudad_16 729 14801 18286 1458
17 Ciudad_17 442 24366 27407 884
18 Ciudad_18 359 15095 19731 718
19 Ciudad_19 780 8806 11817 1560
20 Ciudad_20 635 5461 7764 1270

0 -0.00187988 -0.0298415 -0.0399348 0.0693236 0.0301794 0.0298107 -0.0794445 -0.071647 0.0259612 0.0961483 0.034889 -0.0126191 0.00863818 0.0116692 0.0491167 0.0849018 0.0853007 -0.0178983 -0.025689 0.0511867 
0.00187988 0 0.000792792 0.0329126 0.0645325 -0.0699445 0.040118 0.084154 -0.0323331 -0.0301421 -0.0808621 -0.000913861 -0.00792837 0.0986175 0.0236546 -0.00808203 0.0754857 0.0473947 -0.086894 0.0740047 -0.0998485 
0.0298415 -0.000792792 0 0.00956849 0.0830052 0.0371408 -0.0350047 0.0896656 0.0038863 -0.0431372 0.0628838 0.0484364 -0.0952089 0.0786733 -0.00337375 0.00510066 -0.0125994 0.049109 0.0385085 0.0252802 0.0243344 
0.0399348 -0.0329126 -0.00956849 0 0.0642741 0.0866884 -0.0743899 0.0566661 -0.0560656 -0.0327032 -0.0452476 -0.0425127 -0.0377218 -0.0796893 -0.0981104 -0.0415297 -0.0678008 0.00309358 -0.0622345 -0.0544921 -0.0831904 
-0.0693236 -0.0645325 -0.0830052 -0.0642741 0 -0.0636543 0.0737138 0.0179135 -0.0606461 -0.0491554 0.0892394 0.085762 -0.0878639 -0.0149109 -0.0704105 0.0689094 0.0608419 -0.00963204 -0.0577632 0.0444816 -0.0265804 
-0.0301794 0.0699445 -0.0371408 -0.0866884 0.0636543 0 0.0605637 -0.0740494 -0.067282 -0.0568924 0.0375946 0.0328621 0.0330178 0.080117 0.0459125 -0.00341833 0.0180295 -0.0890775 0.051209 -0.0591174 -0.0072412 
-0.0298107 -0.040118 0.0350047 0.0743899 -0.0737138 -0.0605637 0 0.0633666 -0.0606575 -0.0675833 0.00765266 -0.0804178 -0.0370794 -0.00366044 -0.0662969 0.0629892 0.0096168 0.0429395 0.0428645 0.0666074 -0.0154807 
0.0794445 -0.084154 -0.0896656 -0.0566661 -0.0179135 0.0740494 -0.0633666 0 -0.0578648 -0.00443708 -0.0561632 -0.0206255 -0.0915153 0.0493937 -0.0198503 0.0254671 0.0382974 0.065922 0.00660019 -0.0309351 0.00262814 
0.071647 0.0323331 -0.0038863 0.0560656 0.0606461 0.067282 0.0606575 0.0578648 0 -0.0872279 -0.0672983 -0.0617757 0.0531826 0.07536 0.0756339 -0.0296357 0.0807327 -0.0492032 0.0967104 -0.0172202 -0.0389154 
-0.0259612 0.0301421 0.0431372 0.0327032 0.0491554 0.0568924 0.0675833 0.00443708 0.0872279 0 -0.0846364 -0.0899277 -0.0759119 0.0185284 -0.0540811 0.0332207 -0.0835597 -0.00140187 -0.0107175 -0.00207984 0.0773307 
-0.0961483 0.0808621 -0.0628838 0.0452476 -0.0892394 -0.0375946 -0.00765266 0.0561632 0.0672983 0.0846364 0 -0.0562106 0.00804334 0.00958667 -0.0485293 0.010461 -0.0627425 -0.0963489 -0.0961973 -0.0652298 -0.0820597 
-0.034889 0.000913861 -0.0484364 0.0425127 -0.085762 -0.0328621 0.0804178 0.0206255 0.0617757 0.0899277 0.0562106 0 -0.0315052 0.0807443 0.0440853 -0.0842692 -0.0865685 0.000174384 0.0546496 0.0384652 -0.046548 
0.0126191 0.00792837 0.0952089 0.0377218 0.0878639 -0.0330178 0.0370794 0.0915153 -0.0531826 0.0759119 -0.00804334 0.0315052 0 0.0286175 -0.0901958 0.0334064 0.0797591 0.0281656 0.0855726 -0.00717869 -0.0552393 
-0.00863818 -0.0986175 -0.0786733 0.0796893 0.0149109 -0.080117 0.00366044 -0.0493937 -0.07536 -0.0185284 -0.00958667 -0.0807443 -0.0286175 0 -0.0873681 0.0822709 0.0802825 0.0316693 -0.0304857 0.0831031 -0.0430103 
-0.0116692 -0.0236546 0.00337375 0.0981104 0.0704105 -0.0459125 0.0662969 0.0198503 -0.0756339 0.0540811 0.0485293 -0.0440853 0.0901958 0.0873681 0 0.0765368 -0.00601799 -0.0995883 -0.0864172 0.0512437 0.0197851 
-0.0491167 0.00808203 -0.00510066 0.0415297 -0.0689094 0.00341833 -0.0629892 -0.0254671 0.0296357 -0.0332207 -0.010461 0.0842692 -0.0334064 -0.0822709 -0.0765368 0 -0.0472232 -0.0235356 0.0826783 -0.0451196 -0.0530084 
-0.0849018 -0.0754857 0.0125994 0.0678008 -0.0608419 -0.0180295 -0.0096168 -0.0382974 -0.0807327 0.0835597 0.0627425 0.0865685 -0.0797591 -0.0802825 0.00601799 0.0472232 0 -0.054522 -0.0215488 -0.0929558 -0.0370946 
-0.0853007 -0.0473947 -0.049109 -0.00309358 0.00963204 0.0890775 -0.0429395 -0.065922 0.0492032 0.00140187 0.0963489 -0.000174384 -0.0281656 -0.0316693 0.0995883 0.0235356 0.054522 0 -0.0870591 -0.0414423 0.0865684 
0.0178983 0.086894 -0.0385085 0.0622345 0.0577632 -0.051209 -0.0428645 -0.00660019 -0.0967104 0.0107175 0.0961973 -0.0546496 -0.0855726 0.0304857 0.0864172 -0.0826783 0.0215488 0.0870591 0 -0.0451245 0.0481437 
0.025689 -0.0740047 -0.0252802 0.0544921 -0.0444816 0.0591174 -0.0666074 0.0309351 0.0172202 0.00207984 0.0652298 -0.0384652 0.00717869 -0.0831031 -0.0512437 0.0451196 0.0929558 0.0414423 0.0451245 0 0.0776123 
-0.0511867 0.0998485 -0.0243344 0.0831904 0.0265804 0.0072412 0.0154807 -0.00262814 0.0389154 -0.0773307 0.0820597 0.046548 0.0552393 0.0430103 -0.0197851 0.0530084 0.0370946 -0.0865684 -0.0481437 -0.0776123 0 
