20

16000 4500

30 55 80

3

0 7040 49980 23890 90450 62491 57890 41560 59020 73400 64050 74223 76080 70500 88790 96660 41360 64730 65911 26210 38640 
6950 0 55470 30370 95940 67981 62140 46790 64510 76550 67200 79713 81570 76170 94280 102150 47840 67880 71401 32690 44310 
49960 55750 0 36170 84921 67331 66460 76170 56461 83330 77640 38760 70551 68580 86231 94101 18270 73840 63851 32720 30550 
23900 30610 36100 0 96160 68201 50130 41070 64730 67000 61310 66931 81790 52250 94500 102370 19890 57510 71621 4460 16950 
90180 95970 85110 96270 0 58290 145241 128911 43110 159791 150441 47770 19220 151570 41190 54850 98200 151121 49790 95930 111270 
61421 67211 66350 67511 57740 0 114422 98092 21140 128972 119622 67930 43370 116671 48110 50250 73621 120302 16120 67171 82681 
57770 61760 65820 50300 142781 114822 0 16500 111351 18950 13260 103390 128411 16800 141121 148991 51760 9460 118242 52860 36620 
41670 46940 75480 40870 126811 98852 16740 0 95381 34080 24820 106361 112441 32820 125151 133021 59750 24960 102272 44870 48900 
58940 64730 56830 65030 42910 21190 111941 95611 0 126491 117141 58410 28770 120150 33970 40240 69920 117821 10140 64690 80200 
73790 77130 82640 67120 158151 130192 19280 34080 126721 0 10090 120260 143781 24210 156491 164361 68580 11750 133612 69680 53440 
64530 67870 76760 61240 148891 120932 13400 24820 117461 10130 0 114330 134521 21210 147231 155101 62700 8750 124352 63800 47560 
73842 79632 38220 66860 47750 69510 103720 106580 58080 120590 114900 0 49170 105840 84200 95720 55290 111100 65470 66040 67570 
75650 81440 70580 81740 19090 43760 130711 114381 28810 145261 135911 48950 0 135010 39770 52350 83670 136591 36020 81400 95950 
70440 76550 68070 52550 151370 117661 17510 33020 120210 23990 21120 105640 134771 0 150470 158340 54010 13490 124521 55110 38870 
88570 94360 86460 94660 41530 47850 143631 127301 33950 158181 148831 84380 39940 150240 0 14400 99550 149511 32280 94320 109830 
96470 102260 94360 102560 54800 50130 151531 135201 40480 166081 156731 95940 52630 158140 13760 0 107450 157411 34560 102220 117730 
41200 47910 17950 19960 97940 74271 52100 59900 69480 68970 63280 55370 83570 54220 99250 107120 0 59480 76870 16340 16190 
64400 67740 72850 57330 148761 120802 9490 24730 117331 12010 8830 110420 134391 13580 147101 154971 58790 0 124222 59890 43650 
65251 71041 63860 71341 49930 16070 118252 101922 10010 132802 123452 65440 36330 125051 32290 34430 76950 124132 0 71001 86511 
26010 32720 32340 4450 95940 67981 52940 45060 64510 69810 64120 66161 81570 55060 94280 102150 16220 60320 71401 0 16620 
38330 44440 30190 16940 111111 83671 36720 48800 80200 53590 47900 67610 95810 38840 109970 117840 16130 44100 87091 16620 0 

0 Ciudad_0 0 0 32400 0
1 Ciudad_1 361 700 4105 722
2 Ciudad_2 467 17672 21584 934
3 Ciudad_3 646 7727 11860 1292
4 Ciudad_4 440 14832 17359 880
5 Ciudad_5 760 9136 11574 1520
6 Ciudad_6 192 7649 10649 384
7 Ciudad_7 688 19074 22099 1376
8 Ciudad_8 111 25515 27860 222
9 Ciudad_9 520 3785 7888 1040
10 Ciudad_10 797 17934 20451 1594
11 Ciudad_11 603 6482 9581 1206
12 Ciudad_12 766 8466 13152 1532
13 Ciudad_13 436 6603 10533 872
14 Ciudad_14 634 5315 9988 1268
15 Ciudad_15 320 22733 25571 640
16 Ciudad_16 305 13440 16925 610
17 Ciudad_17 792 18060 21101 1584
18 Ciudad_18 248 4698 9334 496
19 Ciudad_19 491 7884 10895 982
20 Ciudad_20 462 18552 20855 924

0 -0.057732 0.0477086 0.0925631 0.0282236 0.0333985 0.0316211 -0.00620728 0.019696 0.0502868 -0.0880017 0.0875956 0.0801366 -0.094083 -0.0731149 0.0532845 0.082031 -0.000405517 -0.0458463 -0.0467531 -0.0270645 
0.057732 0 -0.0940153 0.00473175 -0.0172239 0.0772422 -0.0728128 -0.0447923 -0.00871517 -0.0290687 0.0638573 0.0767206 0.075198 -0.0857077 0.0119282 0.0302648 0.0573758 -0.0701966 0.0990564 0.0851107 -0.0559576 
-0.0477086 0.0940153 0 -0.0528729 -0.0247508 -0.0315125 0.0150157 -0.0268814 -0.0501425 -0.0649614 -0.0072865 -0.0948631 0.0192635 0.0782894 -0.0446105 -0.0903346 -0.0907874 0.0578888 -0.0629942 0.00793001 -0.051889 
-0.0925631 -0.00473175 0.0528729 0 0.0338885 0.0433663 0.0907958 0.00802151 0.0690404 -0.0696767 0.0273093 -0.0381926 0.0644614 -0.0533656 0.0831538 -0.0313415 0.00091825 -0.0866169 0.0601395 0.0074838 -0.0656084 
-0.0282236 0.0172239 0.0247508 -0.0338885 0 0.0668814 0.0807917 0.0556371 -0.00951015 0.00552507 0.00964277 0.0657691 0.0692087 -0.00116131 -0.0371093 -0.00264467 0.0102682 -0.00263206 0.0579557 0.0318922 0.0921205 
-0.0333985 -0.0772422 0.0315125 -0.0433663 -0.0668814 0 -0.0567487 0.0465068 -0.0646421 0.0029885 0.0265438 -0.0116912 0.0516153 0.0518307 0.00036247 -0.0926402 0.011069 0.0883923 0.0622224 0.0771651 0.0925746 
-0.0316211 0.0728128 -0.0150157 -0.0907958 -0.0807917 0.0567487 0 0.0616853 -0.0280132 0.0259498 0.0532463 -0.0412378 -0.00237111 -0.0407146 0.0395862 0.0596628 0.0746341 0.0677745 0.0125807 0.044187 -0.0422278 
0.00620728 0.0447923 0.0268814 -0.00802151 -0.0556371 -0.0465068 -0.0616853 0 -0.0648403 0.0167123 -0.0226234 -0.0773976 -0.0963227 -0.0285595 0.0190721 0.0452628 -0.0256736 -0.0201033 0.0523698 -0.0439916 -0.0580012 
-0.019696 0.00871517 0.0501425 -0.0690404 0.00951015 0.0646421 0.0280132 0.0648403 0 0.0843283 -0.0380518 -0.0173219 -0.0698736 0.0843302 -0.0608882 0.0287736 0.0260472 -0.0130975 0.034888 0.0513806 -0.0436445 
-0.0502868 0.0290687 0.0649614 0.0696767 -0.00552507 -0.0029885 -0.0259498 -0.0167123 -0.0843283 0 0.037674 -0.0357726 -0.0674702 0.015044 -0.0577665 0.0674329 -0.00607555 -0.0830136 -0.0345651 0.0389084 0.062777 
0.0880017 -0.0638573 0.0072865 -0.0273093 -0.00964277 -0.0265438 -0.0532463 0.0226234 0.0380518 -0.037674 0 0.0777581 0.0361865 0.00855695 0.0753942 -0.0146853 0.0134909 -0.0499903 0.000222933 -0.0824595 0.0863807 
-0.0875956 -0.0767206 0.0948631 0.0381926 -0.0657691 0.0116912 0.0412378 0.0773976 0.0173219 0.0357726 -0.0777581 0 0.0105502 -0.0656776 -0.0752224 -0.0695746 0.0223774 0.056161 0.0655404 -0.0934078 0.0711355 
-0.0801366 -0.075198 -0.0192635 -0.0644614 -0.0692087 -0.0516153 0.00237111 0.0963227 0.0698736 0.0674702 -0.0361865 -0.0105502 0 -0.044615 -0.0551798 0.0560802 0.084604 -0.0585756 -0.0070593 -0.00332378 -0.0627432 
0.094083 0.0857077 -0.0782894 0.0533656 0.00116131 -0.0518307 0.0407146 0.0285595 -0.0843302 -0.015044 -0.00855695 0.0656776 0.044615 0 0.00502115 -0.0468889 -0.0506099 -0.0523046 0.0413664 0.0495851 -0.020243 
0.0731149 -0.0119282 0.0446105 -0.0831538 0.0371093 -0.00036247 -0.0395862 -0.0190721 0.0608882 0.0577665 -0.0753942 0.0752224 0.0551798 -0.00502115 0 0.0122932 0.0521183 0.0379874 0.0365323 0.0475969 -0.00755238 
-0.0532845 -0.0302648 0.0903346 0.0313415 0.00264467 0.0926402 -0.0596628 -0.0452628 -0.0287736 -0.0674329 0.0146853 0.0695746 -0.0560802 0.0468889 -0.0122932 0 0.0393953 -0.0270403 0.0708838 -0.014187 -0.0727367 
-0.082031 -0.0573758 0.0907874 -0.00091825 -0.0102682 -0.011069 -0.0746341 0.0256736 -0.0260472 0.00607555 -0.0134909 -0.0223774 -0.084604 0.0506099 -0.0521183 -0.0393953 0 0.0354888 0.0218413 -0.0538734 -0.089102 
0.000405517 0.0701966 -0.0578888 0.0866169 0.00263206 -0.0883923 -0.0677745 0.0201033 0.0130975 0.0830136 0.0499903 -0.056161 0.0585756 0.0523046 -0.0379874 0.0270403 -0.0354888 0 -0.0644129 -0.0598701 -0.0866458 
0.0458463 -0.0990564 0.0629942 -0.0601395 -0.0579557 -0.0622224 -0.0125807 -0.0523698 -0.034888 0.0345651 -0.000222933 -0.0655404 0.0070593 -0.0413664 -0.0365323 -0.0708838 -0.0218413 0.0644129 0 -0.0171786 -0.0119786 
0.0467531 -0.0851107 -0.00793001 -0.0074838 -0.0318922 -0.0771651 -0.044187 0.0439916 -0.0513806 -0.0389084 0.0824595 0.0934078 0.00332378 -0.0495851 -0.0475969 0.014187 0.0538734 0.0598701 0.0171786 0 -0.0327771 
0.0270645 0.0559576 0.051889 0.0656084 -0.0921205 -0.0925746 0.0422278 0.0580012 0.0436445 -0.062777 -0.0863807 -0.0711355 0.0627432 0.020243 0.00755238 0.0727367 0.089102 0.0866458 0.0119786 0.0327771 0 
