50

16000 4500

30 55 80

6

0 56420 6740 81140 50230 79690 63150 44500 64950 80490 42100 83680 66760 86730 47560 60700 27930 37800 67120 83360 71700 13370 46500 47000 68280 61760 42440 94150 49580 95690 68060 75310 6000 98960 33730 96790 30060 23090 67220 51950 63770 59270 82970 36800 20050 23330 68440 66870 73580 76880 57600 
55780 0 55330 74290 57040 129640 24770 92940 17040 26110 24260 32860 25420 78390 39810 39330 38210 86240 27860 53870 64470 43700 92840 10670 40850 59191 35460 39770 21490 117550 116500 35290 60920 55300 25630 118540 78500 40930 16150 25100 24300 11590 75690 85240 37500 51170 64180 45860 61060 25270 50370 
6940 55530 0 85620 54710 85810 64040 50620 64060 79600 44580 78630 67440 91210 51440 55650 31810 43920 62070 87240 66650 16710 52620 45650 72160 66240 37390 93260 50700 101810 74180 70260 11200 99850 31440 102910 36180 18090 66330 55830 58720 58380 87450 42920 20920 27810 72920 70750 78060 71900 52550 
79430 74030 84670 0 35950 120640 59270 84570 68520 91810 57951 104690 63130 9620 38450 111300 55800 77870 99830 40390 125051 70730 64390 76041 38730 20550 92711 103160 59651 46290 108790 107260 79430 87430 71281 44730 67120 80970 76120 53840 96270 68210 5250 72650 69990 59460 13630 34390 16480 97100 110951 
49010 57850 54250 35790 0 92380 50980 57000 55350 76780 36160 88510 56430 42740 23170 85550 28250 50300 81600 51780 99050 40780 48610 54980 37820 17870 66800 90260 40210 64580 80560 90540 50310 85220 45370 65680 39550 53030 62950 37340 77480 53180 38890 46280 42050 28980 24550 35290 32220 80920 84950 
79940 127990 85650 121920 92830 0 126541 36020 131031 149650 105840 156750 132111 130220 105060 139700 92120 42380 146850 141020 150700 92310 61780 119470 125940 107500 121350 164940 111600 124150 12250 155390 77550 163051 109240 126140 54260 102000 136000 113021 142730 127390 126090 49220 98230 83700 115170 124530 123070 149160 136510 
61960 23970 63540 59630 50080 127251 0 90551 12360 36090 24400 51320 9100 62650 31690 61240 38960 83851 49450 34910 83410 50750 90471 28050 22780 46800 52180 46830 17060 104950 114111 56880 67910 39060 38080 103880 76111 53380 20240 16390 45890 15440 60380 82851 45450 51460 49620 27790 45860 44580 69310 
44380 92340 50090 84490 56640 35890 90891 0 95381 114000 70190 121100 96461 92790 69410 104050 56560 6730 110470 104630 115050 56750 33710 83820 89060 71290 85790 129290 75950 92580 24260 118660 41990 125091 73680 94570 19640 66440 100350 77371 107080 91740 88660 17110 62670 48140 77880 87640 85640 113510 100950 
64480 16990 64290 68900 54670 131841 10500 95141 0 23850 27630 39060 8780 71930 37440 53710 42240 88441 39480 41980 79440 52400 95061 25640 32060 55300 50430 35150 20770 114220 118701 46910 69620 38360 37740 113150 80701 53040 8000 22730 35920 5990 69660 87441 46200 55220 58790 37070 55140 32320 65340 
79850 26090 79400 91990 76070 151410 34250 114710 23850 0 45680 21420 31270 95680 58840 42800 59980 108010 29150 64390 73330 67770 114610 34740 55810 78221 49890 17970 42170 136580 138270 31210 84990 47290 49700 136240 100270 65000 15940 44130 27550 24330 93390 107010 61570 72960 81880 60820 78760 14950 59230 
41320 24230 44660 57791 36270 107180 24900 70480 27040 45670 0 54620 28510 63381 20840 55080 15750 63780 46430 52390 74601 30080 70380 19810 37280 39861 42190 59330 10040 97990 94040 55370 47270 60710 23060 99090 56040 36060 32020 16720 42310 22540 59621 62780 26570 29140 45091 39580 48880 47030 60501 
83380 32750 78290 104810 87560 158310 49410 121610 39010 21440 54780 0 47690 108910 70330 31430 66360 114910 19970 80890 64670 71530 121510 37880 70970 89711 42810 31561 52010 148070 145170 17890 87940 60881 53460 149060 107170 65510 34580 55620 20330 39060 106210 113910 65330 79310 94700 75980 91580 7620 50570 
66110 25500 67380 63130 55210 132381 6740 95681 8980 31320 28550 47950 0 66150 37260 62390 43110 88981 48160 34100 87250 54900 95601 31890 26280 52020 56020 41360 21310 108450 119241 55590 72060 33990 41920 107380 81241 57220 15470 22280 44600 14490 63880 87981 49290 56070 53120 31290 49360 41210 73150 
85140 78220 90380 9410 42590 128720 62360 92650 72320 96000 63661 108880 66220 0 44160 115490 61510 85950 104020 37760 130761 76440 72570 80680 41750 26260 98421 106250 64320 48260 116870 111450 87510 84800 76991 46700 75200 86680 80200 58030 100460 72400 5080 80830 75700 65170 19340 36050 18660 101290 116661 
46470 39590 51380 38520 22130 105370 31770 69220 37090 58520 20630 70250 37150 44110 0 73630 20300 62520 64980 35940 89720 35230 63070 38360 20860 21670 57380 72000 21970 80480 92780 72820 52420 65010 35950 81580 52510 45470 44690 18340 60860 34920 40350 59240 34490 31090 26660 19450 28620 62660 75620 
60120 39080 55030 111331 85560 140800 61820 104100 53730 42870 55620 31590 62410 115440 74380 0 59090 97400 16390 90920 35680 54490 106100 36290 77900 93401 22510 59260 53450 145600 127660 15520 64680 88580 40500 146700 89660 46520 49580 59670 18930 48630 112740 96400 50870 65790 98631 82910 98110 28210 24080 
27150 37930 32060 56040 28470 92440 39690 57250 41830 59590 15780 66310 43300 61630 20660 59070 0 50550 56410 56460 72570 15910 57150 29030 41380 37240 40320 73250 23260 88510 80810 65350 33100 74830 18890 89610 42810 26150 45940 25630 52290 37330 57870 49550 15170 14970 43651 39970 48420 58720 58470 
38450 86410 44160 78560 50710 42670 84961 7130 89451 108070 64260 115170 90531 86860 63480 98120 50630 0 104540 98700 109120 50820 30900 77890 83120 65360 79860 123360 70020 89400 31040 112730 36060 119161 67750 91390 15540 60510 94420 71441 101150 85810 82730 13930 56740 42210 71950 81710 79710 107580 95020 
66910 27940 61820 100130 82530 148510 49250 110890 39470 29430 47090 19920 48150 104230 65650 16400 56560 104190 0 79710 47830 55760 111710 27760 66690 85031 26340 45820 44920 143070 135370 11730 71470 75140 39160 144170 96450 49040 35320 50940 8030 35340 101530 103190 51760 66430 90020 71700 86900 15310 33730 
82140 53790 87050 40410 51550 140730 33820 104660 42200 64430 52280 81100 34090 37670 35800 91060 55970 97960 79590 0 112990 70900 95230 57630 17090 39690 81760 72890 43610 83870 128880 87020 88090 47980 67390 82310 87210 81140 48580 38790 76030 46820 37970 93940 70160 66710 37910 17750 30000 74360 98890 
72010 64290 66920 125441 99670 152690 84030 115990 79290 73530 75450 64890 87350 131031 89800 35331 73200 109290 47860 112950 0 68600 117990 56540 99930 107511 35580 90250 73331 159710 139550 49661 76570 117990 54610 160810 101550 58410 76690 79551 46580 73840 127271 108290 64980 79900 112741 104421 117840 59410 17540 
12470 43590 16760 70860 41210 92110 51110 56920 52120 67660 30020 71640 54720 76450 35480 54880 15850 50220 55870 71280 68380 0 58920 34170 56200 52060 36410 81320 37500 97570 80480 64100 18420 86920 21080 98670 42480 13940 54390 39870 52520 46440 72690 49220 7060 14310 58471 54790 63240 64050 54280 
47000 93170 52710 64460 48570 61610 90970 33900 95340 114830 71020 121930 96420 72920 63380 106670 57390 30070 112030 95250 117670 59370 0 84650 83020 55430 88410 129360 76540 64060 51200 120970 44610 125740 74510 66050 17980 69060 101180 77330 107910 92570 68630 17310 63770 49260 59210 81590 70800 114340 103570 
46310 10730 45860 76501 55400 121010 28590 84310 25730 34800 20430 38050 31990 81120 39190 36290 29060 77610 27640 57510 56380 34230 84210 0 44490 58571 25050 48460 18260 115570 107870 36580 51450 63990 16160 116670 69870 31460 24840 24480 23520 20270 78331 76610 28030 42010 63801 49350 63790 30460 42280 
67290 40810 72200 38620 37840 125650 22410 89150 32370 56100 37370 71340 26270 41490 20950 78080 41120 82440 66610 17100 99871 56050 82690 44650 0 29950 67920 66300 28720 83940 113800 74040 73240 53410 52610 82870 72130 65410 40250 22490 63050 33840 39220 78860 54910 51860 28610 6630 24700 63880 85771 
60200 59371 65440 20620 17650 106820 46730 71410 54960 78250 40051 90031 52110 26210 21710 93411 36970 64710 84761 39810 107151 51900 55560 58141 30090 0 74811 89870 41751 60270 94970 92601 64410 79670 53381 61370 53960 62140 62560 38861 80641 54650 22450 60690 51160 40230 7250 26160 17830 82441 93051 
42180 35340 37090 92651 67010 121350 52820 86160 50340 49260 42600 42890 56220 98241 57010 22200 40540 79460 26330 81740 35370 36190 88160 24940 68280 74721 0 66670 40990 127050 109720 34550 46740 88600 21500 128150 71720 26350 49450 47210 22980 44830 94481 78460 32570 47490 79951 72080 85050 36160 21270 
93560 39800 93110 103060 89070 165120 44850 128420 35240 17970 59390 31561 41390 106080 71840 59190 73690 121720 45540 72800 90070 81480 128320 48450 66210 89700 66530 0 55170 148380 151980 47500 99690 38990 63410 147310 113980 78710 29280 57130 43940 38040 103810 120720 75280 86670 93050 71220 89290 31340 75620 
48510 21330 50380 59431 39350 113120 17520 76420 20470 41900 9660 51990 21550 64410 22120 52880 23260 69720 44230 43600 72401 37300 75970 17610 28840 41501 40450 55380 0 99860 99980 53170 54460 53330 25140 100960 61980 40440 28070 7770 40110 18300 61261 68720 32290 35250 46731 32640 47080 44400 58301 
95790 117350 101500 46220 64460 123990 104490 92860 113740 136280 97680 148010 108350 48190 80480 145320 88020 88810 142660 83790 158820 97380 64080 115280 83950 60040 126570 148380 99730 0 112850 150580 93400 130830 105140 3230 76200 109630 121340 96840 138540 112680 47780 75900 98650 84140 56680 80020 62160 140420 144720 
68070 116030 73780 109400 80330 11910 114581 24120 119071 137690 93880 144790 120151 117700 93100 127740 80250 30480 134890 129060 138740 80440 51520 107510 113980 94980 109480 152980 99640 112820 0 143430 65680 148781 97370 114810 42390 90130 124040 101061 130770 115430 113570 37350 86360 71830 102650 112570 110550 137200 124640 
74730 35260 69640 107450 90200 157060 56570 118710 46790 31540 55910 18200 55470 111550 72970 15530 65380 112010 11710 87030 50010 63990 120530 36580 74010 92351 34570 47440 53740 150710 143920 0 79290 77171 47390 151700 104270 57270 42640 58260 16090 42660 108850 111010 59990 74660 97340 79020 94220 16740 38690 
6400 60660 10980 79660 49830 77670 68550 42480 69190 84730 47500 87920 72160 87960 52960 64940 33330 35780 71360 88760 75940 18770 44480 51240 73680 64480 46680 98390 54980 93670 66040 79550 0 104360 37970 94770 28040 27330 71460 57350 68010 63510 83830 34780 25450 28730 71160 72270 78620 81120 61840 
98400 55150 100010 87510 84800 162221 36450 125261 38300 47220 60840 60811 33990 84770 65050 88440 74520 118561 74790 48000 117680 87190 125181 63800 53430 79600 88590 39100 53500 130970 148821 76781 104350 0 74520 129410 110821 89950 40760 52340 72290 44150 85070 117561 81890 86510 80320 58490 76560 60590 103010 
33230 25770 31140 71141 45500 109470 38690 74280 38320 49840 23010 53820 42090 76731 35500 40520 19030 67580 39210 67470 54300 21150 74180 16350 52870 53211 21430 63500 25580 105540 97840 47440 38370 74500 0 106640 59840 16740 39880 31800 35860 32640 72971 66580 14950 29350 58441 54810 63540 46230 40200 
97190 118150 102900 44660 65860 126130 103390 95000 112640 135930 99080 148810 107250 46630 81880 146720 89420 90950 143950 82230 160220 98780 66220 116680 82850 61090 127970 147280 101130 3230 114990 151380 94800 129270 106540 0 78340 111030 120240 97960 139940 112330 46220 78040 100050 85540 56540 78510 60600 141220 146120 
30460 78280 36170 67150 39300 53720 76831 19910 81321 99940 56130 107040 82401 75450 52380 90130 42500 14860 96550 87100 101130 42830 17880 69760 72020 53950 71870 114470 61890 76000 42090 104740 28070 111031 59620 77990 0 52520 86290 63311 93020 77680 71320 8780 48610 34080 60540 70610 68300 99450 87030 
22650 42120 17560 81250 53680 101820 55180 66630 54670 66190 35940 66120 58580 86840 45870 46800 26240 59930 49560 80900 57990 13940 68630 32220 64550 62450 26480 79850 42060 110260 90190 57790 27210 90990 18010 111360 52190 0 56230 47290 46210 48990 83080 58930 12300 27000 68821 65180 73630 59390 43890 
67550 16160 67360 76450 62060 138120 18390 101420 7990 15930 32390 34530 15410 79820 44830 49600 46690 94720 35370 48530 76630 55470 101320 24810 39950 62850 49600 29220 28160 121770 124980 42800 72690 40780 39770 120700 86980 55070 0 30120 31810 11130 77550 93720 49270 59670 66340 44960 63030 27790 62530 
51190 25000 56100 53940 36450 113621 16420 76921 22500 43930 16340 55660 22340 58040 18330 59320 25620 70221 50670 38820 78841 39950 76841 24050 22470 38601 46890 57410 7690 96960 100481 58230 57140 52100 31580 98060 62481 46880 30100 0 46550 20330 55340 69221 37380 37610 43830 26270 40710 48070 64741 
63680 24500 58590 96690 78330 144310 45810 107610 36030 27560 42890 20350 44710 100790 61650 18740 52360 100910 7950 76270 46570 52530 107510 23560 63250 81031 23110 43950 40720 138870 131170 16170 68240 72470 35930 139970 93170 45810 31880 46940 0 31900 98090 99910 48530 63200 86261 68260 83460 13440 32470 
58940 11420 58750 68250 52330 128940 14400 92240 6090 24170 22640 38830 14470 72350 35100 48730 37510 85540 35290 46750 73870 46860 92140 20070 33730 54481 44860 37830 18430 112840 115800 42720 64080 44350 32200 112500 77800 47500 10640 20390 31730 0 69650 84540 40660 50490 58140 38740 55020 32090 59770 
81270 75290 86510 4940 38440 124310 59840 88240 69780 93070 59791 105950 63700 5710 40290 112560 57640 81540 101090 38290 126891 72570 68160 77750 39230 22390 94551 103730 61390 48130 112460 108520 83100 85330 73121 46570 70790 82810 77380 55100 97530 69470 0 76420 71830 61300 15470 33530 15730 98360 112791 
37070 84890 42780 72570 46170 48920 83441 17300 87931 106550 62740 113650 89011 81030 59250 96740 49110 13250 103160 94160 107740 49440 17350 76370 78890 60820 78480 121840 68500 75810 37290 111350 34680 117641 66230 77800 8760 59130 92900 69921 99630 84290 76740 0 55220 40690 67320 77480 75170 106060 93640 
19460 37450 21290 70200 42630 99090 45960 63900 45980 61520 26500 65500 49360 75790 34530 51190 15190 57200 51870 70330 64690 7380 64250 28030 54600 51400 32720 75180 32620 99210 87460 60100 25410 81770 14940 100310 49460 12700 48250 37340 48520 40300 72030 56200 0 15950 57521 53840 62570 57910 50590 
22750 51280 27990 60180 28720 83970 51680 48780 55220 72950 29450 79490 56300 65770 31020 66050 15360 42080 66460 66820 79550 14520 49130 42210 51740 40800 47580 86610 35210 84090 72340 74690 28700 86450 29530 85190 34340 26770 59300 37580 63110 50770 62010 41080 15790 0 47480 50330 52620 71900 65450 
66790 63930 72030 13690 24240 114070 49270 78000 58420 81710 45311 94590 53130 19280 26650 98671 43161 71300 89730 38170 112411 58091 59230 63401 28730 7240 80071 93160 47011 56770 102220 97160 71000 80350 58641 56670 60550 68331 66020 43740 85901 58110 15520 67280 57351 46820 0 24800 12020 87000 98311 
65670 45670 70580 34560 35080 124030 27270 87520 37230 60960 39810 76200 31130 35820 19330 82940 39500 80820 71470 17760 103511 54430 81070 48720 6660 26050 71560 71160 32360 80040 112180 78900 71620 58350 55150 78810 70510 64670 45110 26130 67910 38700 33550 77240 53690 50240 24710 0 19030 68740 89411 
72350 60690 77590 16660 32220 122050 45350 85980 55180 78470 48950 91350 49210 18460 28460 97960 48290 79280 86490 30020 117850 63220 70840 63150 24740 17800 85510 89240 46790 62470 110200 93920 78300 76430 64080 60910 68530 73460 62780 40500 82930 54870 15760 75260 62480 52380 12040 19040 0 83760 103750 
76060 25200 71450 97260 80010 150760 42640 114060 32240 14950 47230 7670 40920 101360 62780 28080 58810 107360 15090 74120 59160 63980 113960 30330 63820 82161 35970 31340 44460 140520 137620 16490 81100 60660 45910 141510 99620 58670 27810 48070 13490 32290 98660 106360 57780 71760 87150 68830 84030 0 45060 
57840 50120 52750 111271 85500 137010 69860 101820 65120 59360 61280 50720 73180 116861 75630 24080 59030 95120 33690 98780 17370 54430 103820 42370 85760 93341 21410 75750 59161 145540 125380 38690 62400 103110 40440 146640 87380 44240 62520 65381 32410 59670 113101 94120 50810 65730 98571 90251 103670 45240 0 

0 Ciudad_0 0 0 32400 0
1 Ciudad_1 718 13172 27772 1436
2 Ciudad_2 328 18293 30542 656
3 Ciudad_3 335 4129 15366 670
4 Ciudad_4 541 17717 21924 1082
5 Ciudad_5 168 12738 20187 336
6 Ciudad_6 123 16830 28185 246
7 Ciudad_7 723 10818 24198 1446
8 Ciudad_8 622 11029 17648 1244
9 Ciudad_9 188 9543 20494 376
10 Ciudad_10 807 13102 27175 1614
11 Ciudad_11 369 12661 22003 738
12 Ciudad_12 279 14713 18828 558
13 Ciudad_13 782 5692 10033 1564
14 Ciudad_14 197 22846 24887 394
15 Ciudad_15 356 2766 16260 712
16 Ciudad_16 632 17895 25347 1264
17 Ciudad_17 672 15752 29394 1344
18 Ciudad_18 784 21829 27513 1568
19 Ciudad_19 128 6030 19636 256
20 Ciudad_20 390 12815 22922 780
21 Ciudad_21 390 11874 18457 780
22 Ciudad_22 304 4821 18810 608
23 Ciudad_23 263 7102 17568 526
24 Ciudad_24 558 19266 22878 1116
25 Ciudad_25 631 10192 21112 1262
26 Ciudad_26 122 11048 20673 244
27 Ciudad_27 543 3847 18201 1086
28 Ciudad_28 441 17662 20681 882
29 Ciudad_29 383 7131 14186 766
30 Ciudad_30 372 3393 9865 744
31 Ciudad_31 568 3879 8700 1136
32 Ciudad_32 746 10832 23003 1492
33 Ciudad_33 825 12037 26662 1650
34 Ciudad_34 425 15852 18252 850
35 Ciudad_35 603 3878 16684 1206
36 Ciudad_36 503 9728 18073 1006
37 Ciudad_37 149 14040 28600 298
38 Ciudad_38 164 4094 15505 328
39 Ciudad_39 341 6517 8518 682
40 Ciudad_40 459 9897 19869 918
41 Ciudad_41 611 15305 20072 1222
42 Ciudad_42 222 9008 14251 444
43 Ciudad_43 315 9451 14849 630
44 Ciudad_44 534 18274 28151 1068
45 Ciudad_45 246 17554 20407 492
46 Ciudad_46 129 9965 19496 258
47 Ciudad_47 715 10960 17763 1430
48 Ciudad_48 809 9995 12661 1618
49 Ciudad_49 786 22947 26033 1572
50 Ciudad_50 675 10385 23572 1350

0 0.0613455 -0.030547 -0.0617547 -0.0719066 -0.00365235 0.0171346 0.0626943 -0.0292641 0.00640421 -0.059856 -0.0559226 0.083358 0.0649816 0.00274208 0.0937238 -0.0781488 0.0899563 -0.06928 0.00287401 -0.0235889 -0.00773842 -0.0207429 0.0910195 0.0926241 -0.0409185 -0.0846351 0.0450726 -0.0589123 -0.0690487 0.0992185 0.0531012 -0.0452436 -0.0218637 -0.0835888 0.0848545 -0.0336583 -0.0678259 -0.0919696 -0.0813814 -0.046559 -0.00615787 0.022934 0.0100511 0.0990451 0.0734733 -0.0149681 -0.0808576 0.0137784 0.00228993 -0.0792875 
-0.0613455 0 0.00116888 0.083293 -0.0240058 0.0287492 0.0638469 -0.0841688 0.074503 -0.0154905 0.0596912 0.0047505 0.0237142 -0.00626648 -0.0775915 0.0346555 0.0631912 0.0772943 0.0458887 -0.0801875 0.0630747 0.00723705 -0.00335203 -0.0380187 0.0347893 0.0826377 -0.0830881 -0.00897596 0.0791573 -0.0965344 -0.0480676 -0.0485677 0.0245284 0.0353388 -0.0572488 0.00770832 0.069847 0.00710681 0.00867533 -0.0706575 -0.0797472 -0.0578636 -0.0897683 0.0331839 0.082656 -0.016189 -0.0367578 0.0521153 -0.0716258 -0.0485529 0.03714 
0.030547 -0.00116888 0 -0.00129454 -0.0196122 0.0814246 -0.0828315 -0.0357179 0.0457064 -0.0159055 0.0615624 0.0600918 -0.0666237 -0.0207546 -0.0384731 -0.0593778 -0.0409829 0.0277006 0.052603 0.0661207 0.0188844 -0.0116882 -0.0353672 -0.0989785 -0.0332257 -0.0458832 0.0559311 0.01697 -0.0596209 0.0232725 0.074141 -0.0404459 -0.0589228 0.0932184 -0.0415152 0.0924958 0.077394 0.0436237 0.0406706 -0.058597 0.0731066 0.0177746 -0.095574 -0.0462692 0.0338589 -0.0604578 -0.0196364 0.0816391 0.0430061 0.0531084 -0.0707843 
0.0617547 -0.083293 0.00129454 0 -0.0029235 -0.0111946 -0.0569896 -0.0600745 -0.0228816 0.0572094 -0.0405824 -0.00527812 0.051872 0.0254029 -0.0122466 0.00066967 0.0261878 -0.00839608 0.0445992 -0.0415861 0.0283547 0.00630403 0.0436083 0.0821932 0.0446798 0.053535 0.0333718 -0.0134833 -0.0226611 0.084893 0.0726074 0.0226326 -0.0292156 -0.0617905 0.0852488 0.0247928 0.0416983 -0.0508822 0.0390554 0.0795642 0.0395945 0.0959073 0.0152109 0.0232148 -0.0130055 0.0410125 0.0621328 -0.0609572 0.0964773 0.0575167 -0.075993 
0.0719066 0.0240058 0.0196122 0.0029235 0 0.0176377 0.0621409 -0.0271121 0.0342458 -0.0598829 -0.0726525 -0.0468396 -0.0683343 -0.0961344 -0.0508517 -0.000154107 0.08975 0.0830324 0.0077034 0.0337471 0.0299933 -0.0301484 0.0420144 0.088675 -0.0301542 -0.0273648 0.0343136 -0.0573821 0.0788614 -0.0138675 -0.0692222 0.0931043 -0.0555914 0.0527867 -0.0928635 0.0961602 0.0666549 -0.0871501 0.00781681 0.00370395 0.0336144 0.0443132 -0.0465014 -0.0182541 -0.00320399 -0.0132832 0.00437497 0.00265292 -0.0752359 0.0764075 0.095566 
0.00365235 -0.0287492 -0.0814246 0.0111946 -0.0176377 0 0.041515 -0.0480189 0.0744355 -0.0112773 0.0612587 0.0210251 -0.00163565 0.00702117 0.0346318 0.0124333 0.099638 -0.00389445 0.0668699 0.0121333 -0.0645152 -0.0304778 0.00196051 -0.0596183 0.0542656 0.0950258 -0.0433284 -0.0847987 -0.071395 -0.0769164 0.0962368 -0.0773957 0.0863294 -0.00224656 0.0719671 0.087166 -0.0900227 0.0496811 0.0303548 -0.0259017 -0.0205069 0.00280552 -0.0466033 -0.0581675 -0.0478962 0.0393598 -0.0336292 0.060412 -0.0107587 0.00115503 -0.0768116 
-0.0171346 -0.0638469 0.0828315 0.0569896 -0.0621409 -0.041515 0 -0.0600067 -0.0441536 0.072283 -0.0307309 -0.00388289 -0.0694592 0.088816 -0.0274675 -0.083204 -0.0307678 0.0504916 -0.0974149 -0.00236712 0.061204 0.096906 -0.0100782 0.0513814 -0.0825242 0.0925535 -0.0907169 0.00438503 -0.00536852 0.0286767 -0.0478081 0.07268 0.0787747 0.0353799 -0.0102973 -0.0417425 0.0101825 -0.0571188 0.076729 -0.0236062 -0.0507117 0.0250109 -0.0769082 0.0653253 -0.0421724 -0.0421373 -0.0397502 0.0645758 -0.0621552 -0.0398706 -0.0401902 
-0.0626943 0.0841688 0.0357179 0.0600745 0.0271121 0.0480189 0.0600067 0 -0.0951212 0.0930473 0.0233079 -0.0376442 -0.0857623 0.0316682 0.0262191 -0.0579505 -0.0310377 -0.0933515 -0.00271572 0.0604699 0.055126 0.0726897 0.0152891 0.0889043 0.0863734 0.016425 -0.022789 0.0910654 -0.0770994 0.00761419 -0.0536427 0.0715037 -0.0506843 -0.0576645 0.0366927 0.00281243 -0.0541534 -0.0917788 0.0738634 0.060095 -0.0842773 0.016927 -0.0938823 0.0811096 -0.0607417 -0.0267607 0.00326315 0.071253 0.0378774 0.0587399 -0.061601 
0.0292641 -0.074503 -0.0457064 0.0228816 -0.0342458 -0.0744355 0.0441536 0.0951212 0 0.0961749 0.0827078 0.0554494 -0.0194419 -0.00350403 0.086649 0.0819811 -0.000568155 0.0262868 0.0744676 0.0606957 0.0966587 -0.0934151 0.091455 -0.0935964 -0.0955693 -0.0465311 -0.0377336 0.0166007 -0.0396974 -0.0425788 0.0767134 0.00143557 -0.0656601 -0.025913 -0.0300893 0.0985604 -0.0756829 0.082985 -0.0105662 -0.0284028 0.0632365 -0.0712768 -0.000987146 0.0104658 0.0576735 0.0913197 -0.0618473 0.0992185 0.0347024 -0.0787604 -0.0893461 
-0.00640421 0.0154905 0.0159055 -0.0572094 0.0598829 0.0112773 -0.072283 -0.0930473 -0.0961749 0 0.0509456 0.0553033 -0.00530097 0.0131027 0.0682015 0.0493952 0.0592687 0.0942557 -0.0718679 -0.0717265 -0.0429606 0.0643475 0.0692359 0.0754779 0.0092494 -0.00653591 -0.0672087 -0.0325902 -0.0394646 0.00294283 -0.0321061 -0.00901475 -0.0507864 0.00502998 0.0400039 0.00932868 -0.0353848 -0.0645247 0.00659015 -0.0806869 -0.0908064 0.0218548 0.0799599 -0.0415557 0.0118391 0.0456871 0.0731203 -0.0469839 -0.0512732 0.0983849 -0.0134473 
0.059856 -0.0596912 -0.0615624 0.0405824 0.0726525 -0.0612587 0.0307309 -0.0233079 -0.0827078 -0.0509456 0 -0.0858912 -0.0703898 -0.0235769 -0.0157565 -0.018397 -0.00413231 -0.0865073 -0.0328477 -0.0712628 0.0262393 0.00222047 -0.0901844 0.060046 -0.0919618 0.0533516 0.0580593 -0.0591317 -0.00580448 -0.0540238 0.0480035 -0.0366626 -0.0410227 -0.0993402 -0.0990741 0.0927572 0.0582337 0.0958034 0.0334968 -0.0587951 0.0641689 -0.0738532 0.0608446 0.0142932 -0.0856336 0.0693857 -0.0432162 -0.0551118 -0.0284791 -0.0454414 0.0730395 
0.0559226 -0.0047505 -0.0600918 0.00527812 0.0468396 -0.0210251 0.00388289 0.0376442 -0.0554494 -0.0553033 0.0858912 0 0.0821417 -0.073887 -0.0966373 0.0524854 -0.020243 0.0497293 0.0176307 -0.0451876 -0.00709782 0.0483683 0.0680784 0.0191939 0.0566772 0.0465275 -0.0550214 0.00276681 -0.052782 0.0115945 -0.0338296 0.0764136 0.0250019 0.0164065 -0.0416692 0.0809923 -0.0982561 0.000486325 -0.0661694 0.064583 -0.00226092 0.0424442 0.07448 -0.0152342 -0.0848695 -0.0094226 0.00699598 -0.0974456 -0.0859926 -0.0360587 0.0704057 
-0.083358 -0.0237142 0.0666237 -0.051872 0.0683343 0.00163565 0.0694592 0.0857623 0.0194419 0.00530097 0.0703898 -0.0821417 0 0.0461536 -0.0172224 0.0159782 -0.00787761 -0.0809874 0.0141547 0.00106766 0.0605524 -0.0215484 -0.0111885 -0.0841038 -0.0861748 0.0123116 0.0116523 0.0929785 0.0458113 -0.0138678 -0.0663868 -0.0287002 -0.0820553 0.0610641 0.0117897 0.0482611 0.0495086 -0.047438 0.071934 0.0240784 -0.0319583 -0.0554273 -0.00531622 0.0717492 -0.0453271 0.00659494 0.0366991 0.0500476 0.049722 -0.0802928 -0.0895139 
-0.0649816 0.00626648 0.0207546 -0.0254029 0.0961344 -0.00702117 -0.088816 -0.0316682 0.00350403 -0.0131027 0.0235769 0.073887 -0.0461536 0 0.095266 0.0132893 0.0548122 -0.0462826 -0.0472859 0.0991758 0.0976803 -0.0807397 -0.0515065 0.0899233 -0.0501998 -0.0353235 0.0489893 0.0645858 -0.0515266 -0.0836882 0.0351005 -0.00323827 -0.0368539 -0.0356167 -0.0636153 0.0797145 -0.0808266 0.0592902 -0.0255596 -0.018102 0.00666256 0.00418317 -0.00410537 0.0639871 0.0939404 0.0086843 -0.0489604 -0.0717956 0.0993455 -0.0846449 -0.0329254 
-0.00274208 0.0775915 0.0384731 0.0122466 0.0508517 -0.0346318 0.0274675 -0.0262191 -0.086649 -0.0682015 0.0157565 0.0966373 0.0172224 -0.095266 0 -0.03229 0.0871179 -0.0213469 -0.0678146 -0.0411078 0.0089294 0.0397807 -0.0144147 -0.0264225 -0.0195731 -0.023053 -0.00704455 -0.0762817 -0.0772004 0.00589236 -0.0514144 -0.035635 0.0293022 -0.0991558 0.0420737 -0.0666679 0.0785804 -0.0337853 0.0253576 -0.0638991 0.00638615 -0.0295257 0.0467923 0.0961195 -0.0940499 -0.0994944 -0.0242986 -0.0417584 -0.0182512 -0.0608559 -0.0428414 
-0.0937238 -0.0346555 0.0593778 -0.00066967 0.000154107 -0.0124333 0.083204 0.0579505 -0.0819811 -0.0493952 0.018397 -0.0524854 -0.0159782 -0.0132893 0.03229 0 -0.081849 0.0710956 0.0217706 -0.0402956 -0.000440979 -0.0194892 0.0558939 0.0452835 0.0428115 0.0528288 0.0107701 -0.0620623 -0.0173765 -0.0220528 0.00824123 0.0677127 -0.0352506 -0.0284686 0.0972783 -0.0864677 -0.00967032 0.0253443 0.0120431 -0.0180068 -0.0642366 0.0615007 0.01386 -0.0389922 0.0545888 0.0346615 -0.0640664 -0.0135372 -0.0225322 -0.0204478 -0.0490158 
0.0781488 -0.0631912 0.0409829 -0.0261878 -0.08975 -0.099638 0.0307678 0.0310377 0.000568155 -0.0592687 0.00413231 0.020243 0.00787761 -0.0548122 -0.0871179 0.081849 0 -0.0844401 -0.0750879 -0.0667403 0.00325762 -0.0404696 -0.0893574 -0.0854537 -0.00266586 0.0639171 0.0504903 0.0497573 -0.0913781 -0.0837023 0.0489502 -0.0568248 -0.0359227 -0.050151 -0.00827459 0.099452 -0.0245394 -0.0529723 -0.0457698 -0.0533967 0.0617952 0.0613103 -0.0896263 0.0860445 -0.0225938 0.0231717 0.0973778 -0.0565181 -0.0275745 0.00738267 -0.0643233 
-0.0899563 -0.0772943 -0.0277006 0.00839608 -0.0830324 0.00389445 -0.0504916 0.0933515 -0.0262868 -0.0942557 0.0865073 -0.0497293 0.0809874 0.0462826 0.0213469 -0.0710956 0.0844401 0 0.0824668 -0.0305439 -0.0121362 -0.000551974 -0.0617936 -0.00303092 0.00231161 -0.0200578 0.0588451 -0.0144435 0.0654785 -0.0531678 0.0801507 0.0692325 0.051886 -0.0609945 -0.00630312 -0.0923217 0.0433159 -0.00539691 0.0715713 0.0969144 -0.0199595 -0.0226512 0.0741075 0.0684734 -0.0553148 0.060827 0.0752319 -0.0651488 -0.0204361 -0.0246026 -0.00113752 
0.06928 -0.0458887 -0.052603 -0.0445992 -0.0077034 -0.0668699 0.0974149 0.00271572 -0.0744676 0.0718679 0.0328477 -0.0176307 -0.0141547 0.0472859 0.0678146 -0.0217706 0.0750879 -0.0824668 0 -0.0889025 0.0700251 0.0368787 0.00808146 0.0713501 -0.0235373 0.0204183 0.0368135 0.09627 0.0805459 0.0103967 0.0322638 0.0190792 0.00382328 0.048241 0.000885953 0.0172128 -0.0595102 0.0811312 0.0927075 0.0865083 -0.096585 -0.0215041 0.0054444 -0.0585735 -0.0134048 0.0248733 0.0962682 0.0770713 -0.0843105 0.0524338 -0.0862581 
-0.00287401 0.0801875 -0.0661207 0.0415861 -0.0337471 -0.0121333 0.00236712 -0.0604699 -0.0606957 0.0717265 0.0712628 0.0451876 -0.00106766 -0.0991758 0.0411078 0.0402956 0.0667403 0.0305439 0.0889025 0 -0.086907 0.0778513 -0.0888639 -0.00319781 0.00788804 -0.0321431 0.0255047 0.03313 0.08096 0.0545097 -0.0616841 -0.0960171 -0.0159349 -0.0975124 0.0097868 0.0625674 -0.0829228 0.051459 0.0789545 -0.0274316 0.0677509 -0.0791937 0.0696945 0.0899974 -0.0987293 -0.0374146 -0.0485868 -0.00858405 0.0375672 0.0752664 0.0996803 
0.0235889 -0.0630747 -0.0188844 -0.0283547 -0.0299933 0.0645152 -0.061204 -0.055126 -0.0966587 0.0429606 -0.0262393 0.00709782 -0.0605524 -0.0976803 -0.0089294 0.000440979 -0.00325762 0.0121362 -0.0700251 0.086907 0 -0.0656833 -0.072106 0.0552127 -0.0438348 0.0848696 0.0613655 0.00897791 0.0713979 0.0676935 0.0129184 0.0938932 0.0362119 -0.0675056 0.0936308 0.0774261 -0.0350092 -0.08108 0.0276307 0.046589 0.051907 -0.0843457 0.0627016 0.00402587 -0.0951206 -0.0797413 0.0105346 0.0158611 0.0447351 -0.0815738 0.0682455 
0.00773842 -0.00723705 0.0116882 -0.00630403 0.0301484 0.0304778 -0.096906 -0.0726897 0.0934151 -0.0643475 -0.00222047 -0.0483683 0.0215484 0.0807397 -0.0397807 0.0194892 0.0404696 0.000551974 -0.0368787 -0.0778513 0.0656833 0 0.0730336 -0.0400493 0.0325517 0.0736022 -0.06564 -0.0508361 -0.0641516 -0.0840589 -0.0338795 0.0459388 0.0331897 -0.065147 0.0585005 0.0925502 -0.0798563 0.0696157 -0.00395324 -0.0912338 -0.0673062 -0.0868481 0.0808962 -0.0554812 0.0528815 0.0462754 0.0930485 -0.0139443 -0.0657141 0.0230293 -0.0046435 
0.0207429 0.00335203 0.0353672 -0.0436083 -0.0420144 -0.00196051 0.0100782 -0.0152891 -0.091455 -0.0692359 0.0901844 -0.0680784 0.0111885 0.0515065 0.0144147 -0.0558939 0.0893574 0.0617936 -0.00808146 0.0888639 0.072106 -0.0730336 0 0.0765735 -0.00152033 -0.0163448 0.00667517 -0.0020977 -0.0676542 0.060388 -0.0224932 0.0312626 0.0908266 0.0481202 -0.0265454 0.0020289 0.00945738 0.0814377 -0.0742484 0.0672472 0.0551434 -0.0104978 0.0420999 -0.0551766 -0.0658403 0.0522968 0.0887943 -0.0948389 0.0925883 0.056589 -0.0689865 
-0.0910195 0.0380187 0.0989785 -0.0821932 -0.088675 0.0596183 -0.0513814 -0.0889043 0.0935964 -0.0754779 -0.060046 -0.0191939 0.0841038 -0.0899233 0.0264225 -0.0452835 0.0854537 0.00303092 -0.0713501 0.00319781 -0.0552127 0.0400493 -0.0765735 0 0.0792695 -0.0880469 0.0530463 0.0313075 -0.0324806 -0.0457064 0.0490696 -0.0834761 -0.0385037 -0.0263152 -0.0310619 -0.0927904 -0.0746735 0.00709413 0.0165445 -0.0899201 -0.097445 -0.0294892 0.0263302 -0.0282237 -0.0478276 0.0607759 0.05542 -0.0609246 -0.0366795 -0.0444577 -0.0335704 
-0.0926241 -0.0347893 0.0332257 -0.0446798 0.0301542 -0.0542656 0.0825242 -0.0863734 0.0955693 -0.0092494 0.0919618 -0.0566772 0.0861748 0.0501998 0.0195731 -0.0428115 0.00266586 -0.00231161 0.0235373 -0.00788804 0.0438348 -0.0325517 0.00152033 -0.0792695 0 0.065755 -0.0639585 0.0447212 0.0874705 -0.072949 0.0859984 0.0301452 0.0803145 -0.0726747 -0.0847609 -0.0720523 0.0230332 -0.0447447 -0.0387862 -0.00625252 0.067376 0.0787217 0.0131859 0.008959 -0.0785901 0.0738514 0.0845471 -0.0532507 -0.0726632 -0.00487063 0.0581259 
0.0409185 -0.0826377 0.0458832 -0.053535 0.0273648 -0.0950258 -0.0925535 -0.016425 0.0465311 0.00653591 -0.0533516 -0.0465275 -0.0123116 0.0353235 0.023053 -0.0528288 -0.0639171 0.0200578 -0.0204183 0.0321431 -0.0848696 -0.0736022 0.0163448 0.0880469 -0.065755 0 -0.082618 -0.0935168 -0.0928977 0.0959906 0.0877387 -0.0269753 -0.0226509 -0.0804412 0.029186 0.0366898 -0.0873986 0.0965417 0.013967 -0.0935293 -0.0845478 0.0692345 -0.0213383 0.0450609 0.00872028 -0.0169172 -0.0785991 0.0247696 0.0431099 -0.0408141 0.0176685 
0.0846351 0.0830881 -0.0559311 -0.0333718 -0.0343136 0.0433284 0.0907169 0.022789 0.0377336 0.0672087 -0.0580593 0.0550214 -0.0116523 -0.0489893 0.00704455 -0.0107701 -0.0504903 -0.0588451 -0.0368135 -0.0255047 -0.0613655 0.06564 -0.00667517 -0.0530463 0.0639585 0.082618 0 -0.0900164 -0.0329386 0.0140212 -0.0835965 -0.0608728 -0.0403412 -0.0733261 0.0962417 -0.0991353 -0.0075679 -0.0274179 0.0916745 0.014732 0.0386332 0.0984866 -0.0625224 0.0965875 -0.0128254 -0.084852 -0.0854895 0.0580003 -0.0751323 -0.0294876 0.00504105 
-0.0450726 0.00897596 -0.01697 0.0134833 0.0573821 0.0847987 -0.00438503 -0.0910654 -0.0166007 0.0325902 0.0591317 -0.00276681 -0.0929785 -0.0645858 0.0762817 0.0620623 -0.0497573 0.0144435 -0.09627 -0.03313 -0.00897791 0.0508361 0.0020977 -0.0313075 -0.0447212 0.0935168 0.0900164 0 -0.0312256 0.0989393 0.00464431 0.0216889 0.0759831 0.0830475 0.0747161 -0.0666752 0.0550811 0.0185838 -0.0423494 -0.0375991 0.0964348 0.06556 -0.0882521 -0.0050937 0.0199947 -0.0407026 -0.0460294 0.0886494 -0.0805904 0.0567785 -0.0577907 
0.0589123 -0.0791573 0.0596209 0.0226611 -0.0788614 0.071395 0.00536852 0.0770994 0.0396974 0.0394646 0.00580448 0.052782 -0.0458113 0.0515266 0.0772004 0.0173765 0.0913781 -0.0654785 -0.0805459 -0.08096 -0.0713979 0.0641516 0.0676542 0.0324806 -0.0874705 0.0928977 0.0329386 0.0312256 0 0.00330956 0.0890843 -0.0205252 0.0668639 -0.0273194 0.0848217 0.0781158 0.0757721 0.0859202 -0.00518708 -0.0679673 0.0751927 0.0142777 -0.0542875 -0.0842506 -0.0295889 -0.0871416 0.0983879 -0.0814143 -0.0192508 -0.0436846 0.0111885 
0.0690487 0.0965344 -0.0232725 -0.084893 0.0138675 0.0769164 -0.0286767 -0.00761419 0.0425788 -0.00294283 0.0540238 -0.0115945 0.0138678 0.0836882 -0.00589236 0.0220528 0.0837023 0.0531678 -0.0103967 -0.0545097 -0.0676935 0.0840589 -0.060388 0.0457064 0.072949 -0.0959906 -0.0140212 -0.0989393 -0.00330956 0 0.0767015 -0.0206223 -0.0940877 0.0711947 -0.0634925 -0.0933828 0.0683895 0.0982614 -0.0244739 -5.64708e-05 -0.0165923 0.019276 0.0852821 0.00151179 0.0418641 -0.0767471 0.0546483 0.0142996 0.0818882 0.0275583 -0.0933012 
-0.0992185 0.0480676 -0.074141 -0.0726074 0.0692222 -0.0962368 0.0478081 0.0536427 -0.0767134 0.0321061 -0.0480035 0.0338296 0.0663868 -0.0351005 0.0514144 -0.00824123 -0.0489502 -0.0801507 -0.0322638 0.0616841 -0.0129184 0.0338795 0.0224932 -0.0490696 -0.0859984 -0.0877387 0.0835965 -0.00464431 -0.0890843 -0.0767015 0 -0.000956002 -0.0447473 0.0930169 -0.050911 0.087704 -0.0965597 0.0550956 -0.0372866 0.0214047 -0.00905595 -0.00821539 -0.0160202 0.0404851 -0.0531441 0.0483011 -0.0670189 -0.025926 0.048681 0.0258469 0.0919117 
-0.0531012 0.0485677 0.0404459 -0.0226326 -0.0931043 0.0773957 -0.07268 -0.0715037 -0.00143557 0.00901475 0.0366626 -0.0764136 0.0287002 0.00323827 0.035635 -0.0677127 0.0568248 -0.0692325 -0.0190792 0.0960171 -0.0938932 -0.0459388 -0.0312626 0.0834761 -0.0301452 0.0269753 0.0608728 -0.0216889 0.0205252 0.0206223 0.000956002 0 0.0233097 0.0179704 -0.098655 -0.0932838 -0.0163077 -0.0752934 -0.00212479 0.083324 0.0868203 0.0138385 -0.0610319 -0.022098 -0.0269639 0.0391083 -0.0326413 0.0498836 -0.0689773 -0.0658655 0.0425548 
0.0452436 -0.0245284 0.0589228 0.0292156 0.0555914 -0.0863294 -0.0787747 0.0506843 0.0656601 0.0507864 0.0410227 -0.0250019 0.0820553 0.0368539 -0.0293022 0.0352506 0.0359227 -0.051886 -0.00382328 0.0159349 -0.0362119 -0.0331897 -0.0908266 0.0385037 -0.0803145 0.0226509 0.0403412 -0.0759831 -0.0668639 0.0940877 0.0447473 -0.0233097 0 0.0530606 0.011754 -0.0624057 -0.097996 0.00258 0.0711587 -0.018266 0.0752443 0.0292926 -0.0349984 -0.0343278 -0.0657393 -0.067008 -0.0901784 -0.0720647 0.0720918 0.0701361 0.0806977 
0.0218637 -0.0353388 -0.0932184 0.0617905 -0.0527867 0.00224656 -0.0353799 0.0576645 0.025913 -0.00502998 0.0993402 -0.0164065 -0.0610641 0.0356167 0.0991558 0.0284686 0.050151 0.0609945 -0.048241 0.0975124 0.0675056 0.065147 -0.0481202 0.0263152 0.0726747 0.0804412 0.0733261 -0.0830475 0.0273194 -0.0711947 -0.0930169 -0.0179704 -0.0530606 0 0.0910626 0.0655714 0.0125894 -0.0494202 -0.0978712 -0.0742664 0.0671128 -0.0991381 -0.0807587 0.0150151 -0.068703 -0.0348246 0.0538827 -0.0313402 0.0745932 0.0431293 -0.00552104 
0.0835888 0.0572488 0.0415152 -0.0852488 0.0928635 -0.0719671 0.0102973 -0.0366927 0.0300893 -0.0400039 0.0990741 0.0416692 -0.0117897 0.0636153 -0.0420737 -0.0972783 0.00827459 0.00630312 -0.000885953 -0.0097868 -0.0936308 -0.0585005 0.0265454 0.0310619 0.0847609 -0.029186 -0.0962417 -0.0747161 -0.0848217 0.0634925 0.050911 0.098655 -0.011754 -0.0910626 0 -0.00494091 -0.0753105 -0.0859174 0.00230435 -0.00826736 -0.0526864 -0.0421874 -0.0382134 0.0566782 -0.0414365 0.040862 -0.00571131 0.0127635 0.0670538 0.0659339 -0.0932754 
-0.0848545 -0.00770832 -0.0924958 -0.0247928 -0.0961602 -0.087166 0.0417425 -0.00281243 -0.0985604 -0.00932868 -0.0927572 -0.0809923 -0.0482611 -0.0797145 0.0666679 0.0864677 -0.099452 0.0923217 -0.0172128 -0.0625674 -0.0774261 -0.0925502 -0.0020289 0.0927904 0.0720523 -0.0366898 0.0991353 0.0666752 -0.0781158 0.0933828 -0.087704 0.0932838 0.0624057 -0.0655714 0.00494091 0 -0.0352331 -0.0583565 -0.0737163 -0.0411721 -0.0916914 -0.0894174 0.0628123 -0.0313233 0.0781795 -0.0133922 0.0744701 -0.0628379 -0.0264675 -0.0118961 -0.0863951 
0.0336583 -0.069847 -0.077394 -0.0416983 -0.0666549 0.0900227 -0.0101825 0.0541534 0.0756829 0.0353848 -0.0582337 0.0982561 -0.0495086 0.0808266 -0.0785804 0.00967032 0.0245394 -0.0433159 0.0595102 0.0829228 0.0350092 0.0798563 -0.00945738 0.0746735 -0.0230332 0.0873986 0.0075679 -0.0550811 -0.0757721 -0.0683895 0.0965597 0.0163077 0.097996 -0.0125894 0.0753105 0.0352331 0 0.0990524 0.0454655 0.0960951 -0.0660709 -0.0981151 -0.0715835 0.0814871 -0.00912648 -0.00637392 0.0907048 0.0126794 0.0302235 -0.0844467 0.0330757 
0.0678259 -0.00710681 -0.0436237 0.0508822 0.0871501 -0.0496811 0.0571188 0.0917788 -0.082985 0.0645247 -0.0958034 -0.000486325 0.047438 -0.0592902 0.0337853 -0.0253443 0.0529723 0.00539691 -0.0811312 -0.051459 0.08108 -0.0696157 -0.0814377 -0.00709413 0.0447447 -0.0965417 0.0274179 -0.0185838 -0.0859202 -0.0982614 -0.0550956 0.0752934 -0.00258 0.0494202 0.0859174 0.0583565 -0.0990524 0 0.0319504 0.0635982 -0.04091 0.00549068 0.056705 0.0181685 -0.0418404 -0.0172127 -0.0898103 -0.0739876 0.0290759 0.0102245 0.0978089 
0.0919696 -0.00867533 -0.0406706 -0.0390554 -0.00781681 -0.0303548 -0.076729 -0.0738634 0.0105662 -0.00659015 -0.0334968 0.0661694 -0.071934 0.0255596 -0.0253576 -0.0120431 0.0457698 -0.0715713 -0.0927075 -0.0789545 -0.0276307 0.00395324 0.0742484 -0.0165445 0.0387862 -0.013967 -0.0916745 0.0423494 0.00518708 0.0244739 0.0372866 0.00212479 -0.0711587 0.0978712 -0.00230435 0.0737163 -0.0454655 -0.0319504 0 -0.0836271 -0.0861269 0.00786156 -0.0823741 0.0885986 -0.0942589 -0.026781 -0.0567967 -0.0118929 -0.0994273 -0.0988299 -0.0153631 
0.0813814 0.0706575 0.058597 -0.0795642 -0.00370395 0.0259017 0.0236062 -0.060095 0.0284028 0.0806869 0.0587951 -0.064583 -0.0240784 0.018102 0.0638991 0.0180068 0.0533967 -0.0969144 -0.0865083 0.0274316 -0.046589 0.0912338 -0.0672472 0.0899201 0.00625252 0.0935293 -0.014732 0.0375991 0.0679673 5.64708e-05 -0.0214047 -0.083324 0.018266 0.0742664 0.00826736 0.0411721 -0.0960951 -0.0635982 0.0836271 0 0.0474847 0.041468 0.0497754 -0.095078 0.0301487 -0.0266395 -0.0661239 -0.0458333 0.0888906 0.0780825 -0.000785148 
0.046559 0.0797472 -0.0731066 -0.0395945 -0.0336144 0.0205069 0.0507117 0.0842773 -0.0632365 0.0908064 -0.0641689 0.00226092 0.0319583 -0.00666256 -0.00638615 0.0642366 -0.0617952 0.0199595 0.096585 -0.0677509 -0.051907 0.0673062 -0.0551434 0.097445 -0.067376 0.0845478 -0.0386332 -0.0964348 -0.0751927 0.0165923 0.00905595 -0.0868203 -0.0752443 -0.0671128 0.0526864 0.0916914 0.0660709 0.04091 0.0861269 -0.0474847 0 0.0695736 -0.0715023 0.0941311 -0.0989738 -0.0973867 0.0847626 -0.0728522 -0.0707239 -0.0500399 0.00460419 
0.00615787 0.0578636 -0.0177746 -0.0959073 -0.0443132 -0.00280552 -0.0250109 -0.016927 0.0712768 -0.0218548 0.0738532 -0.0424442 0.0554273 -0.00418317 0.0295257 -0.0615007 -0.0613103 0.0226512 0.0215041 0.0791937 0.0843457 0.0868481 0.0104978 0.0294892 -0.0787217 -0.0692345 -0.0984866 -0.06556 -0.0142777 -0.019276 0.00821539 -0.0138385 -0.0292926 0.0991381 0.0421874 0.0894174 0.0981151 -0.00549068 -0.00786156 -0.041468 -0.0695736 0 0.095698 0.040414 -0.0393515 -0.0316018 -0.0641553 0.0865302 0.0488678 -0.0165437 -0.0802796 
