50

16000 4500

30 55 80

5

0 49700 54110 49230 27280 40850 31270 74820 31070 34740 93190 96010 47750 35950 31590 57590 78221 46590 34720 36410 50560 39350 79320 76070 66950 83380 30590 82890 95201 80850 43450 32340 35000 23800 49160 31510 47180 15940 35880 60310 24280 41580 32120 99970 49540 9780 29790 73690 41130 58840 72210 
49840 0 97760 47870 37660 87740 42090 34390 70260 16350 52760 49390 11040 19940 76310 97050 53211 3500 27200 74480 16620 82840 96050 45500 98250 56490 72460 106270 96300 125040 10120 28920 17140 40000 26440 63290 57400 39880 79370 91830 74120 39430 60970 143340 3410 42170 39550 46800 85130 35500 103050 
54040 97560 0 83830 66910 27940 65910 118861 28270 82190 137231 141041 95610 80791 46420 24430 116530 94450 78080 52300 104230 20060 64470 117910 37790 123900 25280 63230 121610 31740 90241 86380 82031 76260 91380 64580 70270 60761 21000 37520 41080 78250 44220 67842 96731 63820 66620 115530 37230 100680 42550 
49490 47800 84050 0 23700 81530 19660 48501 56860 38040 64050 77691 49150 32110 80070 70530 35530 44550 22310 84890 58980 75290 54620 41440 70630 42900 59650 66010 132381 112290 38810 50820 33350 53400 26680 74680 27260 33640 71820 64210 72760 9260 41490 139220 45090 46920 19550 34910 84160 21220 75430 
27050 37620 67290 23710 0 61520 8110 52501 39530 26000 70871 78630 38230 20270 58640 61950 52150 34430 12070 62920 47480 55830 62960 51900 64990 59210 42320 70830 114341 94960 28690 34930 21510 35320 25370 52350 24310 11200 52360 58350 51330 15020 26060 119760 35180 24450 5370 49520 64150 34670 69960 
40790 87660 27800 81630 61160 0 62930 112170 31260 72700 130540 134350 84740 73910 21230 45740 112790 84550 72330 24830 83200 10300 80850 112160 58320 119470 26660 82020 93900 46320 81410 67520 72960 56340 85630 38400 70680 53530 16160 53900 17160 75270 42550 59260 87500 50570 63480 109780 10390 94930 65260 
31320 41920 66120 19700 8190 63030 0 55811 38360 31890 74181 82270 43000 25960 61740 57640 52020 38670 16160 66560 52830 56790 55540 55210 57740 59390 41150 63410 120301 93790 32930 42160 27200 41560 28680 58040 16890 15470 53320 51320 54430 13640 22990 120720 39420 30140 3090 51260 65660 37260 62540 
75080 34760 119651 49261 54051 112710 57591 0 92481 44900 20200 30170 45450 44730 104670 109881 36390 35000 44310 102840 51000 107520 102031 22440 109981 34760 94681 113421 130060 146691 35610 59340 42900 69810 28930 92000 69121 61430 104050 103561 99360 45651 78251 171150 33270 70530 55051 28920 113490 30670 114781 
31130 70130 28330 56800 39100 31260 38100 90701 0 55170 109291 113891 68180 53641 37370 28410 88820 67020 50270 45240 76770 23660 54440 90100 37250 96190 5750 56830 113490 58290 63091 63180 54881 53350 63570 49250 43890 33611 18080 30610 30940 50440 16410 88810 69581 40910 38810 87720 35120 72870 42510 
34800 16160 82310 37910 25790 72700 31990 44420 55220 0 62790 62470 13270 7860 60540 82171 58571 13050 17100 58710 21860 67800 85930 55400 87480 63730 57420 93820 95361 109300 10190 14700 5630 25680 24950 47870 47300 24840 64330 80840 59080 29470 46760 127570 16180 26400 29450 54040 69360 39190 92740 
93410 53090 137981 64050 72381 131040 75921 20160 110811 63230 0 19450 63780 63060 123000 128211 45270 53330 62640 121170 68510 125850 115330 30620 128311 41950 113011 126720 142070 165021 53940 77670 61230 88140 47260 110330 87451 79760 122380 121891 117690 63981 96581 189480 51600 88860 73381 37800 131820 43700 133111 
95940 49180 140891 77831 78290 133840 82240 30150 113721 62450 19490 0 57180 64890 120440 138090 62950 49600 67740 118320 56540 128760 130981 48300 138190 59630 115921 142371 130040 168491 55210 75060 63060 83360 57200 106650 97340 82670 125290 131770 120220 74221 102900 188520 48130 88270 79700 55480 130640 59030 142990 
47690 11070 95610 49170 38550 84250 43250 45030 68110 13220 63400 58080 0 20420 67060 95061 63851 10610 28360 65230 10350 80690 97210 56140 99410 67130 70310 107430 86931 122890 15110 19810 17630 30270 34710 53560 58560 37730 77220 92990 67630 40730 59650 134090 14050 38280 40710 57440 75880 45880 104210 
35890 19520 81041 31870 20520 73790 25950 44230 53871 7740 62600 64930 20270 0 65040 79260 54341 16410 11060 63210 29050 68890 79890 52190 82110 59500 56071 87780 102081 108081 12090 21420 3050 30180 21070 52370 41260 22820 65420 75660 60170 23430 43200 132070 18640 30900 23410 49810 73860 34960 86910 
31580 76010 46380 80020 58460 21190 61780 104270 37420 60430 122640 120710 67490 64980 0 57920 109801 72900 66300 11300 65950 26990 89610 107650 70500 114960 33310 91280 80110 67510 70040 50270 62750 39090 80740 22750 74070 47520 27470 64010 7440 72890 45540 75390 76030 40530 60780 105270 12820 90420 75910 
57490 96291 24310 70750 61860 46070 57840 109241 28280 81331 127611 138410 94341 78951 58060 0 103450 93181 72610 65930 102931 36710 41440 108650 13460 110820 27210 38900 134420 50620 88401 89341 80191 79710 84360 73500 57190 58430 33640 13580 52290 65280 38870 88862 94891 67270 59320 102830 53880 88900 20400 
78250 53381 116840 35570 52120 113100 52110 35840 89220 58141 45290 62950 64071 54421 109840 103320 0 53621 45271 110691 70001 107410 76720 17650 99880 7370 92010 89890 149682 145060 52181 71821 53041 78571 36241 99851 60050 62560 103940 96450 102530 39410 73850 171510 51891 75100 50850 8300 115730 21710 100650 
46540 3510 94460 44570 34360 84440 38790 34620 66960 13050 52990 49620 10650 16640 73010 93750 53441 0 23900 71180 18300 79540 92590 45730 94950 56720 69160 102970 97061 121740 6820 27330 13840 38150 25600 60340 54100 36580 76070 88530 70820 36130 57670 140040 3640 38870 36250 47030 81830 35730 99750 
33860 27400 77010 20810 10640 71240 14890 43191 49250 17370 61561 68260 28480 11440 65450 70950 44741 24150 0 66080 38310 65550 68830 42590 71050 49900 52040 76720 111711 104720 18410 31050 12680 33960 16060 55240 30200 20520 62080 64630 58140 12370 35550 129480 24900 30710 12350 40210 73870 25360 75850 
36380 74160 51990 84820 63140 24610 66580 102420 44750 58580 120790 118830 65640 63130 11360 65680 110411 71050 66650 0 64100 32710 96460 108260 78260 115570 41070 99040 69220 67390 68190 48420 60900 37240 79400 13800 80920 52320 34970 71770 14520 77050 52390 68860 74180 38680 65580 105880 16240 91030 83670 
50450 16660 104210 58990 47200 82650 53070 51060 76680 21790 68530 56580 10340 29060 65460 103631 69881 18280 38180 63630 0 86990 107030 62170 109230 73160 78880 117250 81530 130170 24600 21450 26830 28670 43110 51960 68380 46300 83990 102710 66030 50550 68220 132540 20080 40730 50530 63470 74280 52170 114030 
39570 82780 20000 75160 55690 10260 56460 107101 23580 67820 125471 129281 80830 69030 27000 36830 107180 79670 66860 32990 87480 0 71940 106690 49410 114000 18980 73040 102060 44270 76530 71800 68080 60620 80160 45990 64210 48650 7070 44990 22430 68800 36080 67170 82620 49350 57170 104310 17810 89460 56350 
79210 96060 64670 54700 63010 81070 55530 101171 54410 86030 115270 130450 97140 80100 89950 41330 76650 92650 70300 97350 106970 71670 0 87770 31760 83030 56960 14460 166160 91850 86910 96980 81340 96310 77110 100840 41980 70020 67480 30470 82910 57360 49390 130092 93190 84730 57950 80850 87030 72020 31600 
76780 45370 119260 41460 52890 113490 56430 22520 91500 54980 30880 48540 56060 51640 108370 108870 17870 45610 43750 109170 61990 107800 87840 0 107830 15020 94290 100080 141330 147280 46220 68660 49880 77050 32350 98330 65940 62950 104330 102550 101060 44600 77090 171900 43880 73630 53890 10400 116120 23170 110010 
66850 98260 38160 70640 64700 59010 57730 109131 37460 87370 127501 138300 99340 82120 71000 13950 99850 95010 72500 78870 109100 49650 31620 107860 0 107220 38050 27580 147360 63460 89270 95380 83360 89070 84250 85820 54720 63670 46580 6820 64680 65170 41710 102712 95760 76630 60150 100940 66820 88790 7910 
83390 56380 124150 42880 59430 120100 59420 34770 96530 63230 42100 59760 67070 59510 114980 110630 7300 56620 50360 115780 73000 114410 82990 15060 107190 0 99320 97160 152591 152370 56920 76910 58130 83660 40980 104940 67360 69560 110940 103760 107670 46720 81160 178510 54890 80240 58160 10790 122730 26650 107960 
30520 72090 25420 59640 41940 26620 40940 93541 5500 57130 112041 115851 70140 55601 33300 27440 91660 68980 53110 41170 78730 19020 57870 92940 38280 99030 0 58910 109420 53770 65051 62860 56841 52740 66410 48010 47430 35571 13390 31640 26870 53280 19440 84170 71541 40300 41650 90560 30480 75710 43540 
83760 107240 62770 66330 70840 81750 63360 112801 56540 93860 126920 142100 108320 87930 91160 38560 89750 103990 78130 99030 118150 72390 14400 100160 27490 97120 58170 0 167520 85520 94900 104810 89170 104140 88740 105090 49810 75960 68690 27790 84800 68990 54000 127322 104740 92560 65780 93240 88240 84410 25160 
94991 96130 121190 131731 114231 93560 119801 129930 112470 94921 141900 129950 86761 101681 79920 134060 149361 96851 110921 69130 81320 101660 165470 141190 146640 152510 109200 167420 0 136130 100552 84261 99451 79241 118771 66900 135871 106691 103100 140150 82650 123291 120110 98660 99550 90091 117061 142490 85190 131320 152280 
81090 125980 31650 112750 95050 46280 94050 147031 58220 110320 165401 169251 124030 108961 67510 50900 144990 122870 106380 67350 131500 44630 92240 146630 63890 152360 54030 86090 136440 0 118411 114560 110201 102770 119740 80780 100540 88051 48050 64380 63350 106390 72550 49700 124901 90870 94760 143890 56670 129040 65100 
43480 10060 90101 38770 28560 81380 32990 35130 62931 10230 53500 55290 15090 12080 70000 88320 52011 6810 18100 68170 24610 76480 86790 46240 89150 56940 65131 94820 100572 117141 0 24670 9900 35140 21940 57330 48300 31880 73010 82730 67760 30330 52260 137030 7620 35860 30450 47250 78820 32990 93950 
31920 28950 86030 50890 34860 67050 42030 58870 62990 14710 77240 75810 19810 21470 49860 89510 72181 27260 30710 48030 21080 71270 96880 69480 95400 77340 62510 104750 84861 113010 24640 0 19240 12410 38560 36360 58230 32760 67800 88760 50430 42450 54680 116890 30390 22200 39290 67650 58680 52800 100660 
34940 16720 82281 33110 21760 72840 27190 42400 55111 5450 60770 63030 17470 3060 62750 80500 53221 13610 12300 60920 26760 67940 81130 50520 83350 58380 57311 89020 99791 109321 9810 19130 0 27890 19600 50080 42500 24060 64470 76900 59220 24670 44440 129780 15900 28610 24650 48690 71570 33840 88150 
23840 40090 76370 53490 35340 56100 41530 69560 53330 25720 87930 83530 30340 30270 38910 79850 78411 38190 34650 37080 28800 60440 96310 76260 89210 83570 52850 103490 79391 102510 35330 12410 28040 0 47360 25480 57660 28700 57440 82570 39480 45050 50950 105940 41320 16220 38790 73880 47730 59030 94470 
48830 26420 91770 26390 25400 86000 28940 28320 64010 24240 46690 57130 34060 20900 80420 83950 36081 25550 16260 79280 43040 80310 76970 32490 84050 41010 66800 88360 118581 119790 21950 37920 19140 46680 0 68440 43200 35460 76840 77630 73110 20890 49600 144410 24180 45680 26400 31320 88630 17060 88850 
31520 63320 63680 74470 52520 38440 57770 91720 48160 47880 110090 106760 53570 52430 22690 73510 99711 60350 55950 13870 52030 45950 99870 97560 84790 104870 47220 103440 67110 80800 57490 36350 50200 25710 68700 0 73840 44660 43560 78150 24290 66350 54441 82560 63480 28060 55030 95180 30070 80330 90050 
47230 57420 70510 27260 24370 70480 16890 68291 43990 47390 86661 97460 58500 41460 74310 56990 59960 54170 31660 80940 68330 64240 41980 65870 54510 67330 47880 49850 136251 100520 48430 58340 42700 57670 43410 73990 0 31380 60100 50670 66750 24340 29470 128170 54920 46090 19310 59340 73110 45650 57010 
15930 39770 60361 33370 11420 53420 15410 61530 33191 24810 79900 83710 37820 23460 47520 58610 62850 36660 21880 52340 46410 48230 69970 62060 63610 69370 35391 74980 106881 87401 32910 32820 24700 28770 35530 44620 31320 0 44760 56970 40210 25720 22440 111820 39400 16720 13930 59680 56050 44830 68870 
35990 79200 21110 71580 52110 16170 52880 103341 18040 64240 121711 125521 77250 65271 28060 33630 103600 76090 63280 35570 84800 7120 67960 103110 46210 110420 13420 69000 103820 47850 72950 68330 64500 57940 76580 43970 59860 45070 0 41730 21930 65220 31870 73130 79040 45770 53590 100730 22100 85880 53150 
60060 91800 37590 64180 57910 53990 51270 102671 30670 80580 121041 131840 92880 75330 64250 13560 96310 88550 66040 72120 102310 44630 30530 102080 6760 103680 31260 28240 140610 64080 82810 88590 76570 82280 77790 79030 50620 56880 41560 0 57890 58710 34920 102322 89300 69840 53690 96260 61330 82330 12020 
24250 73950 41110 72690 51130 17200 54450 99070 30450 58990 117440 121220 68000 60200 7560 52250 102471 70840 58970 14440 66460 22490 82160 100320 64780 107630 26940 85410 82690 63430 67700 50780 59250 39600 73410 24200 66620 40190 21540 58140 0 65560 38090 76320 73790 34030 53450 97940 17100 83090 70040 
41170 39660 78060 9280 14880 74970 13320 45181 50300 29630 63551 74371 40740 23700 72760 64830 39400 36410 13900 77040 50570 68730 57300 44590 64930 46770 53090 68690 123971 105730 30670 42410 24940 44990 21250 66270 24080 25320 65260 58510 65450 0 34930 132660 37080 38570 11930 38610 77600 24610 69730 
32040 60360 44350 41580 25690 42350 22880 76641 16490 46560 95011 103100 59570 43010 45660 38590 73600 57250 36860 52290 68160 36110 49430 76040 41630 80970 19750 53000 120290 72390 52460 54570 44250 50830 49510 54201 29470 22340 31970 34990 38100 35220 0 100040 58950 38980 23590 72840 44980 58410 46890 
99850 143010 67950 139270 119660 59200 120570 171260 88740 127430 189630 188240 134490 131980 75320 89010 171470 139900 130830 68850 133000 67160 130350 171080 102370 178380 84140 127810 98700 49850 137040 117270 129750 106090 144540 82500 128320 112130 73020 102490 76220 132910 100190 0 143030 107530 121280 168690 67530 153750 107130 
49430 3410 96571 45010 35030 87330 39460 32900 69401 16180 51270 48160 14100 18650 75950 94810 51721 3650 24570 74120 20030 82430 93030 44010 95620 55000 71601 103640 99710 123611 7610 30460 15850 41090 24230 63280 54770 38350 78960 89200 73710 36570 58730 142980 0 41810 36920 45310 84770 34010 100420 
9780 41860 63890 46470 24520 50630 29770 70120 40850 26280 88490 88170 38210 30830 40400 67370 75031 38750 31530 38570 40780 49130 84490 72880 76730 80190 40370 91560 90261 90630 35890 22560 28600 16190 45970 28000 45840 16660 45660 70090 34060 38820 39020 107430 41880 0 27030 70500 49220 55650 81990 
30160 39510 66960 19440 5640 63870 3200 53401 39200 29480 71771 79860 40590 23550 61280 59310 50490 36260 13750 66060 50420 57630 58060 52800 60260 57860 41990 65930 117751 94630 30520 39610 24790 39010 26270 55490 19410 14310 54160 53840 53970 12110 23830 121560 37010 27590 0 49730 66500 35170 65060 
73700 46690 115950 34900 49810 110410 51080 28440 88190 53540 37890 55550 57380 49820 105290 102590 8370 46930 40670 106090 63310 104720 80870 10250 100860 10790 90980 93110 142650 144030 47230 67220 48440 73970 31290 95250 59380 59870 101250 96270 97980 38320 72820 168820 45200 70550 49810 0 113040 16960 103040 
41120 84850 37100 84250 63780 10350 65550 113110 34960 69270 131480 129550 76330 73820 12820 53930 115410 81740 74950 16420 74790 17710 87290 114780 66510 122090 30360 88330 85490 56670 78880 59110 71590 47930 88250 29990 73300 56150 22060 61060 16980 77890 45170 67580 84870 49370 66100 112400 0 97550 72960 
58520 35950 101000 21250 34630 95230 37150 29650 73240 38360 43840 58710 45590 34640 90110 88660 21670 36190 25490 90910 52570 89540 72000 22130 88760 26730 76030 84240 131072 129020 32760 52040 33260 58790 16820 80070 45730 44690 86070 82340 82800 24390 58370 153630 34460 55370 35170 17040 97860 0 93560 
71950 102980 42390 75360 69800 65490 62450 113851 42560 92470 132221 143020 104060 87020 76140 20430 100490 99730 77220 84010 113890 56130 31460 109740 7970 107860 43150 25030 152560 64670 93990 100480 88260 94170 88970 90920 57150 68770 53060 11920 69780 69890 46810 106322 100480 81730 64870 102820 73220 93510 0 

0 Ciudad_0 0 0 32400 0
1 Ciudad_1 309 12110 26710 618
2 Ciudad_2 747 7288 19537 1494
3 Ciudad_3 551 2487 13724 1102
4 Ciudad_4 140 7466 11673 280
5 Ciudad_5 302 7306 14755 604
6 Ciudad_6 155 15230 26585 310
7 Ciudad_7 252 12450 25830 504
8 Ciudad_8 369 21020 27639 738
9 Ciudad_9 458 10557 21508 916
10 Ciudad_10 435 11887 25960 870
11 Ciudad_11 415 11188 20530 830
12 Ciudad_12 165 13218 17333 330
13 Ciudad_13 194 21416 25757 388
14 Ciudad_14 215 12459 14500 430
15 Ciudad_15 125 8634 22128 250
16 Ciudad_16 182 13837 21289 364
17 Ciudad_17 404 7831 21473 808
18 Ciudad_18 174 10247 15931 348
19 Ciudad_19 819 4110 17716 1638
20 Ciudad_20 665 16097 26204 1330
21 Ciudad_21 777 8329 14912 1554
22 Ciudad_22 480 4789 18778 960
23 Ciudad_23 405 7215 17681 810
24 Ciudad_24 281 9624 13236 562
25 Ciudad_25 260 16601 27521 520
26 Ciudad_26 678 2838 12463 1356
27 Ciudad_27 805 4692 19046 1610
28 Ciudad_28 171 11198 14217 342
29 Ciudad_29 555 20544 27599 1110
30 Ciudad_30 641 2743 9215 1282
31 Ciudad_31 104 10938 15759 208
32 Ciudad_32 305 5062 17233 610
33 Ciudad_33 432 13058 27683 864
34 Ciudad_34 627 23304 25704 1254
35 Ciudad_35 622 6905 19711 1244
36 Ciudad_36 313 20621 28966 626
37 Ciudad_37 791 1391 15951 1582
38 Ciudad_38 442 1597 13008 884
39 Ciudad_39 572 19091 21092 1144
40 Ciudad_40 616 10912 20884 1232
41 Ciudad_41 373 14653 19420 746
42 Ciudad_42 696 3882 9125 1392
43 Ciudad_43 188 13483 18881 376
44 Ciudad_44 827 16801 26678 1654
45 Ciudad_45 229 12315 15168 458
46 Ciudad_46 609 4963 14494 1218
47 Ciudad_47 704 7541 14344 1408
48 Ciudad_48 396 26269 28935 792
49 Ciudad_49 489 11684 14770 978
50 Ciudad_50 357 4623 17810 714

0 0.0814446 -0.0538685 0.034278 -0.0400501 0.00280042 -0.00144096 -0.0450668 0.0701042 0.0320657 0.0896167 -0.0790506 -0.0654683 -0.0105597 -0.0829345 0.0895839 0.045577 0.0674871 -0.0419267 -0.0818122 0.00455474 -0.00892927 0.0969766 0.0355802 0.0773403 0.0181643 0.0594423 -0.037067 -0.0727299 0.0748061 0.0941387 -0.0900236 0.0634613 -0.0163767 0.0284862 0.0133749 0.00957982 -0.0158758 -0.040429 -0.00858081 -0.0584929 0.0389564 0.0264402 -0.024765 0.0518435 -0.0398757 0.0640494 -0.0558245 -0.084066 -0.0577983 0.0363111 
-0.0814446 0 -0.0274702 -0.0779126 0.00533612 0.0492142 -0.0600684 0.0526028 -0.0337578 -0.0633626 -0.00569723 0.010662 -0.00450287 0.0197108 0.0768694 -0.052679 -0.0568401 0.00245646 -0.0723269 -0.0903222 0.0573719 -0.0790762 -0.049985 -0.0592067 -0.04703 -0.0488945 0.00293424 -0.0746871 0.0320329 0.0117618 -0.0994338 0.0698422 -0.086142 -0.0237319 0.0348634 -0.0355901 -0.0514838 0.0809531 -0.087295 0.0923104 -0.0255115 0.092361 0.0904693 -0.0672551 -0.0978798 -0.0544587 -0.0906131 -0.0120949 -0.00103993 0.024231 -0.078379 
0.0538685 0.0274702 0 -0.073189 0.000228789 0.0151808 -0.0583098 0.0103874 0.016639 0.0502495 -0.0313567 -0.0732108 -0.0994847 0.0157168 -0.0987267 -0.0800775 -0.0218421 0.0718531 0.0693976 0.0549667 -0.0878516 0.0536522 0.064731 -0.0976228 -0.0553894 -0.0543966 0.00603362 -0.0363242 0.0274659 0.0519887 0.0327181 0.0364343 -0.0827723 0.0316978 0.0970438 -0.0291859 0.00104902 -0.0330457 0.0661101 -0.0816066 0.080303 0.0361133 0.0826696 0.0349761 -0.0759766 0.0941436 -0.0845579 -0.0121301 1.29028e-05 0.0265814 0.0315003 
-0.034278 0.0779126 0.073189 0 0.0590365 -0.0329075 0.0465767 0.0293975 -0.0640388 -0.0141525 -0.0924281 -0.0332046 0.0353276 0.0626133 0.0569837 0.0267838 -0.0591584 0.005377 0.0165543 -0.0334677 -0.030816 -0.0195521 -0.0238151 0.0590837 0.024257 0.0828016 -0.0136088 0.0058256 0.0794651 0.00883362 0.0293936 0.034106 -0.0211362 0.0634148 0.0591612 0.0160472 -0.0368718 -0.048717 0.0802823 0.0393918 0.0570923 -0.0929825 -0.0196908 0.0124633 0.0304114 0.0489463 -0.0665113 -0.000550136 0.0517043 -0.0632541 -0.0935701 
0.0400501 -0.00533612 -0.000228789 -0.0590365 0 -0.0295892 -0.0744068 0.0121311 -0.099732 0.005637 -0.0507385 -0.0102424 0.0124205 -0.00946578 0.012599 -0.063869 -0.0534909 0.0564809 -0.049692 -0.0890238 -0.0209112 0.0550739 0.0610713 -0.0504682 0.00525351 -0.0236205 0.0662397 -0.0906192 0.0879624 0.0235723 -0.071743 -0.0522187 -0.0631401 0.0306166 0.0545775 -0.058662 -0.0577673 -0.0745992 0.00493101 -0.0831887 -0.0671942 0.0118537 0.0545877 0.0549797 -0.0787889 -0.0506724 -0.032667 0.0748696 -0.0204474 0.0952587 0.0596565 
-0.00280042 -0.0492142 -0.0151808 0.0329075 0.0295892 0 0.0146759 0.0307456 -0.0868344 0.037989 -0.0619936 0.0505931 0.0715678 -0.0133974 -0.0153321 -0.0184498 -0.0922703 -0.0158818 0.000655511 0.0395478 0.0344547 -0.0751198 0.0975752 0.0879119 -0.0014477 -0.0218593 0.092667 0.0895186 0.0148587 -0.0453913 -0.0357738 -0.0385637 0.0836612 -0.00667687 0.0291892 0.09939 -0.0420315 0.0917581 0.0704345 0.0120424 0.0256643 -0.0447835 -0.03399 -0.0811297 -0.00520467 -0.0648214 0.0291583 -0.0132119 -0.00550652 -0.0288895 -0.0887286 
0.00144096 0.0600684 0.0583098 -0.0465767 0.0744068 -0.0146759 0 0.0901833 -0.0385833 0.0839498 -0.054783 -0.0723558 0.0589909 -0.0726345 0.0208102 0.053282 -0.0292846 0.0224208 -0.0619648 0.032028 0.0279484 -0.0841288 -0.0655691 0.0446872 0.0384757 0.0938113 -0.0498257 -0.0956794 -0.000508391 -0.0251477 0.0595648 -0.0619661 0.0884177 0.0287258 0.0744779 0.00569788 -0.075097 0.0402196 0.026374 -0.0962353 -0.0100262 0.0114247 -0.0334123 0.0524987 0.0720628 -0.00108201 -0.0904602 0.0482784 0.0860059 0.0779158 0.0566701 
0.0450668 -0.0526028 -0.0103874 -0.0293975 -0.0121311 -0.0307456 -0.0901833 0 -0.00434792 -0.0885485 -0.0609509 -0.0697007 0.00797749 0.0367072 -0.082549 0.095973 -0.0758019 -0.0495151 0.0988191 0.0692916 0.0714929 0.0541014 -0.0153276 -0.0539227 -0.0418778 0.0225144 0.0405028 -0.0440897 0.0765572 -0.0390302 -0.016327 0.0378603 -0.0355874 -0.0339561 -0.0316882 0.0851691 -0.0437333 0.0641488 0.0136153 -0.0971315 -0.0135724 0.0343852 0.0712161 -0.0894411 0.0818635 -0.0742537 0.0342655 0.0328048 0.0960913 0.0450919 0.016669 
-0.0701042 0.0337578 -0.016639 0.0640388 0.099732 0.0868344 0.0385833 0.00434792 0 0.0661735 0.0408174 0.0503138 0.0210977 0.0233063 -0.0300621 -0.0314293 0.0843922 0.0347736 -0.0563041 -0.0413853 -0.0695638 -0.0672582 0.00466471 -0.0438668 0.0419831 -0.05167 0.0966679 0.0196849 0.0252845 0.00321677 -0.00245806 -0.0985074 0.00860001 0.0838976 0.00363452 0.0271255 -0.0533249 -0.0673494 0.0498473 -0.021457 0.0605812 0.0283406 0.0258374 -0.0985024 -0.00865654 -0.036795 -0.0163534 0.0659937 -0.0646146 -0.0461939 0.082207 
-0.0320657 0.0633626 -0.0502495 0.0141525 -0.005637 -0.037989 -0.0839498 0.0885485 -0.0661735 0 -0.00796787 -0.0216305 -0.0961173 0.0420928 0.0504554 0.057075 0.0862372 0.0650608 0.0444859 -0.0757948 0.0775233 -0.0410477 -0.0212805 0.0505281 -0.0240113 -0.00892197 0.0312608 -0.0908153 -0.0691894 0.0700586 0.0270577 0.0931371 0.0461542 0.0800165 -0.00867673 -0.0498201 -0.0536856 0.0937904 0.079982 -0.0197331 -0.0780445 -0.0747733 -0.0780622 -0.0829877 0.0492893 -0.0685606 0.0432124 3.15035e-06 -0.049212 0.0317141 0.0584594 
-0.0896167 0.00569723 0.0313567 0.0924281 0.0507385 0.0619936 0.054783 0.0609509 -0.0408174 0.00796787 0 -0.0754107 -0.000136838 0.0768654 0.0340063 0.0840423 -0.00527031 0.0211225 0.0878972 0.0961182 0.0316477 0.0311727 -0.0589183 -0.0959516 0.0138167 0.0858676 0.0129388 -0.0585322 0.0535602 -0.0937079 0.0500067 0.0703659 -0.0174398 -0.0954749 0.0588863 0.0128967 -0.0363917 0.0170088 0.0534116 0.0788617 -0.0413227 -0.0881405 0.033622 -0.0550151 -0.044639 -0.0499327 -0.0997164 -0.0570905 -0.011589 0.082208 0.00581461 
0.0790506 -0.010662 0.0732108 0.0332046 0.0102424 -0.0505931 0.0723558 0.0697007 -0.0503138 0.0216305 0.0754107 0 -0.0676065 -0.0221367 0.000962804 -0.0883867 0.0782535 -0.0142745 0.0146805 0.0346928 0.06125 0.0564103 0.055396 0.0284644 0.0105506 0.0144081 -0.0885263 -0.0652612 0.00550826 -0.0919236 0.00961918 -0.00339914 -0.0612545 0.0520712 -0.0834988 0.0930855 -0.0270171 0.0128478 -0.049868 0.0997371 0.0983633 -0.0829669 0.0132979 0.0220451 0.0649353 -0.0752226 -0.0601204 -0.0740929 -0.0300609 0.0676611 0.0845221 
0.0654683 0.00450287 0.0994847 -0.0353276 -0.0124205 -0.0715678 -0.0589909 -0.00797749 -0.0210977 0.0961173 0.000136838 0.0676065 0 0.0110161 0.068728 -0.0886471 0.0231991 0.0413448 0.0395502 0.0125312 -0.0793461 0.0671341 0.0812685 -0.0556716 0.0825089 -0.0331773 -0.0764885 0.0638552 0.0579502 0.0915621 -0.0953954 -0.000448018 0.0508902 -0.0502242 0.0351049 0.00669639 -0.00518915 -0.09416 -0.0344068 -0.0425119 0.0652902 0.0288346 0.0665611 0.00668966 -0.0195081 0.00508683 0.0162547 -0.0606128 -0.0584155 -0.0881833 -0.00573974 
0.0105597 -0.0197108 -0.0157168 -0.0626133 0.00946578 0.0133974 0.0726345 -0.0367072 -0.0233063 -0.0420928 -0.0768654 0.0221367 -0.0110161 0 -0.0941967 0.05225 -0.0150296 0.0333482 0.0587029 0.0385982 0.0728633 -0.0598025 -0.0789632 -0.0397104 -0.0726586 -0.0977542 -0.0499183 0.0833153 0.017442 -0.047116 0.0567893 0.0602221 -0.0173785 0.0435047 -0.0445851 -0.0766415 0.0723237 -0.0731383 -0.00361505 -0.0478283 0.0925892 -0.0548251 0.0375888 0.0463928 -0.0608277 0.0938032 -0.0888546 0.0288809 0.0138644 0.00089885 0.0209898 
0.0829345 -0.0768694 0.0987267 -0.0569837 -0.012599 0.0153321 -0.0208102 0.082549 0.0300621 -0.0504554 -0.0340063 -0.000962804 -0.068728 0.0941967 0 0.0126661 0.026712 0.00804303 -0.0673752 -0.096525 -0.0821058 0.00302795 -0.0446253 0.0719368 0.0428674 0.00504726 0.0382555 0.0277801 0.0906708 -0.0376197 -0.0738303 -0.0585644 -0.0986221 -0.0286704 -0.0699137 0.0642766 -0.0588147 0.0178503 0.00916833 0.0132254 0.0836038 0.0854663 0.0563293 0.0431019 0.0393608 -0.075574 -0.0331646 -0.071075 -0.0936379 0.0290451 0.0576605 
-0.0895839 0.052679 0.0800775 -0.0267838 0.063869 0.0184498 -0.053282 -0.095973 0.0314293 -0.057075 -0.0840423 0.0883867 0.0886471 -0.05225 -0.0126661 0 0.0955629 -0.0587432 -0.0604727 -0.0308103 -0.0595308 0.0688777 -0.0111812 0.0341867 -0.042899 -0.0968403 0.0655074 0.00847716 -0.0873478 -0.0600902 -0.0746958 0.0672623 0.000682952 -0.00702578 -0.0924401 0.00458109 -0.0284948 0.0204248 -0.023286 -0.00585199 0.020515 0.0911971 -0.0270237 -0.0681447 -0.0485277 -0.0362926 0.011286 -0.0965944 -0.0257468 0.0800216 -0.0425159 
-0.045577 0.0568401 0.0218421 0.0591584 0.0534909 0.0922703 0.0292846 0.0758019 -0.0843922 -0.0862372 0.00527031 -0.0782535 -0.0231991 0.0150296 -0.026712 -0.0955629 0 0.0969864 -0.099445 0.0281469 0.0570566 -0.0974153 -0.0727298 -0.0868359 0.00547584 -0.0951274 -0.00997188 -0.0128551 0.0260464 -0.0944134 0.0658172 0.0290776 0.0706936 0.0861551 0.0800181 0.0949933 0.0652311 -0.0983848 -0.0695216 0.0171884 0.0264242 0.0603593 -0.0877668 -0.00461757 0.0243321 -0.0904855 0.0344 0.0774785 0.0509787 -0.0878152 -0.0253116 
-0.0674871 -0.00245646 -0.0718531 -0.005377 -0.0564809 0.0158818 -0.0224208 0.0495151 -0.0347736 -0.0650608 -0.0211225 0.0142745 -0.0413448 -0.0333482 -0.00804303 0.0587432 -0.0969864 0 0.016503 0.0237495 0.0686883 0.00575467 0.0237636 -0.0657157 -0.00981561 -0.0315597 -0.0493585 -0.0295097 0.0760602 0.0831208 -0.0354284 -0.028321 -0.00430508 -0.0725796 0.0334822 0.0890721 -0.0270712 0.0510894 -0.0574643 -0.0943923 -0.0280958 -0.0599338 -0.0412292 -0.0516738 0.076579 -0.0952516 0.0079532 0.0945463 0.0835553 0.063913 0.0480666 
0.0419267 0.0723269 -0.0693976 -0.0165543 0.049692 -0.000655511 0.0619648 -0.0988191 0.0563041 -0.0444859 -0.0878972 -0.0146805 -0.0395502 -0.0587029 0.0673752 0.0604727 0.099445 -0.016503 0 -0.0169942 0.0850127 0.0499735 -0.0248012 0.0133835 -0.0958139 0.0841169 0.0613629 -0.005871 0.0041075 0.0971351 -0.0177554 -0.0662492 -0.000151208 -0.0616256 -0.0134239 0.0127515 0.00347516 0.0226138 0.0779618 -0.0579968 -0.0588513 -0.0608823 0.0524086 -0.0245928 0.0195743 -0.0123267 -0.0225655 0.0960553 -0.0756688 -0.05018 -0.0482474 
0.0818122 0.0903222 -0.0549667 0.0334677 0.0890238 -0.0395478 -0.032028 -0.0692916 0.0413853 0.0757948 -0.0961182 -0.0346928 -0.0125312 -0.0385982 0.096525 0.0308103 -0.0281469 -0.0237495 0.0169942 0 -0.0118229 -0.0921897 0.0636583 -0.0991954 0.0358975 -0.039672 -0.0322335 0.0973128 -0.0679217 -0.0380924 0.00492321 -0.0536695 0.0256816 -0.00620373 0.0566062 0.0212036 0.0300804 -0.0142906 -0.0602296 -0.0683856 -0.0432057 -0.0408225 -0.0790846 -0.043224 0.0687465 0.0740337 -0.0615866 -0.098647 0.0121516 -0.0303784 0.0689887 
-0.00455474 -0.0573719 0.0878516 0.030816 0.0209112 -0.0344547 -0.0279484 -0.0714929 0.0695638 -0.0775233 -0.0316477 -0.06125 0.0793461 -0.0728633 0.0821058 0.0595308 -0.0570566 -0.0686883 -0.0850127 0.0118229 0 -0.0910533 0.00976219 -0.0968558 -0.0277628 -0.0746365 -0.0717996 -0.0195906 -0.00308412 -0.0305525 0.0977338 -0.084098 -0.068381 0.028572 -0.0973724 -0.0307626 -0.0658771 -0.0773533 -0.044585 0.0505249 0.0974486 0.02457 0.0209316 0.049316 -0.0510556 -0.0320823 -0.0897218 -0.0538694 -0.0226493 -0.0256396 0.0531018 
0.00892927 0.0790762 -0.0536522 0.0195521 -0.0550739 0.0751198 0.0841288 -0.0541014 0.0672582 0.0410477 -0.0311727 -0.0564103 -0.0671341 0.0598025 -0.00302795 -0.0688777 0.0974153 -0.00575467 -0.0499735 0.0921897 0.0910533 0 -0.0199127 -0.0746777 0.0436284 0.0576224 0.0414588 0.0563319 -0.0727945 0.0991958 -0.0964341 0.0783181 0.0486903 0.00545988 -0.0611566 0.00127626 0.0278221 -0.0579702 0.0700049 -0.0481332 -0.0721781 0.0168406 -0.0692682 0.0885013 -0.0915829 -0.00225944 -0.0501887 -0.0198861 -0.0159419 0.0551549 0.0394855 
-0.0969766 0.049985 -0.064731 0.0238151 -0.0610713 -0.0975752 0.0655691 0.0153276 -0.00466471 0.0212805 0.0589183 -0.055396 -0.0812685 0.0789632 0.0446253 0.0111812 0.0727298 -0.0237636 0.0248012 -0.0636583 -0.00976219 0.0199127 0 0.0349069 0.0324593 -0.0996872 0.0312313 0.0413212 -0.0853099 -0.0649652 0.036474 -0.00981447 -0.0736615 -0.0587482 -0.0692385 0.0827462 -0.0484351 0.0274408 -0.0756262 0.0167883 -0.053235 -0.0431234 -0.0778987 0.0818761 0.0399798 -0.0254069 0.0689946 0.038447 -0.00857163 0.0734815 -0.0248348 
-0.0355802 0.0592067 0.0976228 -0.0590837 0.0504682 -0.0879119 -0.0446872 0.0539227 0.0438668 -0.0505281 0.0959516 -0.0284644 0.0556716 0.0397104 -0.0719368 -0.0341867 0.0868359 0.0657157 -0.0133835 0.0991954 0.0968558 0.0746777 -0.0349069 0 0.00501896 0.0921566 0.0444516 0.0929733 -0.080644 0.0410871 0.0706823 -0.0591432 -0.0525185 0.0164528 -0.0240503 0.010543 0.0633093 -0.0205642 -0.0541746 -0.0790849 -0.0463981 -0.0527276 -0.0442544 -0.0914575 -0.0673357 -0.0532092 0.0429272 0.0694284 -0.038398 -0.0410419 -0.0588609 
-0.0773403 0.04703 0.0553894 -0.024257 -0.00525351 0.0014477 -0.0384757 0.0418778 -0.0419831 0.0240113 -0.0138167 -0.0105506 -0.0825089 0.0726586 -0.0428674 0.042899 -0.00547584 0.00981561 0.0958139 -0.0358975 0.0277628 -0.0436284 -0.0324593 -0.00501896 0 -0.0942722 0.0315884 0.0884869 -0.0575245 -0.0264904 0.036142 -0.00387277 -0.0989512 0.0331826 -0.0437598 0.0724291 -0.0254599 -0.0187087 -0.0867131 -0.00524039 0.0918483 0.0526852 -0.0948067 -0.0541505 -0.00776922 -0.0371392 0.0970054 0.0155317 0.00267189 0.0975542 -0.0139917 
-0.0181643 0.0488945 0.0543966 -0.0828016 0.0236205 0.0218593 -0.0938113 -0.0225144 0.05167 0.00892197 -0.0858676 -0.0144081 0.0331773 0.0977542 -0.00504726 0.0968403 0.0951274 0.0315597 -0.0841169 0.039672 0.0746365 -0.0576224 0.0996872 -0.0921566 0.0942722 0 -0.0151989 0.080636 -0.0398515 0.0805708 0.0109706 -0.0490287 -0.00706326 -0.0657133 0.0782302 0.0906942 0.0611288 -0.0618455 0.0473884 0.0355954 -0.0644956 0.0794205 -0.0341277 -0.0874176 -0.0318406 -0.0678541 0.0268908 -0.0508875 0.0832093 0.0440499 0.0645159 
-0.0594423 -0.00293424 -0.00603362 0.0136088 -0.0662397 -0.092667 0.0498257 -0.0405028 -0.0966679 -0.0312608 -0.0129388 0.0885263 0.0764885 0.0499183 -0.0382555 -0.0655074 0.00997188 0.0493585 -0.0613629 0.0322335 0.0717996 -0.0414588 -0.0312313 -0.0444516 -0.0315884 0.0151989 0 -0.0576323 0.0439018 0.00139857 -0.0889949 0.085406 0.0354977 -0.0181494 0.051765 -0.0630046 -0.07652 -0.0366982 0.0205796 0.013558 -0.0921881 0.0217066 -0.00917786 0.0995788 0.01065 -0.0382644 0.0972441 0.060325 0.0978062 0.0907806 -0.00587571 
0.037067 0.0746871 0.0363242 -0.0058256 0.0906192 -0.0895186 0.0956794 0.0440897 -0.0196849 0.0908153 0.0585322 0.0652612 -0.0638552 -0.0833153 -0.0277801 -0.00847716 0.0128551 0.0295097 0.005871 -0.0973128 0.0195906 -0.0563319 -0.0413212 -0.0929733 -0.0884869 -0.080636 0.0576323 0 -0.0581524 -0.00505207 0.0689515 -0.0098849 0.040548 0.0441978 -0.00536839 0.0877297 -0.0218203 -0.0168631 0.0941144 -0.00532506 0.0332102 -0.0899834 -0.0718024 0.0517839 -0.0267054 0.0920733 -0.0520428 0.0285761 -0.0211531 0.0436779 -0.00945926 
0.0727299 -0.0320329 -0.0274659 -0.0794651 -0.0879624 -0.0148587 0.000508391 -0.0765572 -0.0252845 0.0691894 -0.0535602 -0.00550826 -0.0579502 -0.017442 -0.0906708 0.0873478 -0.0260464 -0.0760602 -0.0041075 0.0679217 0.00308412 0.0727945 0.0853099 0.080644 0.0575245 0.0398515 -0.0439018 0.0581524 0 -0.0308535 -0.0206315 -0.0458394 -0.0268445 -0.0332715 0.015224 0.0390967 0.0875878 0.0615746 0.0199356 0.0201421 0.0428544 0.0760858 -0.062509 0.0949153 -0.0756775 -0.0652078 0.0700072 -0.00665708 -0.0785941 -0.0760705 -0.0664916 
-0.0748061 -0.0117618 -0.0519887 -0.00883362 -0.0235723 0.0453913 0.0251477 0.0390302 -0.00321677 -0.0700586 0.0937079 0.0919236 -0.0915621 0.047116 0.0376197 0.0600902 0.0944134 -0.0831208 -0.0971351 0.0380924 0.0305525 -0.0991958 0.0649652 -0.0410871 0.0264904 -0.0805708 -0.00139857 0.00505207 0.0308535 0 0.031383 0.0128079 -0.0535205 0.0109057 -0.0321872 0.00149098 -0.0505643 0.0347944 0.074016 -0.0053631 0.0988265 -0.00930596 -0.0593424 0.0460214 -0.0529551 0.00346799 -0.0762942 0.0295487 -0.0879667 0.00965335 0.0465055 
-0.0941387 0.0994338 -0.0327181 -0.0293936 0.071743 0.0357738 -0.0595648 0.016327 0.00245806 -0.0270577 -0.0500067 -0.00961918 0.0953954 -0.0567893 0.0738303 0.0746958 -0.0658172 0.0354284 0.0177554 -0.00492321 -0.0977338 0.0964341 -0.036474 -0.0706823 -0.036142 -0.0109706 0.0889949 -0.0689515 0.0206315 -0.031383 0 -0.069106 -0.0289223 0.08087 0.00851493 -0.00756485 0.07307 -0.0433683 0.00359963 -0.0146971 0.0988829 -0.0437838 -0.0848627 0.026689 -0.0839028 -0.0530673 -0.000650421 -0.0577742 -0.0852566 0.0646016 -0.0921311 
0.0900236 -0.0698422 -0.0364343 -0.034106 0.0522187 0.0385637 0.0619661 -0.0378603 0.0985074 -0.0931371 -0.0703659 0.00339914 0.000448018 -0.0602221 0.0585644 -0.0672623 -0.0290776 0.028321 0.0662492 0.0536695 0.084098 -0.0783181 0.00981447 0.0591432 0.00387277 0.0490287 -0.085406 0.0098849 0.0458394 -0.0128079 0.069106 0 0.0607959 0.0719818 0.0319949 0.0338202 0.00689211 -0.0818891 -0.050467 0.00468395 -0.0819174 0.0590765 -0.0592681 0.0164794 0.0592844 0.083059 -0.053648 0.0481153 -0.0352142 -0.0108265 -0.0971826 
-0.0634613 0.086142 0.0827723 0.0211362 0.0631401 -0.0836612 -0.0884177 0.0355874 -0.00860001 -0.0461542 0.0174398 0.0612545 -0.0508902 0.0173785 0.0986221 -0.000682952 -0.0706936 0.00430508 0.000151208 -0.0256816 0.068381 -0.0486903 0.0736615 0.0525185 0.0989512 0.00706326 -0.0354977 -0.040548 0.0268445 0.0535205 0.0289223 -0.0607959 0 -0.00356386 -0.00685197 0.0203418 0.090892 -0.0693413 -0.0234664 -0.0945089 0.0491936 -0.0501644 0.0719671 -0.0423991 0.0573966 -0.080893 0.0598214 0.021781 -0.0015385 -0.0416728 -0.00711538 
0.0163767 0.0237319 -0.0316978 -0.0634148 -0.0306166 0.00667687 -0.0287258 0.0339561 -0.0838976 -0.0800165 0.0954749 -0.0520712 0.0502242 -0.0435047 0.0286704 0.00702578 -0.0861551 0.0725796 0.0616256 0.00620373 -0.028572 -0.00545988 0.0587482 -0.0164528 -0.0331826 0.0657133 0.0181494 -0.0441978 0.0332715 -0.0109057 -0.08087 -0.0719818 0.00356386 0 0.00216584 -0.0671234 0.0578009 -0.0838788 -0.0424568 0.0791435 0.0319691 0.0247579 -0.0413367 0.052978 0.0708265 0.0644415 0.0353926 -0.0767872 -0.0799307 -0.0847692 -0.0224127 
-0.0284862 -0.0348634 -0.0970438 -0.0591612 -0.0545775 -0.0291892 -0.0744779 0.0316882 -0.00363452 0.00867673 -0.0588863 0.0834988 -0.0351049 0.0445851 0.0699137 0.0924401 -0.0800181 -0.0334822 0.0134239 -0.0566062 0.0973724 0.0611566 0.0692385 0.0240503 0.0437598 -0.0782302 -0.051765 0.00536839 -0.015224 0.0321872 -0.00851493 -0.0319949 0.00685197 -0.00216584 0 0.022303 0.0910954 0.00966274 -0.013083 0.0042523 0.0668472 0.0856976 -0.065845 -0.0124592 -0.0265784 0.0422302 0.0787526 -0.048582 -0.051998 0.00291331 0.0920863 
-0.0133749 0.0355901 0.0291859 -0.0160472 0.058662 -0.09939 -0.00569788 -0.0851691 -0.0271255 0.0498201 -0.0128967 -0.0930855 -0.00669639 0.0766415 -0.0642766 -0.00458109 -0.0949933 -0.0890721 -0.0127515 -0.0212036 0.0307626 -0.00127626 -0.0827462 -0.010543 -0.0724291 -0.0906942 0.0630046 -0.0877297 -0.0390967 -0.00149098 0.00756485 -0.0338202 -0.0203418 0.0671234 -0.022303 0 -0.0403442 0.0565209 -0.0606619 -0.0553617 0.0204966 -0.0218958 -0.0135579 -0.0375469 0.0522306 0.0528499 -0.0114498 -0.0140994 -0.0453296 -0.0720038 0.0941523 
-0.00957982 0.0514838 -0.00104902 0.0368718 0.0577673 0.0420315 0.075097 0.0437333 0.0533249 0.0536856 0.0363917 0.0270171 0.00518915 -0.0723237 0.0588147 0.0284948 -0.0652311 0.0270712 -0.00347516 -0.0300804 0.0658771 -0.0278221 0.0484351 -0.0633093 0.0254599 -0.0611288 0.07652 0.0218203 -0.0875878 0.0505643 -0.07307 -0.00689211 -0.090892 -0.0578009 -0.0910954 0.0403442 0 -0.0453659 -0.0487559 -0.0917616 0.0530835 -0.0131017 -0.0979554 -0.0540397 -0.0253174 -0.0537348 0.0981134 0.0529854 -0.0362721 0.0516443 -0.0885408 
0.0158758 -0.0809531 0.0330457 0.048717 0.0745992 -0.0917581 -0.0402196 -0.0641488 0.0673494 -0.0937904 -0.0170088 -0.0128478 0.09416 0.0731383 -0.0178503 -0.0204248 0.0983848 -0.0510894 -0.0226138 0.0142906 0.0773533 0.0579702 -0.0274408 0.0205642 0.0187087 0.0618455 0.0366982 0.0168631 -0.0615746 -0.0347944 0.0433683 0.0818891 0.0693413 0.0838788 -0.00966274 -0.0565209 0.0453659 0 -0.0289757 0.0193622 -0.0956299 0.0118803 -0.00440026 -0.0443361 -0.0224759 0.0934187 0.0978892 -0.0561134 -0.00859257 -0.0653234 0.0131383 
0.040429 0.087295 -0.0661101 -0.0802823 -0.00493101 -0.0704345 -0.026374 -0.0136153 -0.0498473 -0.079982 -0.0534116 0.049868 0.0344068 0.00361505 -0.00916833 0.023286 0.0695216 0.0574643 -0.0779618 0.0602296 0.044585 -0.0700049 0.0756262 0.0541746 0.0867131 -0.0473884 -0.0205796 -0.0941144 -0.0199356 -0.074016 -0.00359963 0.050467 0.0234664 0.0424568 0.013083 0.0606619 0.0487559 0.0289757 0 -0.0384387 0.0377601 0.0715247 -0.0113837 0.0827384 0.00760429 0.00140059 -0.0798124 0.052601 -0.0798864 0.00018184 0.0481196 
0.00858081 -0.0923104 0.0816066 -0.0393918 0.0831887 -0.0120424 0.0962353 0.0971315 0.021457 0.0197331 -0.0788617 -0.0997371 0.0425119 0.0478283 -0.0132254 0.00585199 -0.0171884 0.0943923 0.0579968 0.0683856 -0.0505249 0.0481332 -0.0167883 0.0790849 0.00524039 -0.0355954 -0.013558 0.00532506 -0.0201421 0.0053631 0.0146971 -0.00468395 0.0945089 -0.0791435 -0.0042523 0.0553617 0.0917616 -0.0193622 0.0384387 0 0.0984042 -0.0823907 0.0750653 -0.0153698 -0.0765184 -0.064679 0.0936589 -0.0691873 -0.0158451 0.00027515 -0.00738634 
0.0584929 0.0255115 -0.080303 -0.0570923 0.0671942 -0.0256643 0.0100262 0.0135724 -0.0605812 0.0780445 0.0413227 -0.0983633 -0.0652902 -0.0925892 -0.0836038 -0.020515 -0.0264242 0.0280958 0.0588513 0.0432057 -0.0974486 0.0721781 0.053235 0.0463981 -0.0918483 0.0644956 0.0921881 -0.0332102 -0.0428544 -0.0988265 -0.0988829 0.0819174 -0.0491936 -0.0319691 -0.0668472 -0.0204966 -0.0530835 0.0956299 -0.0377601 -0.0984042 0 0.0312174 -0.0461091 0.0916569 -0.0227758 0.0499653 -0.0740629 0.0907703 -0.0228652 -0.0870993 0.0484497 
-0.0389564 -0.092361 -0.0361133 0.0929825 -0.0118537 0.0447835 -0.0114247 -0.0343852 -0.0283406 0.0747733 0.0881405 0.0829669 -0.0288346 0.0548251 -0.0854663 -0.0911971 -0.0603593 0.0599338 0.0608823 0.0408225 -0.02457 -0.0168406 0.0431234 0.0527276 -0.0526852 -0.0794205 -0.0217066 0.0899834 -0.0760858 0.00930596 0.0437838 -0.0590765 0.0501644 -0.0247579 -0.0856976 0.0218958 0.0131017 -0.0118803 -0.0715247 0.0823907 -0.0312174 0 0.0814428 -0.00127882 0.0772989 0.0934507 -0.0186124 0.00246851 0.0426166 0.0559382 0.0435175 
