50

16000 4500

30 55 80

6

0 26660 29330 36580 27210 58270 6650 44360 25420 46620 19940 22620 21660 18950 30910 42022 12870 29700 9060 26180 36120 10040 35880 71901 10070 81760 33970 55780 94242 68902 43350 16420 52460 55200 19820 38381 22380 28500 32980 23480 10790 24330 36310 87690 20790 17570 15010 62560 55500 22690 32820 
28360 0 37660 15920 24750 81960 30970 68050 49050 70310 6830 4460 11150 16270 54540 66342 15370 52700 25340 23340 33660 23270 59570 52270 28530 105450 23620 79470 118562 93222 24400 13660 47820 78830 19890 62701 34180 6510 57210 13410 32810 48650 10370 111380 16670 18740 39330 86250 79190 24370 56450 
28200 37460 0 39840 18570 73480 29660 56170 28560 61830 31840 34480 27450 34510 30600 46230 30320 48490 34600 18140 17390 25270 51050 71391 20770 88250 29390 70990 94620 72840 42840 31980 25520 45310 19370 47700 7930 36760 37750 25180 36860 31670 43770 103280 22440 23430 22150 75710 70710 14670 32820 
38420 15710 40010 0 25580 92020 41030 78110 54980 80370 18520 16970 19300 26330 60470 72930 25430 62760 35400 24170 34490 32320 69630 37790 34690 115220 17650 89530 125190 99810 8980 23720 46870 83940 24010 70722 37710 9560 63140 16730 42870 55270 6620 122860 20450 24050 45500 96310 89250 27140 62380 
26560 24190 18620 25260 0 80700 29240 63630 39160 69050 19070 21600 14690 24290 44320 57110 20100 52130 28660 2480 9780 19220 58310 55640 20760 99400 12130 78210 109370 83990 28010 21760 26870 63230 9840 55480 17000 22180 47320 10910 34190 39450 29190 110120 9090 12680 29610 83170 77930 7020 46540 
57020 83000 73430 92920 80810 0 52670 21910 49050 12390 76280 78960 78000 72050 52010 41500 69210 31250 61120 79780 87710 65160 24410 127021 62290 54660 89090 8760 72990 46270 98470 72760 98000 68080 74120 31370 67190 84840 44660 78600 54170 45700 92650 33770 75910 72970 51700 25330 3920 74660 50380 
4380 30750 29530 40670 28820 51620 0 37710 21440 39970 24030 26710 25750 23040 26930 37502 16960 23050 13150 27790 37730 12520 29230 74381 9820 75110 36450 49130 89722 64382 45830 20510 52660 51220 21650 33450 22580 32590 28440 25960 9580 19790 40400 81040 23270 20330 11030 55910 48850 22910 28840 
42230 68210 56060 78130 63440 21940 37880 0 30220 11730 61490 64170 63210 57570 32620 21450 54420 21460 46640 62410 70340 50370 8990 110232 45460 39310 72261 17940 57640 29720 81681 57970 80630 48030 57081 11780 49820 70050 25070 61811 39690 26870 77860 49850 59121 57431 34330 21850 20530 57290 30790 
23150 48610 28560 54900 39010 49340 21640 30540 0 37420 41890 44570 40440 40880 7230 19890 35730 29680 31920 37980 44190 28660 26270 86721 20810 62180 48750 46300 72150 46770 58170 38350 52400 31520 33570 20040 25010 50350 9370 38300 29960 5140 57580 78210 35610 33920 11520 50080 46590 32860 8340 
45230 71210 61640 81130 69020 12340 40880 11740 37130 0 64490 67170 66210 60260 40090 29580 57420 19460 49330 67990 75920 53370 12740 115231 50500 47690 77300 11070 66020 39040 86680 60970 86210 56160 62330 19450 55400 73050 32740 66810 42380 33780 80860 42980 64120 61180 39910 21080 9700 62870 38460 
21660 6840 31980 18520 19370 75260 24270 61350 42350 63610 0 2800 4450 9570 47840 59642 8670 46000 18640 17960 28280 16570 52870 54980 21820 98750 23040 72770 111862 86522 26170 6960 44500 72130 14210 56001 28500 9110 50510 11580 26110 41950 16920 104680 11100 12040 32630 79550 72490 18690 49750 
24360 4520 34480 17140 21840 77960 26970 64050 45050 66310 2830 0 7150 12270 50540 62342 11370 48700 21340 20430 30750 19270 55570 54430 24520 101450 24210 75470 114562 89222 25620 9660 45930 74830 16710 58701 31000 7730 53210 13010 28810 44650 14720 107380 13490 14740 35330 82250 75190 21190 52450 
23300 11080 27530 19000 14920 76900 25910 62990 40490 65250 4390 7070 0 11210 45980 58440 10310 47640 20280 13510 23830 17830 54510 54551 20200 100390 18710 74410 110700 85320 26000 8600 40170 70270 9760 56232 24050 11160 48650 7250 27750 40780 18970 106320 6650 9560 31010 81190 74130 14240 47890 
20090 16000 33660 25920 24160 71190 22700 57280 40770 59540 9280 11960 11000 0 46260 58072 7100 41160 11340 22750 33070 14990 48800 62030 20240 94680 29500 68700 110292 84070 33220 3140 49710 70550 16540 54431 28520 17840 48930 18250 20340 40380 25650 100610 16320 11940 31060 75480 68420 21940 48170 
28550 54010 30630 60300 44360 52210 27040 32800 7320 40290 47290 49970 45840 46280 0 16140 41130 35560 37320 43380 46430 34060 29390 92121 26210 58290 54150 48560 66940 42880 63570 43750 51690 24920 38970 20890 27410 55750 9270 43700 35840 10820 62980 80470 41010 39320 16920 52340 49460 38260 2730 
40071 66441 46370 72940 57050 41640 37571 21410 19840 29720 59721 62401 58480 58731 16230 0 52651 33790 48841 56020 62170 46700 21060 104761 38850 43040 66790 37880 55460 27630 76210 56201 67430 27590 51610 13730 43050 68281 11290 56340 45841 19150 75620 69790 53650 51960 29560 39270 38890 50900 14110 
14290 15390 29740 25310 20230 67890 16900 53980 35670 56240 8670 11350 10390 7500 41160 52272 0 38630 10410 18820 29140 9530 45500 61420 16320 91380 25570 65400 104492 79152 32610 5150 45780 65450 12610 48631 24600 17230 43230 15080 18740 34580 25040 97310 12390 8000 25260 72180 65120 18010 43070 
27460 52580 48290 62500 51730 31230 23110 21500 29310 19580 45860 48540 47580 41140 35250 34120 38790 0 30210 50700 60640 35600 13270 97461 32730 57850 59530 28740 76180 48540 68910 42140 72860 59540 44560 20520 42050 54420 33800 49040 23260 25810 62230 60650 46350 43410 26860 35590 28460 45820 36500 
11180 24940 35220 34860 28480 60460 13790 46550 32560 48810 18220 20900 19940 11460 38050 49162 10010 30430 0 27070 37390 12980 38070 70970 16830 83950 33820 57970 101382 73340 42160 12460 54030 62340 20860 45320 28270 26780 40120 23330 9880 31470 34590 89880 20640 16250 22150 64750 57690 26060 39960 
24380 21850 18780 22920 4090 78520 27060 62520 38050 66870 16730 19260 12340 21950 43540 56000 17760 49950 26320 0 13000 17040 56130 54471 18760 98290 13400 76030 108260 82880 25920 19420 30090 62710 7500 54370 16480 19840 46210 8570 32010 38340 26850 107940 6750 10340 28500 82051 75750 5910 45450 
35450 33080 17410 34150 9680 87720 37900 70410 44200 76070 27960 30490 23570 33180 46400 62030 28990 60790 37550 11370 0 28110 65290 62410 29400 104180 18450 85230 111770 88770 34780 30650 19830 62400 18730 61940 21630 31070 53390 19800 43080 45910 38080 118890 17980 21570 36390 89950 84950 15910 48620 
9310 23230 25140 32530 19660 63770 12150 49860 28730 52120 16510 19190 18070 15500 34220 46652 9520 35200 13100 18630 28570 0 41380 64351 8200 87260 26420 61280 98872 73532 35800 12970 45660 58510 12270 43011 18190 25070 36890 15930 16940 28960 32880 93190 13240 9270 19250 68060 61000 15390 36130 
33610 59590 50020 69510 57400 25380 29260 10270 26730 13460 52870 55550 54590 48950 29690 22640 45800 12810 38020 56370 64300 41750 0 103611 38880 47670 65680 22620 66000 37060 75060 49350 74590 49220 50710 10160 43780 61430 23450 55190 31070 22700 69240 54530 52500 49560 28290 28470 22430 51250 29170 
72080 52000 72090 38110 56240 126540 74920 110671 87210 114890 55180 54740 55250 62770 92700 105160 61870 97970 71840 56250 63010 64550 104150 0 66920 147450 44830 124050 157420 132040 29570 60160 68080 116020 56240 102952 69790 47330 95370 48960 79310 87500 42410 160390 52680 56280 77730 130211 123770 59220 94610 
8320 28100 20730 34560 20400 61240 9780 45710 21170 49590 21380 24060 20100 20370 26660 39120 16190 32670 16110 19370 29310 8150 38850 66381 0 81410 28410 58750 91380 66000 37830 17840 44240 50950 13230 37490 13780 29940 29330 17960 16980 21460 37240 90660 15270 13580 11690 65250 58470 14490 28570 
79100 105080 88180 114651 99240 54420 74750 38320 62030 47560 98360 101040 100080 94440 58300 42970 91290 57540 83510 98210 104240 87240 46150 146472 81040 0 108501 45880 20940 15400 117921 94840 109240 58930 93321 45120 85220 106920 53480 98051 76560 61340 114730 70370 95361 93671 70570 38980 54320 93090 56180 
33970 23620 29410 17560 12090 88410 36810 72401 48940 76760 23090 24180 18700 29780 54430 66890 25590 59840 34150 13270 18450 26440 66020 44440 28650 109180 0 85920 119150 93770 16810 27250 29220 74020 17260 64682 27790 19290 57100 12010 41410 49230 22440 117830 14300 18170 39460 91941 85640 17810 56340 
54360 80340 70770 90260 78150 8820 50010 17780 46240 11070 73620 76300 75340 69390 48710 37790 66550 28590 58460 77120 85050 62500 21850 124361 59630 46180 86430 0 64510 37790 95810 70100 95340 64370 71460 27870 64530 82180 41160 75940 51510 42890 89990 31910 73250 70310 49040 16850 10170 72000 46880 
92012 118382 94410 124931 109041 72580 89512 56480 71831 65720 111662 114342 110471 110672 66730 55640 104592 75700 100782 108011 111510 98691 64310 156752 90841 20750 118781 64040 0 29270 128201 108142 115470 60180 103601 63280 92920 120222 63281 108331 94720 71141 127611 88050 105641 103951 81551 57030 72480 102891 64770 
66861 93231 72780 99730 83840 46580 64361 29370 46630 38860 86511 89191 85270 84460 42900 27570 79441 48610 73530 82810 88840 73490 35880 131551 65640 15400 93580 38040 29270 0 103000 82991 93840 43850 78400 34850 69820 95071 38080 83130 66580 45940 102410 65820 80440 78750 56350 31280 46480 77690 40780 
43130 24330 43140 8960 27980 97590 45970 81721 58260 85940 26030 25590 26300 33620 63750 76210 32720 69020 42690 27300 34750 35600 75200 29230 37970 118500 16570 95100 128470 103090 0 31010 42360 87070 27290 74002 40840 18180 66420 20010 50160 58550 15580 129520 23730 27330 48780 101261 94820 30270 65660 
17930 13680 31500 23600 22000 71530 20540 57620 38610 59880 6960 9640 8680 3430 44100 55912 4940 42270 12700 20590 30910 12830 49140 59710 18080 95020 27340 69040 108132 82792 30900 0 47550 68390 14380 52271 26360 15520 46770 15930 21700 38220 23330 100950 14160 9770 28900 75820 68760 19780 46010 
51250 47930 25610 47080 26740 97990 52710 80680 52410 86340 44460 46320 40070 49850 51670 67300 45660 73000 54220 28430 19800 45170 75560 67610 44210 109320 29510 95500 115690 93910 42280 47320 0 61511 35790 72050 31900 45060 60430 34650 59910 56180 51960 130670 34470 38240 46660 100220 95220 32970 53890 
52850 78310 45320 83790 63200 68200 51340 47970 31620 56280 71590 74270 70140 70580 24970 27580 65430 59860 61620 62740 62360 58360 47620 115341 50510 58860 74020 64440 60340 43810 86790 68050 61511 0 62910 40290 46960 80050 30940 68000 60140 35120 87280 97270 65310 63620 41220 65150 65450 58280 25850 
19320 19780 19460 24100 9890 73360 21900 57351 33890 61710 14160 16800 9770 17060 39380 51840 12870 44790 21430 8630 18800 11980 50970 55921 13600 94130 17170 70870 104100 78720 27370 14530 35890 62880 0 49632 15980 19680 42050 7500 26950 34180 26780 102780 4760 5750 24410 76891 70590 7090 41290 
36450 62820 47620 70771 55380 31390 33490 11980 19970 19470 56100 58780 56311 55110 20920 13790 49030 20740 44990 54350 61900 43610 8960 102592 37180 45850 64621 27740 63820 34880 74041 52580 72120 40370 49441 0 41380 64660 13370 54171 38040 16620 72470 59650 51481 49791 26760 31520 28640 49230 19090 
21370 34100 7850 37600 17010 67230 22830 49920 25130 55580 28480 31120 24090 28830 27370 43000 24650 42240 27770 16550 21610 18440 44800 69151 13940 85150 27830 64740 93120 69740 40600 26300 31900 46950 16010 41450 0 34000 33290 21820 30030 25420 41100 96650 19080 19440 15900 69460 64460 11990 29590 
30340 6420 37000 9680 22570 83940 32950 70030 50680 72290 9230 7680 11280 18250 56170 68322 17350 54680 27320 21160 31480 25250 61550 46970 30390 107430 19470 81450 120542 95202 18160 15640 45100 80460 19800 64681 34090 0 58840 12550 34790 50630 9600 113360 16240 19750 41200 88230 81170 24130 58080 
30540 56800 37830 63090 47200 44700 27970 25290 9440 32780 50080 52760 48630 49070 9300 11290 43120 33850 39310 46170 53460 36850 22270 94911 29000 53580 56940 41050 63550 38170 66360 46540 60500 30960 41760 13380 33200 58540 0 46490 36240 9300 65770 72960 43800 42110 19710 44830 41950 41050 7390 
23310 13290 25240 16810 11340 77770 26150 61901 38440 66120 11640 13040 7340 18550 43930 56390 14930 49200 23490 9930 20250 15780 55380 48631 18150 98680 12010 75280 108650 83270 20080 15940 34410 68220 7470 54182 21760 12440 46600 0 30750 38730 19450 107190 3910 7510 28960 81441 75000 11890 45840 
10290 32790 36650 42710 34830 53290 9650 39380 30120 41640 26070 28750 27790 20270 36060 45772 18720 23240 9590 33800 43740 17660 30900 78820 16940 76780 41270 50800 95110 66170 50010 21270 59780 60350 27440 38150 29700 34630 36710 30780 0 28060 42440 82710 28090 23700 20440 57580 50520 30030 37880 
21940 48310 31700 55350 39460 45930 19370 27130 5140 34010 41590 44270 40890 40600 10730 19120 34520 25880 30710 38430 45980 29100 22860 87171 21260 61410 49200 42890 71380 46000 58620 38070 56270 35020 34020 16630 25460 50150 9330 38750 27640 0 57960 74800 36060 34370 11970 46670 43180 33310 11790 
38030 10250 43770 6650 29340 91630 40640 77720 57500 79980 16920 14630 18970 25940 62990 75450 25040 62370 35010 27930 38250 32940 69240 42680 37210 115120 22560 89140 127710 102330 15630 23330 51780 87280 26570 72371 40860 9510 65660 19320 42480 57790 0 122470 23010 26570 48020 95920 88860 30900 64900 
86220 112200 102960 122450 110010 33920 81870 49640 78100 42930 105480 108160 107200 101250 80570 69650 98410 60450 90320 108980 117240 94360 53710 156971 91490 69890 118290 31860 88080 65590 128000 101960 129320 96440 103320 59730 96390 114040 73020 107800 83370 74750 122180 0 105110 102170 80900 40340 37290 103860 78740 
20340 16070 22210 20260 9260 74760 23180 58751 35290 63110 10480 13090 6090 16150 40780 53240 11960 46190 20520 7850 18170 12810 52370 52081 15000 95541 14060 72270 105500 80120 23530 13620 34510 65070 4440 51032 18730 15930 43450 3660 27780 35580 22940 104180 0 4540 25810 78291 71990 8920 42690 
17460 18890 23470 24410 13070 71920 20300 57151 33940 60270 12170 14850 9950 12220 39430 51890 8030 43350 16590 11660 21980 9370 49530 56231 13650 93941 18300 69430 104150 78770 27680 9690 38510 63720 5700 49432 19380 19860 42100 7810 23850 34230 27090 101340 5120 0 24460 76210 69150 10890 41340 
12740 39110 22090 45580 29470 51680 11230 34370 11460 40030 32390 35070 31120 31400 16950 29410 25320 26950 21510 28440 36370 19340 29250 77401 11490 71160 39430 49190 81670 56290 48850 28870 46660 41240 24250 26671 15850 40950 19620 28980 20540 11750 48260 81100 26290 24600 0 53910 48910 23320 18860 
60660 86640 75990 96560 83370 25380 56310 21600 50150 21240 79920 82600 81640 76000 52550 39360 72850 35370 65070 82340 90270 68800 27920 130162 65390 38480 92191 16840 56810 31050 101611 76400 100560 65060 77011 31710 69750 88480 45000 81741 58120 46800 96290 40310 79051 76610 54260 0 26730 77220 50720 
54320 80300 70730 90220 78110 3900 49970 20540 46440 9770 73580 76260 75300 69350 49400 38890 66510 28550 58420 77080 85010 62460 21710 124321 59590 54420 86390 10240 72750 46030 95770 70060 95300 65470 71420 28760 64490 82140 42050 75900 51470 43090 89950 37210 73210 70270 49000 26810 0 71960 47770 
21500 24300 14700 26990 6970 74420 22960 57330 32860 62770 18680 21320 14290 22380 38350 50810 18190 45850 25510 5940 15880 14950 52030 58541 14460 93100 17470 71930 103070 77690 29990 19850 32970 58280 7010 49180 11900 23910 41020 11800 29920 33150 30920 103840 9060 11010 23310 76870 71650 0 40260 
30460 55920 32870 62210 46320 50180 28950 30770 8130 38260 49200 51880 47750 48190 2730 14020 43040 36300 39230 45290 48670 35970 27750 94031 28120 56170 56060 46530 64980 40760 65480 45660 53930 25790 40880 18860 29650 57660 7190 45610 37420 11540 64890 78440 42920 41230 18830 50310 47430 40170 0 

0 Ciudad_0 0 0 32400 0
1 Ciudad_1 605 10942 25542 1210
2 Ciudad_2 829 3848 16097 1658
3 Ciudad_3 789 6483 17720 1578
4 Ciudad_4 566 20429 24636 1132
5 Ciudad_5 600 7008 14457 1200
6 Ciudad_6 312 10964 22319 624
7 Ciudad_7 401 6812 20192 802
8 Ciudad_8 497 23781 30400 994
9 Ciudad_9 217 15803 26754 434
10 Ciudad_10 746 15701 29774 1492
11 Ciudad_11 522 15712 25054 1044
12 Ciudad_12 206 9731 13846 412
13 Ciudad_13 129 26767 31108 258
14 Ciudad_14 566 14174 16215 1132
15 Ciudad_15 131 13987 27481 262
16 Ciudad_16 658 15943 23395 1316
17 Ciudad_17 261 11294 24936 522
18 Ciudad_18 162 3655 9339 324
19 Ciudad_19 175 14426 28032 350
20 Ciudad_20 378 16455 26562 756
21 Ciudad_21 381 22349 28932 762
22 Ciudad_22 453 7993 21982 906
23 Ciudad_23 701 4151 14617 1402
24 Ciudad_24 653 20180 23792 1306
25 Ciudad_25 164 6312 17232 328
26 Ciudad_26 151 1847 11472 302
27 Ciudad_27 689 12445 26799 1378
28 Ciudad_28 777 6432 9451 1554
29 Ciudad_29 170 13644 20699 340
30 Ciudad_30 480 18131 24603 960
31 Ciudad_31 314 10481 15302 628
32 Ciudad_32 598 9650 21821 1196
33 Ciudad_33 601 6826 21451 1202
34 Ciudad_34 283 11524 13924 566
35 Ciudad_35 646 11670 24476 1292
36 Ciudad_36 307 14020 22365 614
37 Ciudad_37 632 12957 27517 1264
38 Ciudad_38 576 8901 20312 1152
39 Ciudad_39 536 2723 4724 1072
40 Ciudad_40 744 17930 27902 1488
41 Ciudad_41 693 23042 27809 1386
42 Ciudad_42 498 4046 9289 996
43 Ciudad_43 687 5501 10899 1374
44 Ciudad_44 559 3790 13667 1118
45 Ciudad_45 695 20838 23691 1390
46 Ciudad_46 704 8269 17800 1408
47 Ciudad_47 107 15970 22773 214
48 Ciudad_48 638 20865 23531 1276
49 Ciudad_49 787 14599 17685 1574
50 Ciudad_50 743 6884 20071 1486

0 -0.0415266 -0.0425279 -0.0162728 0.0749348 0.0670364 -0.0304913 -0.0576489 0.063545 0.0570238 -0.0875568 -0.0699661 0.0449736 -0.00146378 0.0707509 -0.0395093 0.0970475 -0.0594101 -0.0950124 -0.0305324 -0.00343222 0.0184773 0.073539 0.0996046 0.0263946 -0.030812 -0.0417229 0.0867356 -0.0703283 -0.00911708 -0.0241375 0.0397246 -0.052099 -0.0797821 0.0556617 -0.0338223 -0.0117634 -0.0260159 0.0133751 -0.0826705 -0.0253553 0.0988344 0.0783179 -0.016351 -0.0846301 -0.0419742 0.0952608 -0.0744833 -0.0408456 0.0464707 0.0831701 
0.0415266 0 0.0179929 -0.0132927 -0.0970302 0.02876 0.0369186 0.0409564 -0.0134277 -0.00205257 0.0665117 -0.0103242 -0.00259699 0.0711448 -0.0302749 -0.0703476 -0.0623079 -0.0392184 0.0362867 -0.0844061 0.0313553 0.0348227 0.0982713 -0.0125381 0.0302214 0.0218367 0.0444121 0.0683953 0.0461997 0.0781834 -0.0438955 0.0832649 -0.0410988 -0.0261135 -0.0157527 0.024731 0.0523124 -0.00704169 -0.0727742 -0.0612141 0.0819129 -0.0681131 -0.0441418 0.0444045 0.0713434 -0.0631031 -0.0358467 0.088849 0.0764605 0.0480978 -0.0257915 
0.0425279 -0.0179929 0 0.0245782 0.00920025 -0.0115142 0.0170916 0.0545554 0.0346057 0.0868431 -0.0325053 0.0975456 0.0367466 0.085238 0.0423001 0.094656 -0.0867574 0.0881513 -0.0457475 0.0106172 0.0197002 -0.0426917 0.0729299 0.00334038 -0.00206504 0.0062617 0.0436676 -0.00291133 0.0554254 0.0949836 -0.00475363 -0.0415695 -0.0890049 -0.0915793 0.0027957 -0.0167818 -0.0648773 0.00941476 0.0862922 -0.0247013 -0.0837528 0.0555864 -0.0355235 0.084015 0.0103228 -0.0659295 -0.00194869 -0.00438052 0.0237828 -0.0678459 0.0169753 
0.0162728 0.0132927 -0.0245782 0 0.0331922 0.00272899 0.0900062 0.0901591 0.0468055 -0.0545207 -0.0136588 -0.0498387 0.0738855 0.0573382 0.0694767 -0.000978136 0.0193051 0.0334283 -0.0824177 0.0677919 -0.0752105 -0.0572315 0.00217399 0.0536036 -0.0914877 -0.0779503 0.0352072 -0.0228739 0.0934452 0.0230077 -0.0886083 -0.0867584 -0.0819575 0.0611674 -0.0165843 0.0355477 0.0252589 -0.0600877 -0.0158102 0.0180707 0.0483632 -0.0908817 0.0563901 -0.0688485 0.0198259 0.0185387 0.0938607 0.037135 -0.0775978 -0.0563357 0.06665 
-0.0749348 0.0970302 -0.00920025 -0.0331922 0 -0.0256594 0.0991326 -0.0257993 0.0877295 -0.0776748 0.0943943 0.0602377 -0.0336918 -0.0715909 0.00013959 0.00266382 0.0600934 -0.0471175 -0.0822255 0.00400418 0.0297031 0.0751944 0.0379414 -0.00279667 0.039268 0.0131252 0.082201 -0.0109062 0.0507819 0.0228948 0.0806607 -0.0166571 -0.0684206 0.0339183 0.0518814 0.0966462 0.0539172 0.0617322 0.0986456 0.0132223 0.0604497 0.0932944 -0.0699663 -0.0602313 -0.0876652 0.045861 -0.0419656 0.0696438 -0.0303089 -0.051403 0.0488416 
-0.0670364 -0.02876 0.0115142 -0.00272899 0.0256594 0 -0.0376812 -0.031077 0.0684497 0.0256921 0.0253178 -0.0237357 0.0543358 -0.0879419 -0.0754186 0.0911958 -0.0664898 -0.0554583 -0.0267774 0.0240989 0.0977669 -0.081353 0.00315456 0.0404347 -0.0867708 -0.0801783 0.000356792 -0.0723439 -0.0384738 -0.0529042 -0.0418697 -0.0179578 -0.055636 0.0731253 0.0230797 -0.0159774 -0.00658303 0.0709693 -0.0642081 -0.00364362 0.0494804 0.0278498 -0.0285693 -0.0618614 -0.0530622 0.0684603 0.0883303 0.0120616 0.0432438 -0.0898622 0.071747 
0.0304913 -0.0369186 -0.0170916 -0.0900062 -0.0991326 0.0376812 0 -0.0108867 0.0533121 -0.0138397 -0.0546042 -0.0761732 0.0701634 0.0417267 -0.0481868 0.0270601 -0.00431712 0.0367172 0.0254751 -0.00636114 0.0555628 0.0422336 0.0319629 -0.0589045 0.0826206 -0.0830582 0.0560337 -0.0898236 -0.0278582 -0.0126927 0.0381165 -0.0382581 0.0946801 -0.0270663 -0.0619828 0.0588938 0.000142147 -0.00639232 0.0795831 -0.00608007 -0.00121116 0.0627891 0.0649962 0.0357378 -0.0790993 0.0272603 0.0379447 -0.0994605 0.0115505 -0.0364567 0.0412255 
0.0576489 -0.0409564 -0.0545554 -0.0901591 0.0257993 0.031077 0.0108867 0 0.0461615 0.0888234 0.0394871 0.061815 0.052311 0.0580628 0.0907326 0.0330303 0.066708 -0.0590667 0.0631057 -0.0284946 -0.0489816 0.0382285 -0.0625743 -0.0582517 -0.0394548 -0.0714378 -0.00745385 -0.0754518 0.0877833 0.0415391 0.0214511 0.0244865 0.0859989 0.0320953 0.0902716 -0.00636188 -0.0322637 0.0763703 0.0259092 -0.0323175 -0.0386426 -0.0735125 -0.00354428 0.0481524 0.0253236 -0.0787794 -0.0260844 0.0867943 -0.021188 -0.0360342 0.0653084 
-0.063545 0.0134277 -0.0346057 -0.0468055 -0.0877295 -0.0684497 -0.0533121 -0.0461615 0 -0.0309417 -0.070704 0.056101 0.0155249 -0.00402916 -0.0646666 0.063445 0.0632226 -0.039059 -0.0263096 0.0301542 0.093308 -0.0795985 -0.0348305 -0.060233 0.078205 0.0034709 0.00389089 -0.0642958 -0.075952 -0.078232 0.039089 0.00884905 -0.0982607 0.0675876 0.0508064 -0.0958739 -0.0599818 0.000630829 0.0795887 0.036243 0.0913633 0.0610312 -0.0430907 0.0881763 -0.0991592 -0.025794 -0.0689748 -0.0872581 -0.0737525 -0.0909179 -0.0878506 
-0.0570238 0.00205257 -0.0868431 0.0545207 0.0776748 -0.0256921 0.0138397 -0.0888234 0.0309417 0 -0.0440669 -0.0590672 0.0329538 0.0346935 -0.0812401 0.0444495 -0.0353975 -0.0778217 0.0115186 0.0887133 -0.0328128 0.0338858 0.0157579 0.0697067 -0.0266477 0.0069529 0.00286324 0.0270396 -0.0913152 -0.0962669 0.0263855 -0.0889841 -0.0425015 0.0805453 0.0177011 0.0696852 -0.006018 -0.0942649 0.0255412 0.0127986 -0.0491543 0.0846341 -0.0261534 0.00695902 -7.47199e-05 0.0386098 0.00627895 0.0467628 0.0903464 0.0871732 0.0399587 
0.0875568 -0.0665117 0.0325053 0.0136588 -0.0943943 -0.0253178 0.0546042 -0.0394871 0.070704 0.0440669 0 -0.0209715 -0.0145743 0.0867522 0.095073 -0.0813174 0.0240553 0.0931307 0.0974818 0.0944178 -0.00108244 -0.0532442 0.0208657 -0.0917072 0.000997294 -0.0515257 -0.0625609 0.0859232 -0.0980574 0.0999572 -0.0639772 -0.0663316 -0.0306485 -0.031717 -0.0633295 0.0729311 -0.036886 -0.0789122 -0.099768 0.052665 -0.0297368 0.0384628 -0.0393155 0.0953304 -0.0893452 0.000614712 0.0608171 0.00192984 0.0214653 0.0940574 0.0290065 
0.0699661 0.0103242 -0.0975456 0.0498387 -0.0602377 0.0237357 0.0761732 -0.061815 -0.056101 0.0590672 0.0209715 0 -0.0353027 -0.0102235 -0.0661161 -0.0548279 -0.0154662 -0.00257476 0.0262808 -0.0191374 -0.0616284 0.00410852 -0.0363 -0.0474346 -0.0987166 -0.085802 -0.0710044 0.00956108 -0.0445966 0.0262122 0.0942409 0.0596038 0.0909588 -0.0617906 0.0569208 -0.0415 0.0171209 0.0954262 -0.0698831 0.0255244 -0.0703504 -0.0252435 0.00242168 0.0898069 0.0345539 -0.0217748 0.0293994 0.0971419 -0.0364474 -0.00971389 -0.0452945 
-0.0449736 0.00259699 -0.0367466 -0.0738855 0.0336918 -0.0543358 -0.0701634 -0.052311 -0.0155249 -0.0329538 0.0145743 0.0353027 0 0.00857079 0.0103878 0.0320852 -0.0561827 -0.0632544 -0.00196225 0.00225991 0.0186077 -0.047295 -0.05453 0.086193 0.0534216 0.0238156 -0.0171357 -0.00987183 0.0901253 -0.0971433 -0.0334243 -0.0994521 0.0247342 0.00437309 -0.0355764 0.050455 0.0271516 -0.0305527 0.0897619 -0.0455376 0.0796057 0.0655186 0.00976107 0.0604207 -0.0372631 0.0985139 0.0139742 -0.00585412 0.0561367 0.0402547 -0.0381259 
0.00146378 -0.0711448 -0.085238 -0.0573382 0.0715909 0.0879419 -0.0417267 -0.0580628 0.00402916 -0.0346935 -0.0867522 0.0102235 -0.00857079 0 -0.0468196 -0.0977072 -0.0622351 -0.0619386 0.0452657 0.0124984 -0.0659197 -0.082793 -0.0469696 -0.0497599 0.0461567 -0.0508655 0.0560001 -0.0904016 -0.028477 -0.099422 -0.0797218 -0.030097 0.0841537 -0.0590925 -0.0996333 -0.038996 0.0709023 0.00920419 -0.0505258 -0.0847925 0.0575612 -0.0432169 0.0618398 0.0814929 0.0782863 0.0225565 0.0907461 -0.0310275 0.00741051 0.00124708 0.0660098 
-0.0707509 0.0302749 -0.0423001 -0.0694767 -0.00013959 0.0754186 0.0481868 -0.0907326 0.0646666 0.0812401 -0.095073 0.0661161 -0.0103878 0.0468196 0 -0.0577836 0.0406201 0.0763676 0.0669487 -0.0381663 0.00705811 -0.0752324 -0.0812738 0.0953339 -0.0952557 0.0943806 0.0449842 -0.059341 -0.0339115 0.0735053 -0.0237257 -0.0139359 -0.0318593 0.031983 0.0988493 0.0323071 0.0455213 -0.0611033 0.0884932 0.0529478 -0.0326814 0.0871177 -0.0892221 0.0598377 -0.0773494 0.0166263 -0.0738574 -0.0732791 -0.0201651 0.00123721 0.0819424 
0.0395093 0.0703476 -0.094656 0.000978136 -0.00266382 -0.0911958 -0.0270601 -0.0330303 -0.063445 -0.0444495 0.0813174 0.0548279 -0.0320852 0.0977072 0.0577836 0 0.0540482 -0.0455643 0.0278844 -0.0568681 -0.00378884 -0.0492241 0.0997785 -0.0144325 0.0855902 0.0224647 0.00223609 0.00544302 0.0320158 -0.0109264 0.0414525 -0.0114915 -0.0128234 -0.0200916 -0.0834975 -0.0891879 -0.00410096 -0.0984335 0.0463876 0.0519827 0.0820092 -0.0188331 -0.0488912 0.0542838 0.0760606 0.0403446 0.0286788 0.0303677 -0.0525594 -0.0790025 -0.0925326 
-0.0970475 0.0623079 0.0867574 -0.0193051 -0.0600934 0.0664898 0.00431712 -0.066708 -0.0632226 0.0353975 -0.0240553 0.0154662 0.0561827 0.0622351 -0.0406201 -0.0540482 0 0.0629513 -0.0665041 0.0665901 0.0764462 0.0717117 0.0184721 0.0446529 0.0860149 -0.0326505 0.0385881 0.0897812 0.0232479 -0.0753875 -0.0901007 0.063749 0.00879337 -0.0347061 0.0512827 0.0011855 0.0641818 -0.0194616 0.0188051 0.0166751 0.0893123 -0.0914277 -0.0688515 -0.0837584 -0.0467612 -0.0114428 0.0283179 0.057239 -0.0194989 -0.0559011 -0.0515565 
0.0594101 0.0392184 -0.0881513 -0.0334283 0.0471175 0.0554583 -0.0367172 0.0590667 0.039059 0.0778217 -0.0931307 0.00257476 0.0632544 0.0619386 -0.0763676 0.0455643 -0.0629513 0 -0.0601112 -0.0862488 -0.013744 0.0637197 -0.0946063 0.0637225 -0.00432764 -0.0130354 0.097596 0.0301155 -0.0818387 3.28e-05 0.0459781 0.0310304 -0.0898074 0.0964493 -0.0502313 0.0926646 0.0803335 0.0854776 -0.0440515 -0.0112016 0.0355298 0.0364241 0.0304799 -0.0311871 0.006105 -0.00292527 -0.0916473 -0.0374317 -0.0888851 -0.0171962 -0.00717748 
0.0950124 -0.0362867 0.0457475 0.0824177 0.0822255 0.0267774 -0.0254751 -0.0631057 0.0263096 -0.0115186 -0.0974818 -0.0262808 0.00196225 -0.0452657 -0.0669487 -0.0278844 0.0665041 0.0601112 0 -0.040106 -0.0175577 -0.00478363 -0.0461273 -0.0500411 -0.0426448 -0.0105788 -0.0411645 0.056459 -0.0220699 0.045137 0.0947843 -0.0597923 0.0158452 0.0334751 -0.0669997 -0.0164208 0.0070647 -0.0837508 0.0124306 0.0910211 -0.0190128 -0.0938745 0.00429067 -0.0257323 0.0030082 -0.00347334 0.0367236 0.00500942 0.0839593 0.0379978 -0.026844 
0.0305324 0.0844061 -0.0106172 -0.0677919 -0.00400418 -0.0240989 0.00636114 0.0284946 -0.0301542 -0.0887133 -0.0944178 0.0191374 -0.00225991 -0.0124984 0.0381663 0.0568681 -0.0665901 0.0862488 0.040106 0 -0.00843615 -0.0670584 -0.00679996 0.0625887 0.0416395 0.0409502 0.0249242 -0.0286603 0.0525471 -0.0242941 0.0253633 0.0244799 0.0733296 0.0733502 -0.0511548 0.0766459 0.0721941 0.0865509 0.0655327 -0.0424821 -0.0312175 0.029584 -0.0313291 0.02234 0.0617673 0.0620163 0.0494782 -0.0893386 -0.0545962 -0.0252189 -0.0729965 
0.00343222 -0.0313553 -0.0197002 0.0752105 -0.0297031 -0.0977669 -0.0555628 0.0489816 -0.093308 0.0328128 0.00108244 0.0616284 -0.0186077 0.0659197 -0.00705811 0.00378884 -0.0764462 0.013744 0.0175577 0.00843615 0 -0.0947516 0.0467405 -0.026864 0.0914278 -0.0339308 -0.095836 0.0576128 0.0861247 -0.00933256 0.0354686 0.0342016 -0.0251953 0.0636134 -0.057011 -0.0913961 0.0377958 0.0488415 -0.0479752 0.0502839 0.0405874 -0.094881 -0.083289 0.0415285 -0.0908103 -0.093381 -0.0590702 0.0484629 0.098649 0.0584445 -0.0811715 
-0.0184773 -0.0348227 0.0426917 0.0572315 -0.0751944 0.081353 -0.0422336 -0.0382285 0.0795985 -0.0338858 0.0532442 -0.00410852 0.047295 0.082793 0.0752324 0.0492241 -0.0717117 -0.0637197 0.00478363 0.0670584 0.0947516 0 0.075844 0.00574512 0.00999387 0.0354017 0.010922 0.0032325 -0.0467861 0.0917699 -0.070979 -0.0325632 0.00523293 0.0250141 0.0151932 -0.0194856 0.0992637 -0.0467764 0.0203926 -0.0426952 0.0482984 -0.0954057 -0.0463705 -0.0246433 0.0965591 0.0994604 0.0603391 -0.0369734 0.0846997 0.0947756 0.0975391 
-0.073539 -0.0982713 -0.0729299 -0.00217399 -0.0379414 -0.00315456 -0.0319629 0.0625743 0.0348305 -0.0157579 -0.0208657 0.0363 0.05453 0.0469696 0.0812738 -0.0997785 -0.0184721 0.0946063 0.0461273 0.00679996 -0.0467405 -0.075844 0 -0.059708 -0.0463277 -0.030172 0.00252265 0.00903065 0.0791334 -0.00820363 0.0178304 -0.0133032 0.0284621 -0.0883314 -0.0549836 0.000840815 0.023278 0.0543806 -0.071115 0.0845428 0.0149398 0.0520959 -0.00703214 -0.0453236 0.0337991 -0.09045 -0.0740178 0.0329296 0.0752581 -0.0524992 -0.000776828 
-0.0996046 0.0125381 -0.00334038 -0.0536036 0.00279667 -0.0404347 0.0589045 0.0582517 0.060233 -0.0697067 0.0917072 0.0474346 -0.086193 0.0497599 -0.0953339 0.0144325 -0.0446529 -0.0637225 0.0500411 -0.0625887 0.026864 -0.00574512 0.059708 0 0.0759622 -0.0779122 -0.0626858 0.0617184 0.0252484 -0.015196 -0.000810142 -0.00196801 0.090168 -0.041287 -0.089125 0.00406018 0.0744614 0.0977507 -0.0435764 0.0535555 -0.0509532 0.0590264 -0.00278766 0.060199 0.0653168 -0.016808 -0.0158448 0.00818051 -0.0228987 -0.0844724 0.00758544 
-0.0263946 -0.0302214 0.00206504 0.0914877 -0.039268 0.0867708 -0.0826206 0.0394548 -0.078205 0.0266477 -0.000997294 0.0987166 -0.0534216 -0.0461567 0.0952557 -0.0855902 -0.0860149 0.00432764 0.0426448 -0.0416395 -0.0914278 -0.00999387 0.0463277 -0.0759622 0 -0.0614283 0.0845068 0.0623938 -0.00623992 0.069316 -0.045251 0.0806846 0.040606 -0.0353543 -0.099631 0.0239083 -0.0240037 -0.000939866 -0.0471793 0.0851781 0.0663029 0.0558058 0.045413 0.0728657 0.0140284 0.0820627 -0.0716736 -0.00237938 0.0811322 -0.0635163 0.0311171 
0.030812 -0.0218367 -0.0062617 0.0779503 -0.0131252 0.0801783 0.0830582 0.0714378 -0.0034709 -0.0069529 0.0515257 0.085802 -0.0238156 0.0508655 -0.0943806 -0.0224647 0.0326505 0.0130354 0.0105788 -0.0409502 0.0339308 -0.0354017 0.030172 0.0779122 0.0614283 0 -0.053553 0.0613086 -0.0189855 -0.0433311 -0.0829767 0.0965025 -0.0864048 -0.0381913 9.95088e-05 -0.00730098 0.0610625 -0.0531648 0.0392045 -0.0838625 0.00257886 -0.0202609 0.0351795 0.0990163 0.0908716 0.0518147 -0.0615728 -0.0571842 -0.0533819 0.000514399 -0.0522255 
0.0417229 -0.0444121 -0.0436676 -0.0352072 -0.082201 -0.000356792 -0.0560337 0.00745385 -0.00389089 -0.00286324 0.0625609 0.0710044 0.0171357 -0.0560001 -0.0449842 -0.00223609 -0.0385881 -0.097596 0.0411645 -0.0249242 0.095836 -0.010922 -0.00252265 0.0626858 -0.0845068 0.053553 0 -0.081937 0.0980012 -0.0553858 0.0413626 -0.0512737 0.00921423 -0.048888 0.0932009 0.0656678 -0.0617189 0.0195494 0.0773593 0.0854898 -0.0318644 -0.0485996 -0.0596264 -0.0173158 -0.0712255 -0.0796679 -0.0794077 0.00296488 -0.0280759 -0.00745056 0.0189117 
-0.0867356 -0.0683953 0.00291133 0.0228739 0.0109062 0.0723439 0.0898236 0.0754518 0.0642958 -0.0270396 -0.0859232 -0.00956108 0.00987183 0.0904016 0.059341 -0.00544302 -0.0897812 -0.0301155 -0.056459 0.0286603 -0.0576128 -0.0032325 -0.00903065 -0.0617184 -0.0623938 -0.0613086 0.081937 0 -0.0188235 0.0638954 -0.0911895 0.0123607 0.0841363 0.0595555 0.0896771 -0.0323952 0.0130399 0.0212883 -0.0570944 0.0944785 0.0342363 0.0299462 -0.0152924 0.0508183 -0.0193314 0.0365988 -0.0573063 -0.063382 -0.0103789 -0.0430478 0.0142449 
0.0703283 -0.0461997 -0.0554254 -0.0934452 -0.0507819 0.0384738 0.0278582 -0.0877833 0.075952 0.0913152 0.0980574 0.0445966 -0.0901253 0.028477 0.0339115 -0.0320158 -0.0232479 0.0818387 0.0220699 -0.0525471 -0.0861247 0.0467861 -0.0791334 -0.0252484 0.00623992 0.0189855 -0.0980012 0.0188235 0 -0.0567162 0.0998463 -0.040116 0.0491441 0.0530561 0.02004 0.0994827 -0.00543627 0.0953602 -0.0869409 0.0740296 -0.0808577 0.0451527 0.0696136 0.0764553 -0.0179646 0.0960161 0.0168513 0.0396211 0.0544745 0.0220583 -0.00916494 
0.00911708 -0.0781834 -0.0949836 -0.0230077 -0.0228948 0.0529042 0.0126927 -0.0415391 0.078232 0.0962669 -0.0999572 -0.0262122 0.0971433 0.099422 -0.0735053 0.0109264 0.0753875 -3.28e-05 -0.045137 0.0242941 0.00933256 -0.0917699 0.00820363 0.015196 -0.069316 0.0433311 0.0553858 -0.0638954 0.0567162 0 0.0384128 0.0216441 0.0143592 0.0739525 0.0514658 0.0569967 -0.0196202 -0.0591 -0.0859219 -0.0982802 -0.096564 0.0168464 -0.0183265 -0.0734627 0.0991853 -0.0168092 0.0434012 -0.0379206 -0.019399 0.0526432 0.0471856 
0.0241375 0.0438955 0.00475363 0.0886083 -0.0806607 0.0418697 -0.0381165 -0.0214511 -0.039089 -0.0263855 0.0639772 -0.0942409 0.0334243 0.0797218 0.0237257 -0.0414525 0.0901007 -0.0459781 -0.0947843 -0.0253633 -0.0354686 0.070979 -0.0178304 0.000810142 0.045251 0.0829767 -0.0413626 0.0911895 -0.0998463 -0.0384128 0 0.0388957 -0.0693333 -0.031376 -0.0681869 0.0235354 -0.072418 -0.0048472 -0.0179322 -0.0630411 0.0156691 0.039055 0.0621823 -0.0842509 0.0092011 -0.00364935 -0.0826642 0.0377054 0.0364777 0.0862041 0.0201494 
-0.0397246 -0.0832649 0.0415695 0.0867584 0.0166571 0.0179578 0.0382581 -0.0244865 -0.00884905 0.0889841 0.0663316 -0.0596038 0.0994521 0.030097 0.0139359 0.0114915 -0.063749 -0.0310304 0.0597923 -0.0244799 -0.0342016 0.0325632 0.0133032 0.00196801 -0.0806846 -0.0965025 0.0512737 -0.0123607 0.040116 -0.0216441 -0.0388957 0 -0.0641335 -0.0895407 -0.0167607 0.0582809 -0.0780715 -0.0544737 -0.0512718 0.0354642 0.0526632 -0.0261698 -0.0215483 0.0471355 0.0130976 -0.0128093 0.0512324 0.00850919 -0.0326469 0.0471166 -0.095422 
0.052099 0.0410988 0.0890049 0.0819575 0.0684206 0.055636 -0.0946801 -0.0859989 0.0982607 0.0425015 0.0306485 -0.0909588 -0.0247342 -0.0841537 0.0318593 0.0128234 -0.00879337 0.0898074 -0.0158452 -0.0733296 0.0251953 -0.00523293 -0.0284621 -0.090168 -0.040606 0.0864048 -0.00921423 -0.0841363 -0.0491441 -0.0143592 0.0693333 0.0641335 0 0.0502264 0.0760961 -0.0759368 0.0082928 -0.0824186 -0.0271156 0.0873744 0.0607732 0.0398664 -0.0813622 0.0391766 0.00327829 -0.0766911 0.0784398 0.000105796 -0.0838151 -0.0842667 0.0685782 
0.0797821 0.0261135 0.0915793 -0.0611674 -0.0339183 -0.0731253 0.0270663 -0.0320953 -0.0675876 -0.0805453 0.031717 0.0617906 -0.00437309 0.0590925 -0.031983 0.0200916 0.0347061 -0.0964493 -0.0334751 -0.0733502 -0.0636134 -0.0250141 0.0883314 0.041287 0.0353543 0.0381913 0.048888 -0.0595555 -0.0530561 -0.0739525 0.031376 0.0895407 -0.0502264 0 -0.0102392 -0.0358995 0.0137754 0.0874864 0.0203911 -0.0125391 -0.0566794 0.0645349 0.0676232 0.0991057 0.00851518 -0.0680468 0.0433574 -0.0725425 -0.0669279 0.0896553 -0.0669626 
-0.0556617 0.0157527 -0.0027957 0.0165843 -0.0518814 -0.0230797 0.0619828 -0.0902716 -0.0508064 -0.0177011 0.0633295 -0.0569208 0.0355764 0.0996333 -0.0988493 0.0834975 -0.0512827 0.0502313 0.0669997 0.0511548 0.057011 -0.0151932 0.0549836 0.089125 0.099631 -9.95088e-05 -0.0932009 -0.0896771 -0.02004 -0.0514658 0.0681869 0.0167607 -0.0760961 0.0102392 0 -0.0770394 0.0148092 0.0937706 -0.0108601 0.0124659 0.0370852 -0.0170604 0.0944791 0.0166254 0.0184343 -0.0198634 -0.0929395 -0.0384229 0.0233345 0.0325361 0.0931474 
0.0338223 -0.024731 0.0167818 -0.0355477 -0.0966462 0.0159774 -0.0588938 0.00636188 0.0958739 -0.0696852 -0.0729311 0.0415 -0.050455 0.038996 -0.0323071 0.0891879 -0.0011855 -0.0926646 0.0164208 -0.0766459 0.0913961 0.0194856 -0.000840815 -0.00406018 -0.0239083 0.00730098 -0.0656678 0.0323952 -0.0994827 -0.0569967 -0.0235354 -0.0582809 0.0759368 0.0358995 0.0770394 0 -0.0595826 0.046877 0.00953563 -0.0431243 -0.072623 0.000409168 0.0350021 0.0203578 0.0822686 0.0647125 0.0333455 -0.0228096 -0.0910935 0.0761259 0.0881793 
0.0117634 -0.0523124 0.0648773 -0.0252589 -0.0539172 0.00658303 -0.000142147 0.0322637 0.0599818 0.006018 0.036886 -0.0171209 -0.0271516 -0.0709023 -0.0455213 0.00410096 -0.0641818 -0.0803335 -0.0070647 -0.0721941 -0.0377958 -0.0992637 -0.023278 -0.0744614 0.0240037 -0.0610625 0.0617189 -0.0130399 0.00543627 0.0196202 0.072418 0.0780715 -0.0082928 -0.0137754 -0.0148092 0.0595826 0 -0.0179824 0.0514728 -0.0801543 0.030686 -0.00337236 -0.00643686 -0.0961336 -0.033451 -0.0617153 -0.0944792 0.0108243 -0.0996617 0.0594342 0.0112833 
0.0260159 0.00704169 -0.00941476 0.0600877 -0.0617322 -0.0709693 0.00639232 -0.0763703 -0.000630829 0.0942649 0.0789122 -0.0954262 0.0305527 -0.00920419 0.0611033 0.0984335 0.0194616 -0.0854776 0.0837508 -0.0865509 -0.0488415 0.0467764 -0.0543806 -0.0977507 0.000939866 0.0531648 -0.0195494 -0.0212883 -0.0953602 0.0591 0.0048472 0.0544737 0.0824186 -0.0874864 -0.0937706 -0.046877 0.0179824 0 0.0509378 0.0428949 -0.0746897 0.00477936 0.0649543 -0.043452 0.0697779 0.0277089 -0.094268 -0.0761029 -0.00228687 0.0594837 0.0494161 
-0.0133751 0.0727742 -0.0862922 0.0158102 -0.0986456 0.0642081 -0.0795831 -0.0259092 -0.0795887 -0.0255412 0.099768 0.0698831 -0.0897619 0.0505258 -0.0884932 -0.0463876 -0.0188051 0.0440515 -0.0124306 -0.0655327 0.0479752 -0.0203926 0.071115 0.0435764 0.0471793 -0.0392045 -0.0773593 0.0570944 0.0869409 0.0859219 0.0179322 0.0512718 0.0271156 -0.0203911 0.0108601 -0.00953563 -0.0514728 -0.0509378 0 0.0575663 0.0705244 0.0543422 -0.090057 0.04298 0.0505714 -0.0564295 0.0243824 0.0869961 -0.0497201 -0.00996323 0.069703 
0.0826705 0.0612141 0.0247013 -0.0180707 -0.0132223 0.00364362 0.00608007 0.0323175 -0.036243 -0.0127986 -0.052665 -0.0255244 0.0455376 0.0847925 -0.0529478 -0.0519827 -0.0166751 0.0112016 -0.0910211 0.0424821 -0.0502839 0.0426952 -0.0845428 -0.0535555 -0.0851781 0.0838625 -0.0854898 -0.0944785 -0.0740296 0.0982802 0.0630411 -0.0354642 -0.0873744 0.0125391 -0.0124659 0.0431243 0.0801543 -0.0428949 -0.0575663 0 0.00718193 -0.0772828 0.0662673 -0.0998368 0.0907145 -0.0195136 -0.0943561 0.00502453 -0.0405521 -0.0527416 -0.090574 
0.0253553 -0.0819129 0.0837528 -0.0483632 -0.0604497 -0.0494804 0.00121116 0.0386426 -0.0913633 0.0491543 0.0297368 0.0703504 -0.0796057 -0.0575612 0.0326814 -0.0820092 -0.0893123 -0.0355298 0.0190128 0.0312175 -0.0405874 -0.0482984 -0.0149398 0.0509532 -0.0663029 -0.00257886 0.0318644 -0.0342363 0.0808577 0.096564 -0.0156691 -0.0526632 -0.0607732 0.0566794 -0.0370852 0.072623 -0.030686 0.0746897 -0.0705244 -0.00718193 0 -0.0822291 0.0622725 -0.00888634 -0.0188106 0.092299 0.0975664 -0.0619104 0.00231508 -0.026355 -0.0858081 
-0.0988344 0.0681131 -0.0555864 0.0908817 -0.0932944 -0.0278498 -0.0627891 0.0735125 -0.0610312 -0.0846341 -0.0384628 0.0252435 -0.0655186 0.0432169 -0.0871177 0.0188331 0.0914277 -0.0364241 0.0938745 -0.029584 0.094881 0.0954057 -0.0520959 -0.0590264 -0.0558058 0.0202609 0.0485996 -0.0299462 -0.0451527 -0.0168464 -0.039055 0.0261698 -0.0398664 -0.0645349 0.0170604 -0.000409168 0.00337236 -0.00477936 -0.0543422 0.0772828 0.0822291 0 -0.0309858 -0.0316183 0.0518446 0.0396416 0.0734372 -0.0311911 -0.0557063 -0.0234569 -0.0580923 
