50

16000 4500

30 55 80

5

0 74582 29720 70802 49880 41080 27320 31971 69690 96853 81690 25380 95440 80360 81330 54371 94770 94091 13210 60110 68841 83832 68010 69800 33630 62131 96460 59220 95120 65350 16110 98340 56650 96520 65420 18020 92650 98470 90693 99470 38340 82950 16460 92850 73820 91910 35610 91660 90700 77480 96690 
74331 0 88672 5050 121782 36210 50801 105862 25080 28870 14910 99271 62620 17970 90080 128523 55850 84740 87101 27840 74990 12990 55000 78670 52290 66750 72680 41280 72430 83130 66711 55750 22190 38231 74170 62991 98050 58800 22710 108220 79920 33270 64381 38550 64030 31451 49460 53450 65970 60460 33300 
29650 87933 0 84153 35540 54431 40671 35970 73520 110204 95743 32350 88780 84800 105070 52100 116452 117831 22840 68680 92581 97183 91750 52910 57330 85871 120311 60170 118860 46540 42870 120022 69880 117862 89160 43160 116390 92890 104044 123731 19840 83660 42800 92220 65460 112194 54731 113342 83240 101220 114634 
70121 4420 84462 0 117572 32000 46591 101652 22450 30391 15840 95061 60240 15590 85870 124313 56780 83280 82891 23640 73381 15800 53550 76040 48080 65130 71230 38650 70980 80500 62501 56680 17980 39161 69960 58781 96430 56420 24231 104010 75800 30890 60171 36330 61400 32381 45250 54380 63590 59010 34821 
48950 121234 35401 117454 0 87732 73972 34800 108700 143505 129044 35380 118860 119980 129110 31900 146821 141871 37580 103071 116621 130484 118921 78640 81410 109911 148461 94100 147161 72270 63890 150391 103302 148571 113200 65800 140430 124350 137345 147730 49750 117080 64240 126060 95380 143911 83390 143711 110560 129231 147935 
40280 35950 54621 32170 87731 0 16750 71811 34110 59343 43460 65220 71750 41520 63270 94211 67070 76031 53050 21700 50781 46322 45460 64880 21870 44071 71950 33570 71700 63630 31960 70640 16770 63650 47360 28240 74590 72280 53183 81410 51610 51980 30200 61270 57110 58650 14030 63960 70850 55690 63240 
26010 50212 40351 46432 73461 16710 0 57541 47940 72483 58022 50950 78030 56680 67750 79941 78440 80511 38780 36860 55261 59462 54430 62380 21900 48551 82590 40240 81540 59410 17550 82010 32590 78350 51840 13830 79070 79420 66323 85890 39370 61620 15790 71520 62220 73350 16890 75330 75960 63900 76913 
32421 105334 35970 101554 35340 71832 58072 0 100091 127605 113144 8700 119461 111171 112581 23920 128271 125342 20021 90862 100092 114584 99261 88630 64881 93382 129911 89271 127791 82260 47361 131841 87402 130021 96671 49271 123901 123571 121445 131201 54050 113051 47711 121611 96141 125361 66861 125161 113921 108731 130141 
69780 25090 73710 22490 109210 34210 48350 100751 0 52001 37450 94160 44530 12550 90510 123970 75160 96450 81990 12670 78021 36550 64820 56210 52720 71311 86400 19790 86150 60670 63370 76840 24430 60771 74600 60540 101830 44410 45841 108650 59590 19050 60650 28340 41570 53991 47460 72050 47880 74180 56431 
87330 28530 106522 30110 139632 53830 68560 119921 50500 0 16790 113330 88850 44200 91640 145532 43700 78130 100100 47150 70810 19420 48400 104090 56180 62570 66050 66700 65830 107280 74140 43450 37620 26240 74240 70420 93870 85030 19160 105460 99490 59500 72380 64940 89450 21240 58720 41300 92200 53860 24520 
81521 15550 95862 17130 128972 43690 57991 113052 38300 19330 0 106461 75870 31220 86790 135713 44920 75510 94291 36490 68190 8000 45780 91890 50650 59950 63460 54500 63210 96350 68550 44820 27320 26840 70880 64830 91250 72050 14000 102840 88960 46520 66790 51970 77250 20060 51070 42520 79220 51240 23280 
25670 98583 32290 94803 35720 65081 51321 8720 93340 120854 106190 0 112710 104361 105830 31510 119320 118591 13270 84111 93341 107833 92510 82620 58130 86631 120960 82520 119620 78040 40610 122890 80651 121070 89920 42520 117150 116820 114694 124450 47660 106250 40960 114860 89390 116410 60110 116210 107170 101980 121190 
95060 61960 89020 59600 118760 71450 78460 119601 43780 88891 74340 113010 0 46030 130040 138760 115280 138840 101900 53560 117551 73420 107210 40780 90380 110841 128140 38020 127890 46040 92350 115180 66820 97661 114130 89990 141360 6830 82731 148180 70680 28920 89630 27980 27520 90881 82780 112880 8600 115920 93321 
80150 17950 84590 15590 120090 41420 57200 111121 12490 44881 30330 104530 46730 0 97460 134340 71270 97770 92360 21120 84971 29410 68040 64010 59670 78261 85720 28740 85470 68470 72220 71170 29570 53651 81550 68880 108780 42910 38721 115600 70470 17380 69500 22820 49370 46871 54670 68870 50080 73500 49311 
79580 89670 103631 86142 129020 62770 66120 111111 90540 100380 86440 104520 129950 97410 0 133511 87060 62220 92350 78130 27630 91880 49870 123430 48430 32740 73670 94020 71770 121490 66230 92360 68780 95000 19430 62670 34840 130480 95140 41660 103750 108410 64630 117540 116510 93380 52210 83950 130250 57991 98370 
54641 127554 52150 123774 32270 94052 80292 24610 122872 149825 135364 31550 139830 133562 134801 0 152472 147582 42241 113082 122312 136804 124572 104810 87101 115602 154112 111550 152812 98440 69581 156042 109622 154222 118891 71491 146121 146200 143665 153421 70230 135780 69931 144340 114540 149562 89081 149362 134290 134882 154255 
93950 56420 117212 58000 148391 67570 79240 127311 75200 47170 45080 120720 116740 72090 88080 152922 0 55460 107490 70420 66230 47710 39420 127761 62800 57990 35000 90250 38200 127290 80760 7070 57960 32470 70610 77040 86021 112920 43330 101050 115650 87390 79000 92830 114150 34840 65850 3660 120090 35540 38460 
92611 85530 116662 84030 142051 75801 79151 124142 96930 87340 76100 117551 140310 98630 62370 149653 56030 0 105381 86840 41030 81540 33860 136461 61461 34730 21740 106130 18410 134521 79261 61710 74160 80330 49490 75701 46900 139460 81900 64750 116781 113930 77661 119370 129541 79540 65241 55360 142480 29260 84520 
13300 86712 22870 82932 38700 53210 39450 19511 81200 108983 93820 12920 101780 92050 93460 41911 106950 106221 0 71800 80971 95962 80140 72180 45760 74261 108590 70380 107250 67600 28240 110520 68780 108700 77550 30150 104780 105890 102823 112080 37220 94110 28590 103150 78460 104040 47740 103840 96240 89610 108820 
59940 27420 68710 23640 103260 21640 37420 90911 12500 50961 36500 84320 54060 21150 77940 113980 70450 86060 72150 0 65451 37940 54430 58780 40150 58741 79990 20310 79740 61260 52440 72130 13740 59120 62030 49100 89260 54590 44801 96080 54590 30370 49720 39660 46430 52951 34890 67340 56120 64340 55391 
66201 74590 90252 72763 115641 49391 52741 97732 77161 79100 67340 91141 116571 84031 25960 120132 65400 40980 78971 64751 0 72780 28210 110051 35051 9600 47530 80641 45630 108111 52851 70700 55401 73510 8540 49291 26520 117101 73660 37100 90371 95031 51251 104161 103131 71900 38831 62290 116871 33831 76880 
83651 14240 97992 16320 131102 46970 60121 115182 37110 17010 8790 108591 74650 30000 92220 137843 47920 80940 96421 38620 73620 0 51210 90700 56080 65380 68890 53310 68640 95160 73980 47580 31540 26380 76310 70260 96680 68400 10850 108270 91090 45300 72220 47810 76060 19600 56500 45520 78000 56670 21440 
67240 55180 91291 53680 119751 45410 53780 98771 64810 57370 45750 92180 108190 68280 50100 124282 39160 32890 80010 54720 28250 51190 0 105711 36090 20010 30540 74010 29700 105240 53890 44570 42040 50830 32630 50330 50980 107700 51930 63070 91410 82170 52290 89020 97941 49790 39870 36050 110360 11540 54770 
69480 78910 52670 76380 78540 65180 63210 88430 56280 105841 91290 82700 40760 64110 124360 104560 127250 137121 72140 58770 111871 90370 106020 0 79570 105161 132510 40520 132260 6610 71820 130170 71530 114611 108450 69460 135680 46250 99681 142570 35790 54000 69100 56460 21510 107831 72350 124140 33240 116250 110271 
32710 52360 56761 48580 82150 20360 20560 64241 51720 65910 50930 57650 88970 59130 48820 86641 63350 61581 45480 39310 36331 56370 35500 78920 0 29621 64420 51180 62610 76980 19520 66920 31210 65100 32910 15800 60140 90360 60970 66960 56880 69590 17760 78880 73160 60670 7740 60240 86900 44970 65450 
60921 66360 84972 64860 110361 44111 47461 92452 71881 70870 59110 85861 111291 78751 32780 114852 57170 34730 73691 59471 9630 64550 19980 104771 29771 0 41280 75361 39380 102831 47571 62470 50121 65280 15240 44011 33350 111821 65430 45600 85091 89751 45971 98881 97851 63670 33551 54060 111591 25601 68650 
95750 73580 119801 72080 149421 72710 81560 127281 87300 72800 64150 120690 129820 86680 72880 153952 34610 20780 108520 81040 47910 69590 30520 133011 64600 41610 0 100870 3520 132540 82780 40290 68090 60160 56370 78840 61000 127510 67550 78850 119530 101980 80800 107420 125241 60470 67650 33940 133170 19560 64730 
59590 41590 60280 38990 94390 33770 40520 89541 19780 68501 53950 82950 38530 28790 94540 108700 90280 105680 71120 20310 82051 53050 74050 40500 52440 75341 99820 0 99570 44050 54410 91960 33570 77271 78630 52050 105860 39320 62341 112680 44350 24370 51690 33810 28010 70491 44840 87170 40420 84170 72931 
94260 73100 118311 71600 147931 72230 80800 125791 86820 73750 63670 119200 129340 86200 70510 152462 38050 17690 107030 80560 45540 69110 29830 132531 63110 39240 3760 100390 0 132060 80910 43730 67610 63600 54000 77350 58630 127030 68310 76480 118430 101500 79310 106940 124761 63910 66890 37380 132690 18870 68170 
64960 83410 46360 80880 72230 64590 59950 82120 60780 110341 95790 78100 46080 68610 122200 98250 127100 134961 67540 61350 109711 94870 105870 6640 77410 103001 132360 44110 132110 0 67300 130220 72730 119111 106290 64940 133520 51570 104181 140410 31190 58500 64580 61780 26920 112331 70190 123990 38560 116100 114771 
15630 66862 43020 63082 65070 32360 16790 47161 63550 83730 68270 40570 92580 72590 67000 69561 81350 79761 28400 52770 54511 73710 53680 71530 20210 47801 82600 54790 80790 67080 0 84920 48350 83100 51090 5450 78320 94040 78790 85140 45240 77230 3860 87130 75210 78490 22190 78240 90070 63150 83270 
97350 56620 120612 58200 151791 70970 82640 130711 77160 45220 45280 124120 116940 72290 93200 156322 7790 61250 110890 72380 71350 47910 44540 130150 66200 63110 40790 92210 43990 130450 84160 0 59920 27410 75730 80440 91551 113120 41980 106170 119050 87590 82400 93030 116110 32890 69250 8780 120290 40660 33840 
56200 21930 70110 18150 103651 16720 32690 87731 24170 43800 27050 81140 67310 29580 68670 110392 58010 73520 68970 13730 56181 31250 41890 71240 30880 49471 67160 33560 66920 72630 47710 59690 0 49140 52760 43990 79990 67060 38470 86810 62220 41530 45470 49800 59680 43640 28590 54900 69370 51510 46860 
95220 38941 118222 40531 149661 63760 78490 128581 61691 20480 27520 121990 99261 54611 95290 154192 33150 79210 108760 58850 74040 26620 50540 115281 64070 65800 60510 77891 63710 118980 82030 27520 49320 0 77650 78310 97490 93490 17250 109140 111190 69911 80270 73170 100641 7090 67120 32990 102611 53990 6810 
64120 74220 88171 70682 113560 47310 50660 95651 75080 82860 70980 89060 114490 81950 19680 118051 69540 49600 76890 62670 10020 76420 32350 107970 32970 15220 56150 78560 54250 106030 50770 74840 53320 77270 0 47210 29770 115020 77420 36590 88290 92950 49170 102080 101050 75660 36750 66430 114790 40471 80640 
17560 62402 42951 58622 67000 27900 12330 49091 60130 79310 63850 42500 89990 68570 63490 71491 76930 76251 30330 48750 51001 69290 50170 69220 15790 44291 78620 52200 77280 64770 4370 80500 43890 78680 47580 0 74810 91450 74370 81630 43070 73810 2610 83710 72900 74070 17770 73820 87480 59640 78850 
91290 97480 115341 95980 140730 74480 77830 122821 102250 101990 90230 116230 141660 109120 34980 145221 85480 47010 104060 89840 26450 95670 51070 135140 60140 32970 60820 105730 58920 133200 77940 90890 80490 96410 29730 74380 0 142190 96550 19930 115460 120120 76340 129250 128220 94790 63920 82370 141960 51870 99780 
98200 58940 93110 56960 124250 72640 79890 123691 44500 83300 71700 117100 6830 43390 131230 146310 112640 139140 105990 54750 118741 68150 107560 46270 91810 112031 127090 39460 126840 51530 93810 112540 67170 93280 115320 91450 142550 0 77220 149370 74770 26280 91090 21570 33010 86500 84210 110240 14090 114870 87730 
90332 23570 104673 25650 137783 53651 66802 121863 46440 6510 14490 115272 83630 39330 94850 144524 43440 80100 103102 45301 73790 10590 51060 100030 60410 65550 66830 62640 67590 104490 78370 41450 38200 17510 77220 74650 96850 77210 0 108600 97771 54630 76610 56850 85390 11120 61220 41530 87330 55820 10940 
98150 108240 123001 104712 148390 81340 84690 130481 109110 114590 102310 123890 148520 115980 41840 152881 100750 64870 111720 96700 37650 108030 63560 142940 67000 45980 78680 112590 76780 141000 84800 106050 87350 109000 36590 81240 19870 149050 109150 0 122320 126980 83200 136110 136311 107390 70780 97640 150260 69730 112370 
37850 79670 19940 75890 50030 51670 39700 54110 59520 103661 89000 47730 70550 70800 104620 70240 114780 117381 37170 54680 92131 90640 91300 35820 57320 85421 118930 44350 118410 31240 45140 118350 62310 111090 88710 43150 115940 74660 97501 122760 0 66680 42790 75240 46130 105590 53270 111670 63910 100770 108091 
83360 33320 83800 30960 117370 51920 61930 113061 19050 60251 45700 106470 29630 17390 108220 135840 86640 113140 94640 30380 95731 44780 81560 54000 70430 89021 101090 24380 100840 58460 76950 86540 41170 69021 92310 74120 119540 25810 54091 126360 66700 0 74230 11620 37110 62241 65010 84240 32980 88870 64681 
16070 63792 42451 60012 65510 30260 14860 47601 60460 81840 66380 41010 89490 69500 66020 70001 79460 78781 28840 49680 53531 71820 52700 68720 18320 46821 81150 51700 79810 64270 4060 83030 45410 81210 50110 2710 77340 90950 76900 84160 42570 74140 0 84040 72400 76600 20300 76350 86980 62170 81380 
93360 38750 92400 36390 126390 61200 71930 121661 28330 63240 51130 115070 28300 22820 117500 144440 92070 118570 103240 39660 105011 47990 88840 56330 79710 98301 106520 33860 106270 61590 86950 91970 49760 73120 101590 84120 128820 21880 57080 135640 75300 11610 84230 0 38850 66340 74450 89670 33900 94300 67670 
73700 64840 65900 62310 95510 57480 62880 96481 42210 91771 77220 89890 27350 50040 117390 114920 115060 130151 78780 46990 104901 76300 98320 21620 74800 98191 124810 28370 124560 26880 75580 116740 60250 100541 101480 73220 128710 32840 85611 136660 46460 37710 72860 39700 0 93761 67200 111950 20320 108550 96201 
91470 32191 112503 33781 145431 58750 73480 124351 54941 14350 20770 117760 92511 47861 93960 149962 35280 78250 104530 53131 72740 19870 49280 108531 60320 64500 61250 71141 64450 112991 78280 32350 43660 7090 76330 74560 95800 87010 11110 107610 105530 63161 76520 66420 93891 0 63170 34120 95861 53340 5180 
35220 49140 55060 45360 84660 14020 15760 66751 47350 66880 51000 60160 82630 54760 52720 89151 65640 65481 47990 34940 40231 56440 39400 71910 9590 33521 67330 44840 66510 69970 22030 69210 29200 67390 36810 18310 64040 84020 61550 70860 53430 65030 20270 74510 66820 63050 0 62530 80560 48870 67830 
90290 54550 113552 55880 144481 63910 75580 123401 72080 46460 43210 116810 114600 70220 84420 149012 3260 54740 103580 67300 62570 45840 35760 124101 59140 54330 34280 87130 37480 123630 77100 8520 54840 32870 66950 73380 82771 111050 41910 97390 111990 85520 75340 90960 111030 34130 62190 0 117950 31880 37760 
90360 66300 83380 63940 110450 70940 76340 113961 48120 93231 78680 107370 8620 50370 130850 133120 119620 141840 96260 56260 118361 77760 110210 33260 88260 111651 132480 40510 132230 38520 89770 119520 69520 102001 114940 87410 142170 14110 87071 150120 63940 33260 87050 34180 20680 95221 80660 117220 0 120120 97661 
76730 60610 100781 59110 130181 55720 63270 108261 74330 62070 51180 101670 116850 73710 57770 134712 34690 28940 89500 64790 33590 56620 11580 116021 45580 25350 19640 84620 18720 115550 63380 40100 51840 54180 40230 59820 51730 114540 56630 69580 100900 89010 61780 94450 108251 53440 49360 31580 120200 0 58420 
96240 34320 115423 36400 148533 63080 77552 129121 57190 14230 23820 122530 93660 50080 98740 154732 38810 83100 109300 56051 77590 21340 54130 110780 65090 69350 65320 73390 68520 115240 83050 34250 46710 6940 81100 79330 101080 87240 11000 112590 108521 65330 81290 67390 96140 5160 67940 37800 98030 58190 0 

0 Ciudad_0 0 0 32400 0
1 Ciudad_1 323 6297 20897 646
2 Ciudad_2 775 6207 18456 1550
3 Ciudad_3 462 13540 24777 924
4 Ciudad_4 593 4564 8771 1186
5 Ciudad_5 699 1794 9243 1398
6 Ciudad_6 525 17085 28440 1050
7 Ciudad_7 360 9800 23180 720
8 Ciudad_8 397 21132 27751 794
9 Ciudad_9 114 7774 18725 228
10 Ciudad_10 329 4435 18508 658
11 Ciudad_11 365 9411 18753 730
12 Ciudad_12 126 15688 19803 252
13 Ciudad_13 819 5129 9470 1638
14 Ciudad_14 600 8649 10690 1200
15 Ciudad_15 656 11348 24842 1312
16 Ciudad_16 330 15211 22663 660
17 Ciudad_17 391 9816 23458 782
18 Ciudad_18 126 8577 14261 252
19 Ciudad_19 195 7948 21554 390
20 Ciudad_20 127 8188 18295 254
21 Ciudad_21 409 6068 12651 818
22 Ciudad_22 704 3261 17250 1408
23 Ciudad_23 235 17927 28393 470
24 Ciudad_24 606 21707 25319 1212
25 Ciudad_25 688 5133 16053 1376
26 Ciudad_26 359 13389 23014 718
27 Ciudad_27 783 4697 19051 1566
28 Ciudad_28 677 4347 7366 1354
29 Ciudad_29 147 3278 10333 294
30 Ciudad_30 261 23179 29651 522
31 Ciudad_31 425 17782 22603 850
32 Ciudad_32 556 4258 16429 1112
33 Ciudad_33 598 6522 21147 1196
34 Ciudad_34 184 6730 9130 368
35 Ciudad_35 651 16897 29703 1302
36 Ciudad_36 409 6939 15284 818
37 Ciudad_37 305 8920 23480 610
38 Ciudad_38 176 9885 21296 352
39 Ciudad_39 743 15659 17660 1486
40 Ciudad_40 559 9350 19322 1118
41 Ciudad_41 275 13321 18088 550
42 Ciudad_42 579 12662 17905 1158
43 Ciudad_43 345 18965 24363 690
44 Ciudad_44 713 10228 20105 1426
45 Ciudad_45 416 5673 8526 832
46 Ciudad_46 740 15275 24806 1480
47 Ciudad_47 763 6322 13125 1526
48 Ciudad_48 161 5950 8616 322
49 Ciudad_49 420 12616 15702 840
50 Ciudad_50 176 13484 26671 352

0 -0.022653 0.0440671 0.0610111 0.026483 -0.0708318 0.0959246 0.0326254 -0.0593647 0.0308163 0.0186938 -0.041539 -0.057516 -0.0480141 -0.00193434 -0.0677671 -0.0447594 0.0981267 0.0492924 0.000667484 0.0784361 0.0773361 0.055962 -0.0885626 0.0557956 -0.00935614 -0.00469229 -0.0147788 0.0031139 -0.0105255 0.0634795 0.0834072 0.0767393 -0.0913185 0.0811044 -0.0397433 0.0457032 -0.0730247 0.00269968 0.089618 -0.0493013 0.0451158 0.0849792 0.00592778 0.0255643 -0.0645619 0.0724831 -0.00874153 -0.021401 -0.0988278 0.088938 
0.022653 0 0.0013873 0.0377374 0.00673273 -0.0774236 0.0841604 -0.0625072 -0.0771373 0.0300006 -0.0363152 -0.088256 -0.0615806 -0.0275555 -0.0910425 -0.072836 0.0551886 -0.0965433 -0.0915667 -0.0760451 -0.0340923 0.0144457 -0.0512621 0.0638653 0.0202151 0.0587986 -0.037277 0.00452956 0.0126979 -0.0482791 0.0287726 -0.0894866 -0.0351126 0.00070513 0.0272983 0.0385144 -0.0362294 0.0367173 0.0651254 -0.0478414 0.0476262 0.0917719 -0.0969682 -0.0393768 0.0534321 0.00337313 -0.0486085 0.0221428 0.0816376 0.023441 -0.0665236 
-0.0440671 -0.0013873 0 -0.0787294 -0.096565 0.014664 0.073134 -0.0036034 0.0321188 0.0050148 0.0600295 0.0928304 0.072169 0.0997178 0.0716606 0.0584258 -0.034462 0.0933937 0.0331709 0.0103752 0.0688101 0.0702517 -0.0483834 0.0178017 0.0207964 -0.0780435 -0.0207674 0.0452644 -0.0982035 -0.0665677 0.0933501 -0.0546724 -0.0623177 -0.0172115 -0.0290808 -0.0183533 -0.020056 0.0491483 -0.04106 -0.00996823 0.0320424 -0.0380419 -0.0513245 0.0687554 -0.0321741 0.0613416 0.0742117 -0.0277326 0.0105006 -0.0831139 -0.0665481 
-0.0610111 -0.0377374 0.0787294 0 -0.00378957 -0.0737365 -0.0480668 -0.0953712 0.0701553 -0.00905405 -0.0799773 0.0568408 -0.0268231 -0.044279 -0.0181368 0.0879365 -0.0165767 -0.0525842 -0.000939641 0.0145016 0.0263868 -0.0828204 -0.0417789 0.0662686 -0.0959392 0.0401381 0.0384783 -0.0116173 -0.0890206 -0.018819 -0.0658704 0.0521211 -0.0481083 0.0717579 -0.0975579 0.0723371 0.052827 0.0597832 0.0790602 -0.0954062 -0.0218199 0.0131088 -0.0270023 -0.053768 0.0244329 0.0730711 -0.0329602 -0.0216006 -0.0902471 0.0605655 -0.0402322 
-0.026483 -0.00673273 0.096565 0.00378957 0 0.0279069 -0.0152982 -0.000738253 -0.0487706 0.0589978 -0.0663705 -0.0923803 -0.0436729 -0.0436988 0.0536046 -0.011762 -0.0669534 0.0187491 -0.0874927 0.0024673 0.0817213 -0.0858298 -0.0402542 0.0323912 -0.0280089 -0.0741472 -0.0944862 -0.0293315 -0.0775275 0.0776974 0.0492172 -0.0876012 0.063434 -0.00485117 -0.0374602 0.0290581 -0.0234553 0.0313941 -0.0831544 0.0803298 -0.0800905 -0.0856496 0.0102615 0.00192955 -0.0539546 -0.0899476 0.00657598 0.0805972 -0.0645964 -0.0580985 -0.0715616 
0.0708318 0.0774236 -0.014664 0.0737365 -0.0279069 0 -0.0550252 -0.00412401 -0.056752 0.0826818 0.0836008 0.0605354 -0.027858 -0.0279549 0.0661702 0.0724248 0.0597483 0.0787049 0.0846624 -0.0536615 -0.0820346 0.0661361 0.0706961 -0.0178403 0.026942 -0.027119 0.078849 0.0374329 0.0967217 -0.00840919 -0.0475689 -0.089738 -0.0853554 -0.0327994 -0.0942049 0.0979551 -0.0628905 -0.0614075 0.041363 0.0587221 -0.088461 0.0712436 -0.0066101 -0.0910955 0.0567306 0.049011 0.0282221 -0.0782573 0.0840113 0.0446357 0.0868311 
-0.0959246 -0.0841604 -0.073134 0.0480668 0.0152982 0.0550252 0 0.0656315 -0.0344133 -0.00955243 0.00789684 0.0144175 0.0196994 0.094755 0.0964222 -0.0265068 -0.08689 0.0161917 -0.0387513 0.0995006 0.0886171 0.0814018 -0.0668214 0.0932708 0.0547116 0.0588502 -0.065896 -0.0532703 0.0324232 0.0566672 -0.0426419 -0.0770838 0.0175229 0.0573892 -0.0304283 0.077788 0.0509872 -0.0125757 -0.032251 -0.00808349 0.0387836 0.0306354 -0.0954741 0.096591 -0.0779289 0.0380114 0.0556875 -0.0129168 0.00983667 0.0551687 -0.0174439 
-0.0326254 0.0625072 0.0036034 0.0953712 0.000738253 0.00412401 -0.0656315 0 0.00679624 0.0635749 0.0429405 -0.0359229 -0.0758097 0.0764637 0.0861662 0.0805121 -0.054091 0.0479229 -0.0160665 0.083941 0.0238548 0.0211701 0.0584806 0.0902993 -0.0921018 -0.0978797 -0.00185577 -0.0863277 0.0970123 0.0595449 0.0792795 0.0370811 0.0700831 0.0963434 -0.0740607 -0.04884 -0.00162088 0.058323 0.0557716 0.027856 0.061678 0.0535103 -0.0664714 0.0207139 -0.0912467 0.0134433 0.0584375 -0.0186662 0.000902753 0.0542658 0.033035 
0.0593647 0.0771373 -0.0321188 -0.0701553 0.0487706 0.056752 0.0344133 -0.00679624 0 -0.0634682 -0.0431136 0.026636 -0.0553229 -0.0390608 0.00965507 -0.0917547 0.0421138 0.061787 0.0659655 0.0429921 0.00244401 -0.00978782 -0.0583027 0.0154785 -0.0412477 0.000332106 -0.0782654 0.00831374 -0.0219027 0.0157831 -0.0785413 0.0327608 -0.0247413 0.0782488 0.0865312 -0.0329481 -0.0817505 0.078712 -0.0415568 0.00187907 -0.0866533 0.0864368 -0.0509528 -0.0342707 0.0781516 0.0877703 0.0194992 -0.0964764 -0.0675837 0.0582905 -0.095349 
-0.0308163 -0.0300006 -0.0050148 0.00905405 -0.0589978 -0.0826818 0.00955243 -0.0635749 0.0634682 0 0.0607873 0.088199 -0.034933 0.00108641 0.0505144 0.0134733 -0.0326694 0.0197537 0.066218 0.0274781 0.0470179 -0.0252957 0.0459714 0.0715385 0.0253301 0.0527755 0.00424282 -0.0157726 0.0794536 -0.00162404 0.042899 -0.0809242 -0.0619214 -0.0845726 -0.0634743 0.0946218 0.02893 -0.0604702 -0.0745319 -0.0763373 -0.0363242 0.0349024 -0.0649989 -0.0769936 0.0568644 0.0304374 -0.0788916 -0.00613793 -0.04676 -0.0311648 -0.010632 
-0.0186938 0.0363152 -0.0600295 0.0799773 0.0663705 -0.0836008 -0.00789684 -0.0429405 0.0431136 -0.0607873 0 -0.0622994 0.0983166 0.0723842 0.00528094 0.062429 0.034977 -0.0390446 0.0845443 -0.0774459 -0.0428755 -0.0811896 0.00295085 0.0959455 -0.0864415 0.0358991 -0.0782897 -0.0587632 0.020485 -0.0502193 -0.0214991 -0.0635645 0.0543659 -0.0316355 -0.00378554 0.0019876 -0.0213211 0.0655807 0.0992004 -0.00374262 0.0419505 0.00822763 -0.0718016 0.0498578 -0.0527506 -0.0476713 -0.0220076 -0.0964856 -0.0796228 -0.0718128 -0.0400273 
0.041539 0.088256 -0.0928304 -0.0568408 0.0923803 -0.0605354 -0.0144175 0.0359229 -0.026636 -0.088199 0.0622994 0 0.0338869 0.0690912 -0.0743152 -0.0888818 0.0778324 -0.0143945 -0.0304811 -0.0310088 -0.0167754 0.0485204 0.0580261 -0.04248 -0.0772307 -0.0173503 0.0333996 0.001878 0.0364392 -0.0620827 -0.00227727 0.0581415 -0.0458373 -0.00937056 -0.0307843 -0.00969063 -0.0978997 0.0355441 -0.0312463 -0.0185922 0.0601502 0.0480086 1.83976e-05 -0.00318426 -0.0651433 0.0285551 -0.0101738 -0.0941701 -0.0327297 0.0309252 0.0978981 
0.057516 0.0615806 -0.072169 0.0268231 0.0436729 0.027858 -0.0196994 0.0758097 0.0553229 0.034933 -0.0983166 -0.0338869 0 0.0448746 -0.0995973 -0.0166477 0.0513427 -0.0320806 -0.0783444 0.084284 0.0822358 -0.0464603 0.0570606 -0.0131631 -0.0646698 -0.0285615 -0.0399652 0.0516952 -0.0375457 -0.0581788 0.0385175 -0.0653759 0.055834 -0.0164933 0.0481606 -0.0676659 0.0147438 -0.0982629 -0.091981 0.0885332 0.00427061 0.0419289 -0.0456956 0.0271542 0.0824107 0.0262837 0.0614003 -0.0409765 0.0216861 -0.0754881 0.0472841 
0.0480141 0.0275555 -0.0997178 0.044279 0.0436988 0.0279549 -0.094755 -0.0764637 0.0390608 -0.00108641 -0.0723842 -0.0690912 -0.0448746 0 -0.0316159 0.0215974 -0.0147099 -0.0972511 0.056125 -0.0219541 -0.0990786 0.0774842 0.0189888 0.000997373 0.0666883 0.0171459 0.0547454 -0.0991428 -0.00480097 0.0675375 -0.0119816 -0.0952852 -0.0680362 -0.0341333 -0.0429313 -0.0117436 0.0823703 -0.0218264 0.0778693 -0.0334964 -0.0987372 -0.0389389 -0.0410607 -0.0400727 -0.0108111 -0.0461262 0.0634961 0.0377265 -0.0251913 -0.0706155 -0.055779 
0.00193434 0.0910425 -0.0716606 0.0181368 -0.0536046 -0.0661702 -0.0964222 -0.0861662 -0.00965507 -0.0505144 -0.00528094 0.0743152 0.0995973 0.0316159 0 0.0612133 0.045264 0.0592515 -0.0295076 -0.0161403 0.00271901 -0.045229 -0.0392157 0.0940358 0.00263841 -0.0245552 0.0720258 0.0749522 0.0472171 0.0351817 0.0189434 -0.0130576 0.0160405 0.0229866 -0.0673858 -0.0367609 -0.0368961 -0.0794125 0.0857476 0.00343291 -0.0306333 -0.0522032 -0.0699353 0.043752 -0.0203858 0.0599672 -0.0389112 -0.06659 -0.0696301 0.0419485 -0.0479112 
0.0677671 0.072836 -0.0584258 -0.0879365 0.011762 -0.0724248 0.0265068 -0.0805121 0.0917547 -0.0134733 -0.062429 0.0888818 0.0166477 -0.0215974 -0.0612133 0 0.0353193 0.0547638 0.0989643 -0.0939306 -0.09827 0.0492029 0.0731165 -0.0917064 0.0438813 0.0869463 -0.0314326 0.00194693 -0.0429747 0.0270715 0.0865192 0.0215265 0.0776969 0.0948638 0.00480205 -0.0161576 0.0401019 0.0750773 0.0576646 0.084778 -0.0341526 -0.030119 0.02618 -0.0635127 -0.0127484 -0.00152424 -0.00602302 -0.0204379 0.0327792 0.0979421 -0.0802091 
0.0447594 -0.0551886 0.034462 0.0165767 0.0669534 -0.0597483 0.08689 0.054091 -0.0421138 0.0326694 -0.034977 -0.0778324 -0.0513427 0.0147099 -0.045264 -0.0353193 0 0.0943671 -1.42855e-06 0.0775581 -0.0576423 -0.0530197 -0.0541228 -0.0897743 -0.0314875 -0.0907891 0.0880155 -0.049171 -0.00332434 -0.0364017 -0.0536062 -0.0875663 -0.0535107 -0.0967475 -0.076744 0.0114826 0.0759796 0.0614888 0.0791126 -0.0280239 -0.0422803 0.0938175 -0.096539 0.0454188 0.000188608 0.00402017 -0.0802993 0.0950111 -0.0276697 -0.0871849 -0.0593849 
-0.0981267 0.0965433 -0.0933937 0.0525842 -0.0187491 -0.0787049 -0.0161917 -0.0479229 -0.061787 -0.0197537 0.0390446 0.0143945 0.0320806 0.0972511 -0.0592515 -0.0547638 -0.0943671 0 0.0279716 0.0744695 0.0887291 0.00242488 0.0067536 -0.028098 0.077205 0.0545922 0.0848043 0.0149191 0.0737872 -0.0942036 0.0565747 0.00851635 -0.0654688 0.0930486 -0.0935596 0.0608121 -0.03948 0.0444533 -0.0842928 -0.0669436 -0.026959 0.075459 0.0331378 0.0861905 -0.0375105 -0.0329139 -0.0845015 0.00334133 0.0308931 -0.0375347 0.0189308 
-0.0492924 0.0915667 -0.0331709 0.000939641 0.0874927 -0.0846624 0.0387513 0.0160665 -0.0659655 -0.066218 -0.0845443 0.0304811 0.0783444 -0.056125 0.0295076 -0.0989643 1.42855e-06 -0.0279716 0 -0.0628018 0.0638019 0.0419637 0.0430534 -0.0356706 -0.0157756 0.0583492 -0.00418527 -0.00503524 0.0579778 0.0955467 0.0159468 -0.0887815 0.0716222 0.096604 -0.0645857 -0.0244997 0.0534843 0.0555941 -0.00973294 0.0601671 0.0198587 -0.00447814 -0.0280655 0.0131311 -0.0873573 -0.00273564 0.0443919 0.0645155 -0.0910614 0.0333584 -0.0234126 
-0.000667484 0.0760451 -0.0103752 -0.0145016 -0.0024673 0.0536615 -0.0995006 -0.083941 -0.0429921 -0.0274781 0.0774459 0.0310088 -0.084284 0.0219541 0.0161403 0.0939306 -0.0775581 -0.0744695 0.0628018 0 -0.0899695 -0.0485261 -0.0289393 0.0684915 -0.08897 0.0530754 0.0139539 0.0963543 0.0238307 -0.0123133 -0.0617049 -0.0992085 -0.0878552 0.0467778 -0.0875814 -0.0820087 0.0914092 0.0105125 -0.000452313 -0.0436367 -0.0378992 0.0768252 -0.043235 -0.0122627 -0.0817755 0.0699507 -0.0536312 0.0201592 0.0922429 0.0549146 0.0840552 
-0.0784361 0.0340923 -0.0688101 -0.0263868 -0.0817213 0.0820346 -0.0886171 -0.0238548 -0.00244401 -0.0470179 0.0428755 0.0167754 -0.0822358 0.0990786 -0.00271901 0.09827 0.0576423 -0.0887291 -0.0638019 0.0899695 0 0.0801666 -0.072461 -0.0995503 -0.0103846 0.0792572 0.064957 0.0116056 -0.0383116 0.0448292 -0.047541 -0.0585283 0.046908 0.0441609 -0.00688738 0.0141519 -0.0841274 0.0308135 0.03712 0.0928532 0.00954486 -0.0123083 -0.0768033 0.0567807 -0.0508633 0.0771063 0.0352037 -0.0449114 0.0971932 0.0386726 -0.0826673 
-0.0773361 -0.0144457 -0.0702517 0.0828204 0.0858298 -0.0661361 -0.0814018 -0.0211701 0.00978782 0.0252957 0.0811896 -0.0485204 0.0464603 -0.0774842 0.045229 -0.0492029 0.0530197 -0.00242488 -0.0419637 0.0485261 -0.0801666 0 0.0220456 -0.0903431 -0.0714767 0.0783037 0.0353162 -0.053696 0.0830226 0.0983605 0.00107069 -0.0343043 -0.0949536 0.0248228 0.0698283 0.0884869 -0.00425327 -0.0113197 0.0824068 0.00430436 0.0868052 -0.0856357 0.0812896 0.0287281 0.0471492 -0.0423161 0.030806 0.00358647 0.0718422 -0.0937275 0.00949467 
-0.055962 0.0512621 0.0483834 0.0417789 0.0402542 -0.0706961 0.0668214 -0.0584806 0.0583027 -0.0459714 -0.00295085 -0.0580261 -0.0570606 -0.0189888 0.0392157 -0.0731165 0.0541228 -0.0067536 -0.0430534 0.0289393 0.072461 -0.0220456 0 -0.0520323 0.0710046 0.0436867 -0.0729413 -0.0693584 0.0851535 -0.0604581 0.0279537 0.0990164 -0.0782684 0.075492 -0.0329996 0.00498997 0.011308 -0.0826896 0.00124174 -0.0981565 0.0792499 -0.0485602 0.0805178 -0.0764644 -0.0533579 -0.0861822 0.0648747 0.0992853 -0.0631246 0.0226303 -0.0610092 
0.0885626 -0.0638653 -0.0178017 -0.0662686 -0.0323912 0.0178403 -0.0932708 -0.0902993 -0.0154785 -0.0715385 -0.0959455 0.04248 0.0131631 -0.000997373 -0.0940358 0.0917064 0.0897743 0.028098 0.0356706 -0.0684915 0.0995503 0.0903431 0.0520323 0 0.0849325 -0.0284492 0.0235703 -0.0380395 -0.00513139 0.0342314 -0.0744725 0.063583 -0.0797699 -0.0628447 -0.056199 0.0486969 0.0205721 0.0131229 -0.0889298 0.0848614 0.00916638 -0.0702869 -0.0743696 -0.072515 -0.0868734 0.0959525 -0.0445927 -0.00557456 0.00946248 0.0831858 -0.034885 
-0.0557956 -0.0202151 -0.0207964 0.0959392 0.0280089 -0.026942 -0.0547116 0.0921018 0.0412477 -0.0253301 0.0864415 0.0772307 0.0646698 -0.0666883 -0.00263841 -0.0438813 0.0314875 -0.077205 0.0157756 0.08897 0.0103846 0.0714767 -0.0710046 -0.0849325 0 -0.000700574 0.0662404 -0.0891081 -0.0378546 -0.0023194 0.0305811 0.0977746 0.0283496 0.0784506 -0.0555243 0.0591807 0.0271708 -0.0189867 -0.0567022 0.0482873 0.0160563 -0.0429733 0.0872391 -0.090707 0.00134041 0.0654462 0.0334405 0.0888958 -0.0284927 0.0219896 0.0359694 
0.00935614 -0.0587986 0.0780435 -0.0401381 0.0741472 0.027119 -0.0588502 0.0978797 -0.000332106 -0.0527755 -0.0358991 0.0173503 0.0285615 -0.0171459 0.0245552 -0.0869463 0.0907891 -0.0545922 -0.0583492 -0.0530754 -0.0792572 -0.0783037 -0.0436867 0.0284492 0.000700574 0 -0.0273224 0.0971878 -0.026511 -0.0456505 -0.0901696 -0.0434982 0.0790821 0.0232452 -0.0591868 0.0786774 -0.0705993 -0.0431657 0.0764689 -0.0660782 -0.0615673 0.0780191 -0.0182984 -0.0289738 -0.084866 -0.0263421 -0.00291098 -0.0336639 -0.090022 -0.0142628 -0.0200599 
0.00469229 0.037277 0.0207674 -0.0384783 0.0944862 -0.078849 0.065896 0.00185577 0.0782654 -0.00424282 0.0782897 -0.0333996 0.0399652 -0.0547454 -0.0720258 0.0314326 -0.0880155 -0.0848043 0.00418527 -0.0139539 -0.064957 -0.0353162 0.0729413 -0.0235703 -0.0662404 0.0273224 0 0.0609548 -0.0745477 -0.0695923 -0.0257864 -0.0985828 -0.075691 -0.0895133 0.0624319 0.0903916 -0.0525256 0.0127217 -0.0905795 0.0674594 0.0705542 0.0832671 0.0337704 0.0968734 0.0933896 -0.0823958 0.0584754 -0.0151816 0.0522997 -0.00714637 -0.023265 
0.0147788 -0.00452956 -0.0452644 0.0116173 0.0293315 -0.0374329 0.0532703 0.0863277 -0.00831374 0.0157726 0.0587632 -0.001878 -0.0516952 0.0991428 -0.0749522 -0.00194693 0.049171 -0.0149191 0.00503524 -0.0963543 -0.0116056 0.053696 0.0693584 0.0380395 0.0891081 -0.0971878 -0.0609548 0 -0.00806208 -0.0400742 -0.0144902 0.0915293 -0.00333475 0.0808711 -0.0789968 -0.0670373 -0.0569617 -0.0883541 -0.0519728 0.052459 -0.0885119 -0.00446964 -0.0396768 0.0214455 0.0971809 0.0993676 0.0872343 -0.0839364 0.0922264 -0.0994015 -0.00372288 
-0.0031139 -0.0126979 0.0982035 0.0890206 0.0775275 -0.0967217 -0.0324232 -0.0970123 0.0219027 -0.0794536 -0.020485 -0.0364392 0.0375457 0.00480097 -0.0472171 0.0429747 0.00332434 -0.0737872 -0.0579778 -0.0238307 0.0383116 -0.0830226 -0.0851535 0.00513139 0.0378546 0.026511 0.0745477 0.00806208 0 0.0777744 0.0998082 0.0581058 0.0460184 0.00198917 0.0353391 0.0530398 0.078932 -0.0652522 0.0414362 0.000879009 -0.0312163 0.0149739 -0.077058 0.0325131 -0.022392 -0.0301914 0.0217129 -0.0480497 0.0312491 -0.013014 -0.0168092 
0.0105255 0.0482791 0.0665677 0.018819 -0.0776974 0.00840919 -0.0566672 -0.0595449 -0.0157831 0.00162404 0.0502193 0.0620827 0.0581788 -0.0675375 -0.0351817 -0.0270715 0.0364017 0.0942036 -0.0955467 0.0123133 -0.0448292 -0.0983605 0.0604581 -0.0342314 0.0023194 0.0456505 0.0695923 0.0400742 -0.0777744 0 -0.0133175 -0.00756074 0.02356 0.0935874 -0.0852045 0.0268757 -0.000236161 0.00012441 -0.0819428 -0.0360783 0.0545237 0.0810613 -0.0761493 0.0740087 0.05915 0.0382968 -0.0896344 -0.0677905 0.0353156 -0.0539037 -0.036184 
-0.0634795 -0.0287726 -0.0933501 0.0658704 -0.0492172 0.0475689 0.0426419 -0.0792795 0.0785413 -0.042899 0.0214991 0.00227727 -0.0385175 0.0119816 -0.0189434 -0.0865192 0.0536062 -0.0565747 -0.0159468 0.0617049 0.047541 -0.00107069 -0.0279537 0.0744725 -0.0305811 0.0901696 0.0257864 0.0144902 -0.0998082 0.0133175 0 -0.0312483 -0.0855332 -0.0107917 -0.0564611 -0.0879631 -0.0271367 -0.00738823 0.0715445 -0.0201262 -0.0739805 -0.068325 -0.0106803 -0.0197059 -0.0953821 0.0182931 0.0166375 0.0447277 -0.0279298 -0.0491411 -0.0896586 
-0.0834072 0.0894866 0.0546724 -0.0521211 0.0876012 0.089738 0.0770838 -0.0370811 -0.0327608 0.0809242 0.0635645 -0.0581415 0.0653759 0.0952852 0.0130576 -0.0215265 0.0875663 -0.00851635 0.0887815 0.0992085 0.0585283 0.0343043 -0.0990164 -0.063583 -0.0977746 0.0434982 0.0985828 -0.0915293 -0.0581058 0.00756074 0.0312483 0 -0.0127862 -0.0051238 -0.00561554 0.0209779 0.0601545 0.082138 -0.0173034 0.0340766 -0.0560746 -0.0894597 0.00448004 0.0909445 0.0160471 0.0206503 -0.00874658 0.0186387 -0.0684316 0.0563863 -0.017277 
-0.0767393 0.0351126 0.0623177 0.0481083 -0.063434 0.0853554 -0.0175229 -0.0700831 0.0247413 0.0619214 -0.0543659 0.0458373 -0.055834 0.0680362 -0.0160405 -0.0776969 0.0535107 0.0654688 -0.0716222 0.0878552 -0.046908 0.0949536 0.0782684 0.0797699 -0.0283496 -0.0790821 0.075691 0.00333475 -0.0460184 -0.02356 0.0855332 0.0127862 0 -0.00954256 -0.0724972 0.0754443 -0.0899171 -0.078519 -0.0740546 -0.039131 0.0255272 -0.0361732 0.026705 -0.061655 -0.0813907 0.0985917 0.00461559 0.0814589 -0.0727281 0.0128597 0.0978292 
0.0913185 -0.00070513 0.0172115 -0.0717579 0.00485117 0.0327994 -0.0573892 -0.0963434 -0.0782488 0.0845726 0.0316355 0.00937056 0.0164933 0.0341333 -0.0229866 -0.0948638 0.0967475 -0.0930486 -0.096604 -0.0467778 -0.0441609 -0.0248228 -0.075492 0.0628447 -0.0784506 -0.0232452 0.0895133 -0.0808711 -0.00198917 -0.0935874 0.0107917 0.0051238 0.00954256 0 -0.0499387 -0.0830268 -0.0855037 -0.00509011 -0.0162341 -0.00934996 0.0927254 0.0184666 0.0409468 0.063927 0.00225471 0.0430366 -0.077882 -0.0127831 0.0626487 -0.0674282 0.0514352 
-0.0811044 -0.0272983 0.0290808 0.0975579 0.0374602 0.0942049 0.0304283 0.0740607 -0.0865312 0.0634743 0.00378554 0.0307843 -0.0481606 0.0429313 0.0673858 -0.00480205 0.076744 0.0935596 0.0645857 0.0875814 0.00688738 -0.0698283 0.0329996 0.056199 0.0555243 0.0591868 -0.0624319 0.0789968 -0.0353391 0.0852045 0.0564611 0.00561554 0.0724972 0.0499387 0 0.000950538 -0.0159611 0.0986782 0.0801862 -0.0741599 0.0549818 0.0467029 0.0188346 -0.0505554 -0.0201681 -0.0197491 0.0951674 -0.0402112 -0.00782385 -0.0863982 -0.0533864 
0.0397433 -0.0385144 0.0183533 -0.0723371 -0.0290581 -0.0979551 -0.077788 0.04884 0.0329481 -0.0946218 -0.0019876 0.00969063 0.0676659 0.0117436 0.0367609 0.0161576 -0.0114826 -0.0608121 0.0244997 0.0820087 -0.0141519 -0.0884869 -0.00498997 -0.0486969 -0.0591807 -0.0786774 -0.0903916 0.0670373 -0.0530398 -0.0268757 0.0879631 -0.0209779 -0.0754443 0.0830268 -0.000950538 0 0.09402 -0.0421456 0.0648739 -0.016249 -0.0741566 0.0245484 -0.0548444 -0.0720521 0.0448853 -0.0936223 0.0620376 0.0581611 0.0441623 0.0534427 0.0648314 
-0.0457032 0.0362294 0.020056 -0.052827 0.0234553 0.0628905 -0.0509872 0.00162088 0.0817505 -0.02893 0.0213211 0.0978997 -0.0147438 -0.0823703 0.0368961 -0.0401019 -0.0759796 0.03948 -0.0534843 -0.0914092 0.0841274 0.00425327 -0.011308 -0.0205721 -0.0271708 0.0705993 0.0525256 0.0569617 -0.078932 0.000236161 0.0271367 -0.0601545 0.0899171 0.0855037 0.0159611 -0.09402 0 0.028569 -0.0198002 0.0790688 0.0778859 0.00887649 0.0694067 0.0632578 0.09725 -0.0161481 -0.0145023 0.00116953 0.0461825 0.0932755 0.00303548 
0.0730247 -0.0367173 -0.0491483 -0.0597832 -0.0313941 0.0614075 0.0125757 -0.058323 -0.078712 0.0604702 -0.0655807 -0.0355441 0.0982629 0.0218264 0.0794125 -0.0750773 -0.0614888 -0.0444533 -0.0555941 -0.0105125 -0.0308135 0.0113197 0.0826896 -0.0131229 0.0189867 0.0431657 -0.0127217 0.0883541 0.0652522 -0.00012441 0.00738823 -0.082138 0.078519 0.00509011 -0.0986782 0.0421456 -0.028569 0 0.0184439 -0.0641062 0.0605823 0.0812387 0.0118532 0.00696324 -0.0369475 -0.0989278 -0.0613321 0.033565 0.0868041 0.097093 -0.0194559 
-0.00269968 -0.0651254 0.04106 -0.0790602 0.0831544 -0.041363 0.032251 -0.0557716 0.0415568 0.0745319 -0.0992004 0.0312463 0.091981 -0.0778693 -0.0857476 -0.0576646 -0.0791126 0.0842928 0.00973294 0.000452313 -0.03712 -0.0824068 -0.00124174 0.0889298 0.0567022 -0.0764689 0.0905795 0.0519728 -0.0414362 0.0819428 -0.0715445 0.0173034 0.0740546 0.0162341 -0.0801862 -0.0648739 0.0198002 -0.0184439 0 0.0388174 -0.0434965 0.0325513 0.0177648 -0.0878848 -0.0850341 -0.0934473 -0.094332 0.0865982 0.0988437 0.0633966 0.0713215 
-0.089618 0.0478414 0.00996823 0.0954062 -0.0803298 -0.0587221 0.00808349 -0.027856 -0.00187907 0.0763373 0.00374262 0.0185922 -0.0885332 0.0334964 -0.00343291 -0.084778 0.0280239 0.0669436 -0.0601671 0.0436367 -0.0928532 -0.00430436 0.0981565 -0.0848614 -0.0482873 0.0660782 -0.0674594 -0.052459 -0.000879009 0.0360783 0.0201262 -0.0340766 0.039131 0.00934996 0.0741599 0.016249 -0.0790688 0.0641062 -0.0388174 0 -0.0664292 -0.0737554 -0.0992162 -0.0887019 -0.0134869 0.0679482 0.00938777 -0.035654 0.0357596 -0.0240252 -0.0424625 
0.0493013 -0.0476262 -0.0320424 0.0218199 0.0800905 0.088461 -0.0387836 -0.061678 0.0866533 0.0363242 -0.0419505 -0.0601502 -0.00427061 0.0987372 0.0306333 0.0341526 0.0422803 0.026959 -0.0198587 0.0378992 -0.00954486 -0.0868052 -0.0792499 -0.00916638 -0.0160563 0.0615673 -0.0705542 0.0885119 0.0312163 -0.0545237 0.0739805 0.0560746 -0.0255272 -0.0927254 -0.0549818 0.0741566 -0.0778859 -0.0605823 0.0434965 0.0664292 0 0.0856293 -0.0565133 -0.00442521 0.0831064 -0.094543 -0.00640223 0.0269907 0.00708271 -0.0608535 -0.0662295 
-0.0451158 -0.0917719 0.0380419 -0.0131088 0.0856496 -0.0712436 -0.0306354 -0.0535103 -0.0864368 -0.0349024 -0.00822763 -0.0480086 -0.0419289 0.0389389 0.0522032 0.030119 -0.0938175 -0.075459 0.00447814 -0.0768252 0.0123083 0.0856357 0.0485602 0.0702869 0.0429733 -0.0780191 -0.0832671 0.00446964 -0.0149739 -0.0810613 0.068325 0.0894597 0.0361732 -0.0184666 -0.0467029 -0.0245484 -0.00887649 -0.0812387 -0.0325513 0.0737554 -0.0856293 0 -0.0350695 0.0092013 -0.0512478 -0.0631592 -0.0919902 0.0746297 -0.0873175 -0.00188217 0.0649532 
