50

16000 4500

30 55 80

5

0 72271 94760 40130 37130 74760 31280 32220 32360 44560 25290 30610 71881 43090 97450 27040 81720 20220 39860 99643 34070 96610 55950 27920 95880 47630 45430 51300 99651 90222 7430 67600 70820 27990 32480 31280 58650 37360 95140 73060 21900 82050 96420 45210 79210 64390 21730 63710 43050 75430 75540 
71961 0 46900 57351 90241 120941 90222 44581 60861 81921 76291 72731 15400 69831 44950 84571 136791 64511 100932 92050 93012 66372 70620 55821 61942 77891 41030 34740 33060 85530 65691 22510 55810 86932 71441 68231 118692 88201 49960 133242 77251 47640 62010 81021 22990 124572 89661 123892 88031 34260 135722 
94840 46780 0 80230 113120 150240 113101 67460 83740 104800 99170 95610 32280 92710 9570 107450 166841 87390 125871 86840 117951 59170 86460 78700 45460 99550 56870 50580 44350 101370 88570 28890 71650 109811 94320 91110 143631 111080 9200 158181 100130 39940 41530 102360 25300 149511 112540 148831 110910 23090 160661 
40320 57631 80120 0 43160 69270 50900 13150 11320 25620 29210 21060 57241 12600 82810 37840 85120 23730 61320 68150 52300 71641 19200 16260 79520 20660 30780 32850 85011 53870 34050 52960 42280 47210 17530 14670 67150 37370 80500 84020 34390 65690 80060 24030 64570 74530 57020 78330 36360 59070 86050 
37120 90171 112660 42810 0 43690 24370 49360 35460 37000 14240 22580 89781 41120 115350 11220 55200 26140 33060 110400 23890 113891 58020 39200 113780 43960 63330 69200 117551 93300 33390 85500 84530 21770 29910 29790 31240 7260 113040 49860 17710 99950 114320 39050 97110 40370 35820 43570 18760 93330 51890 
75330 121471 150470 69470 43720 0 46580 78790 62120 47050 52150 49220 124521 63250 153160 53580 21750 59830 36620 120600 42300 131440 68070 65860 146970 54010 94630 100850 152151 97290 70440 122820 103712 50540 55110 56430 17510 44850 150850 23990 57330 134771 151370 49100 134430 13490 57900 21120 33980 128151 26010 
31630 90732 113221 50920 24400 46280 0 50571 43570 46220 21910 30690 90342 49230 115911 15570 53820 30190 12930 118104 4930 117211 68630 43420 114341 52900 63891 69761 118112 103910 29650 86061 89281 4200 38020 37900 30200 25990 113601 45160 17150 100511 114881 49750 97671 36490 16400 35810 37570 93891 47640 
32020 45111 67600 13350 49290 78240 50241 0 18090 38320 35340 30030 44721 25830 70290 43620 94090 23560 60951 70331 53031 69440 29050 12740 68720 33890 18260 24130 72491 60210 25750 40440 41820 46951 28740 25530 76120 46340 67980 92990 36300 54890 69260 37140 52050 83500 49680 83911 45330 48270 95020 
32420 61191 83680 11430 35810 61920 43550 18420 0 21120 21860 13710 60801 11950 86370 30490 77770 16380 53970 79020 44950 82511 30070 5490 84800 19060 34350 40220 88571 64740 25620 56520 53150 39860 11110 7730 59800 30020 84060 76670 27040 70970 85340 20220 68130 67180 47670 70980 29010 64350 78700 
44870 82261 104750 25680 37090 46970 46220 38250 21130 0 24530 16380 81871 20170 107440 33160 62820 25330 56640 80940 47620 88050 24990 26560 103580 10520 55420 57770 109641 60270 38280 77590 60482 42530 13050 14890 44850 29880 105130 61720 29710 90610 104980 5460 89200 52230 52340 56030 19010 83990 63750 
25490 76371 98860 29010 14500 51830 22290 35560 21660 24310 0 8780 75981 27320 101550 9150 67680 12340 32660 96600 23640 100091 46720 25400 99980 30990 49530 55400 103751 82000 19590 71700 70730 18600 16110 15990 44040 12590 99240 62660 5780 86150 100520 27840 83310 53170 28410 53820 18920 79530 64690 
30830 72931 95420 20930 22870 48960 30610 30260 13580 16380 8920 0 72541 19220 98110 17550 64810 11290 41030 88520 32010 92011 38790 17320 96540 23060 46090 51960 100311 74070 24240 68260 62650 26920 8010 7890 46840 17060 95800 63710 14100 82710 97080 19910 79870 54220 36730 58020 16050 76090 65740 
71521 15840 32290 56911 89801 125051 89782 44141 60421 81481 75851 72291 0 69391 30340 84131 141462 64071 100492 83062 92572 56722 63860 55381 50980 76950 34270 27980 30990 78770 65251 8270 49050 86492 71001 67791 118252 87761 35210 132802 76811 36330 49930 79760 8380 124132 89221 123452 87591 20150 135282 
43240 70071 92560 12560 41430 63390 49170 25590 11910 20060 27480 19240 69681 0 95250 36110 79240 23700 59590 78260 50570 84081 22310 17150 91960 13080 43220 45290 97451 57590 36650 65400 54720 45480 14910 12220 61270 35430 92940 78140 32660 78130 92500 15890 77010 68650 55290 72450 34610 71510 80170 
97340 44920 9580 82730 115620 152740 115601 69960 86240 107300 101670 98110 30420 95210 0 109950 169341 89890 128371 95040 120451 67370 88960 81200 53660 102050 59370 53080 36430 103870 91070 30020 74150 112311 96820 93610 146131 113580 17840 160681 102630 47230 49730 104860 23440 152011 115040 151331 113410 28430 163161 
26870 85032 107521 37800 11180 53440 15590 44350 30450 33100 8790 17570 84642 36110 110211 0 61320 21130 24280 105390 15260 108881 55510 34190 108641 39780 58191 64061 112412 90790 23860 80361 79520 12110 24900 24780 37360 11460 107901 54700 7700 94811 109181 36630 91971 45580 25570 45440 23040 88191 56730 
81910 137401 164601 85280 55500 21810 53600 94600 77930 62860 67960 65030 141722 79060 167291 61330 0 75640 43200 132250 49330 147250 83880 81670 162780 69820 110560 116660 169492 108160 81900 137441 119522 57810 70920 72240 25260 60660 164981 16740 68370 150581 166261 64910 149051 19070 64480 22050 49790 143961 11240 
20350 64841 87330 23670 26400 59410 29950 24030 16320 25150 12450 11200 64451 23680 90020 20890 75260 0 42880 91260 33960 89180 42310 14130 88450 28220 38000 43870 92221 76980 13760 60170 63390 26260 13070 11870 55940 24360 87710 74160 13570 74620 88990 25800 71780 64670 35260 64840 26500 68000 76190 
40220 101552 124041 60790 32810 36380 12890 61391 53440 56090 32110 40560 101162 59100 126731 23980 43340 43000 0 128924 9370 128031 78500 55050 125161 62770 74711 80581 128932 113780 40210 96881 100101 17100 47890 47770 20270 34400 124421 34680 29960 111331 125701 59620 108491 26010 22750 25330 45980 104711 37160 
99972 92600 86540 68460 111070 120660 118233 70260 79230 81510 97120 88970 82870 78790 94880 105750 132280 91640 129600 0 120210 28660 56900 81290 44190 74530 66590 58450 113000 25210 93702 77290 36750 114943 85440 82580 124030 105280 81570 140900 102300 51510 50090 77340 88590 131410 117672 135210 96880 71160 142930 
34340 93362 115851 52000 23880 42070 4850 53201 44650 47300 23320 31770 92972 50310 118541 15190 49470 34210 9600 119590 0 119841 69710 46860 116971 53980 66521 72391 120742 104990 33580 88691 91911 9060 39100 38980 25990 25610 116231 40810 21170 103141 117511 50830 100301 32140 19600 31460 37190 96521 43290 
96430 66640 59330 71130 113740 132080 116861 69040 81900 87790 99790 91640 56910 83610 67670 108420 147930 88980 129631 28660 121711 0 63740 80290 16390 80810 54070 45930 87040 46690 90160 51330 30670 111401 88110 85250 129960 107950 54360 146830 101720 25550 22290 83620 62630 137340 114130 141140 103160 45200 148860 
56230 71141 86231 19480 58700 68580 69000 28860 30250 25250 47310 39160 63851 22530 88921 55940 84430 42660 79420 56760 70400 64400 0 33790 79930 18270 38710 37711 93981 35270 49960 59071 38030 65310 32720 32660 66460 51490 86341 83330 52490 70551 84921 21080 70681 73840 73890 77640 40620 63931 85360 
27940 56141 78630 16400 39540 65650 43370 13080 5500 26560 25590 17440 55751 17330 81320 34220 81500 14250 54790 81321 46870 80490 33600 0 79750 24500 29310 35180 83521 68270 21140 51470 53320 39680 16150 12940 63530 33750 79010 80400 26990 65920 80290 25660 63080 70910 43190 74710 32740 59300 82430 
95650 61480 45310 79630 113930 147780 113911 68270 84550 103490 99980 96420 50730 92110 53650 108260 163630 88200 126681 44360 118761 16100 79440 79510 0 96510 54720 48430 78280 62390 89380 44040 46370 110621 95130 91920 144441 111890 39990 158991 100940 16950 8090 99320 51200 150321 113350 149641 111720 33050 161471 
47790 78081 99250 20570 44340 54220 52730 33600 18980 10580 31040 22890 76870 13130 101940 39670 70070 28250 63150 73900 54130 81010 17950 24410 96540 0 50150 50730 105461 53230 41200 72090 53442 49040 16340 16990 52100 37130 99360 68970 36220 83570 97940 6110 83700 59480 58850 63280 26260 76950 71000 
45270 42140 56670 30660 63550 94250 63531 17890 34170 55230 49600 46040 34290 43140 59360 57880 110100 37820 74241 66330 66321 54330 38830 29130 54820 50200 0 9020 64420 58670 39000 29510 30090 60241 44750 41540 92001 61510 56780 106551 50560 40990 55360 53010 41120 97881 62970 97201 61340 34370 109031 
51340 35660 50190 32940 69620 100400 69601 23950 40240 57650 55670 52110 27810 45420 52880 63950 116250 43890 80311 58200 72391 46150 37580 35200 48340 50670 8980 0 57940 52490 45070 23030 21960 66311 49920 47060 98071 67580 50300 112621 56630 34510 48880 53480 34640 103951 69040 103271 67410 27890 115101 
98991 33350 44760 84381 117271 148051 117252 71611 87891 108951 103321 99761 31080 96861 37090 111601 163901 91541 127962 113412 120042 87062 94070 82851 78680 104921 64480 58190 0 108980 92721 38850 79260 113962 98471 95261 145722 115231 51680 160272 104281 66910 77620 108051 29210 151602 116691 150922 115061 49460 162752 
90922 86500 101030 54200 94000 97230 104300 60080 64970 60550 82610 74460 78650 57830 103720 91240 108070 77380 114720 25290 105700 46490 35300 68510 62020 53570 58720 52510 108780 0 84652 73870 33530 100610 68020 67960 101760 86790 99400 118630 87790 69340 67920 56380 85480 108170 108610 112940 75920 78730 118920 
7510 66301 88790 34160 33810 70500 29610 26250 25740 38290 19830 24340 65911 36820 91480 24110 81850 13950 40200 93673 33620 90640 49980 21300 89910 41360 39460 45330 93681 84252 0 61630 64850 25920 26210 25010 57890 31900 89170 73400 17680 76080 90450 38940 73240 64730 25030 64050 37590 69460 75880 
67450 22700 28890 52840 85730 122390 85711 40070 56350 77410 71780 68220 7910 65320 29980 80060 137391 60000 96421 77110 88501 50760 59070 51310 43980 72160 29480 23190 38440 73980 61180 0 44260 82421 66930 63720 114181 83690 30460 128731 72740 29330 42930 74970 11740 120061 85150 119381 83520 12110 131211 
70830 56940 71470 42010 84620 102960 89091 41640 52780 59390 70670 62520 49090 54490 74160 79300 118810 63380 99801 36670 91881 30920 36860 53220 46450 52410 30260 22120 79220 33800 64560 44310 0 85801 58990 56130 100840 78830 71580 117710 75850 53770 52350 55220 55920 108220 88530 112020 74760 49170 119740 
28140 87162 109651 47260 21670 50240 4210 47001 39910 42560 18250 27030 86772 45570 112341 12050 58030 26530 17140 114534 9140 111501 64970 39760 110771 49240 60321 66191 114542 100250 25990 82491 85711 0 34360 34240 34160 22470 110031 49370 13490 96941 111311 46090 94101 40700 15490 40020 34050 90321 51850 
32600 71791 94280 17570 30150 55060 37890 29110 11160 13040 16200 7960 71401 14900 96970 24830 70910 13060 48310 85160 39290 88651 32340 16180 95400 16220 44950 49860 99171 67620 26010 67120 59290 34200 0 3760 52940 24150 94660 69810 21380 81570 95940 13460 78730 60320 44010 64120 23330 74950 71840 
31360 68671 91160 14650 30030 56120 37770 25990 7730 14890 16080 7840 68281 12150 93850 24710 71970 11820 48190 82240 39170 85731 32580 13060 92280 16910 41830 46940 96051 67860 24770 64000 56370 34080 3760 0 54000 24030 91540 70870 21260 78450 92820 14940 75610 61380 43890 65180 23210 71830 72900 
58430 118632 141121 67220 31230 16800 30060 76540 59870 44800 43880 46970 118242 61000 143811 37060 24680 55780 19720 122080 25780 129190 65820 63610 142241 51760 91791 97661 146012 101100 57770 113961 101462 34020 52860 54180 0 36930 141501 18950 44100 128411 142781 46850 125571 9460 41000 13260 31730 121791 20980 
37350 88231 110720 37430 7250 44490 26000 46750 30080 29820 12300 17180 87841 35440 113410 11450 60340 24200 34690 105020 25670 108511 50840 33820 111840 36780 61390 67260 115611 86120 31450 83560 79150 22520 24230 24110 36930 0 111100 55550 17330 98010 112380 31870 95170 46060 36130 49260 11580 91390 57580 
95260 50320 9180 80650 113540 150660 113521 67880 84160 105220 99590 96030 35240 93130 17810 107870 167261 87810 126291 81710 118371 54040 86500 79120 39600 99590 56910 50620 51300 99740 88990 30500 71690 110231 94740 91530 144051 111500 0 158601 100550 34820 34630 102400 31370 149931 112960 149251 111330 22640 161081 
73800 134002 156491 84040 50180 24210 45490 93360 76690 61620 62770 63790 133612 77820 159181 54640 16700 74400 35090 138950 41220 146060 82640 80430 157611 68580 107161 113031 161382 117970 73790 129331 118332 49700 69680 71000 19280 55880 156871 0 61680 143781 158151 63670 140941 11750 56370 10090 48550 137161 5920 
21890 77752 100241 34540 17760 57360 17280 37060 27190 29840 5530 14310 77362 32850 102931 7730 68390 13930 30210 102130 21290 102091 52250 27160 101361 36520 50911 56781 105132 87530 17690 73081 76260 13590 21640 21520 44430 17510 100621 61520 0 87531 101901 33370 84691 52650 23400 52170 24450 80911 63800 
81920 47570 39770 65900 100200 135010 100181 54540 70820 90650 86250 82690 36020 78380 47170 94530 150860 74470 112951 51410 105031 25060 70580 65780 16930 83670 40990 34700 66550 69440 75650 29330 53420 96891 81400 78190 130711 98160 34800 145261 87210 0 19090 86480 39530 136591 99620 135911 97990 21070 147741 
96450 62100 41190 80430 114730 151570 114711 69070 85350 105180 100780 97220 49790 92910 49530 109060 168451 89000 127481 50230 119561 21970 85110 80310 8090 98200 55520 49230 77330 68260 90180 43100 52240 111421 95930 92720 145241 112690 34940 159791 101740 19220 0 101010 50250 151121 114150 150441 112520 32100 162271 
45310 81431 102060 24000 39160 49040 49770 36950 20330 5360 28080 19930 79680 15940 104750 36710 64890 25770 60190 76710 51170 83820 20760 25760 99350 6030 52960 53540 108811 56040 38720 74900 56252 46080 13490 14960 46920 31950 102170 63790 33260 86380 100750 0 86510 54300 55890 58100 21080 79760 65820 
78940 22770 25400 64330 97220 133880 97201 51560 67840 88900 83270 79710 8270 76810 23450 91550 148881 71490 107911 88600 99991 62250 70560 62800 51210 83650 40970 34680 28970 85470 72670 11620 55750 93911 78420 75210 125671 95180 31380 140221 84230 39640 50150 86460 0 131551 96640 130871 95010 20780 142701 
64410 124612 147101 74250 40390 13580 36100 83570 66900 51830 53040 54000 124222 68030 149791 45290 18940 64610 25700 129110 31830 136220 72850 70640 148221 58790 97771 103641 151992 108130 64400 119941 108492 40310 59890 61210 9490 46090 147481 12010 52330 134391 148761 53880 131551 0 46980 8830 38760 127771 14040 
21690 90051 112540 57170 35740 57800 16540 49890 47380 52470 28160 36940 89661 55480 115230 25650 64760 34970 22740 117423 19490 114390 73620 42940 113660 59150 63210 69080 117431 108002 24990 85380 88600 15500 44270 44150 41690 36220 112920 56100 23400 99830 114200 56000 96990 47430 0 46750 47080 93210 58580 
64540 124742 147231 78160 43560 21210 36230 84581 70810 55740 53510 57910 124352 71940 149921 45380 21960 65520 25830 133020 31960 140130 76760 74550 148351 62700 97901 103771 152122 112040 64530 120071 112402 40440 63800 65120 13400 49260 147611 10130 52420 134521 148891 57790 131681 8750 47110 0 42670 127901 14280 
43250 88381 110870 36380 18970 33800 37760 45700 29030 19130 19060 16130 87991 34670 113560 23210 49650 26740 46450 96100 37430 103210 40150 32770 111990 26090 61540 67410 115761 75430 37350 83710 75642 34280 23460 23340 31680 11760 111250 48550 24240 98160 112530 21180 95320 39060 46870 42860 0 91540 50580 
75320 34470 23080 59300 93600 128410 93581 47940 64220 84050 79650 76090 19680 71780 28420 87930 144260 67870 106351 71180 98431 44830 63980 59180 32910 77070 34390 28100 49090 78890 69050 12130 49170 90291 74800 71590 124111 91560 22530 138661 80610 21210 31850 79880 20640 129991 93020 129311 91390 0 141141 
75900 136102 158591 86090 52230 25960 47590 95410 78740 63670 64880 65840 135712 79870 161281 56780 11200 76450 37190 140950 43320 148060 84690 82480 159711 70630 109261 115131 163482 119040 75890 131431 120332 51800 71730 73050 21330 57930 158971 5920 63820 145881 160251 65720 143041 13800 58470 14700 50600 139261 0 

0 Ciudad_0 0 0 32400 0
1 Ciudad_1 796 11496 26096 1592
2 Ciudad_2 579 4880 17129 1158
3 Ciudad_3 617 14773 26010 1234
4 Ciudad_4 654 6141 10348 1308
5 Ciudad_5 137 10945 18394 274
6 Ciudad_6 561 6399 17754 1122
7 Ciudad_7 409 16782 30162 818
8 Ciudad_8 265 22130 28749 530
9 Ciudad_9 640 9711 20662 1280
10 Ciudad_10 220 6807 20880 440
11 Ciudad_11 762 13096 22438 1524
12 Ciudad_12 419 12704 16819 838
13 Ciudad_13 359 23921 28262 718
14 Ciudad_14 476 25362 27403 952
15 Ciudad_15 221 5367 18861 442
16 Ciudad_16 673 16214 23666 1346
17 Ciudad_17 698 11002 24644 1396
18 Ciudad_18 286 23617 29301 572
19 Ciudad_19 793 4527 18133 1586
20 Ciudad_20 726 13889 23996 1452
21 Ciudad_21 139 21011 27594 278
22 Ciudad_22 605 8946 22935 1210
23 Ciudad_23 715 9107 19573 1430
24 Ciudad_24 120 13721 17333 240
25 Ciudad_25 557 11647 22567 1114
26 Ciudad_26 302 5579 15204 604
27 Ciudad_27 448 5802 20156 896
28 Ciudad_28 336 17386 20405 672
29 Ciudad_29 638 7944 14999 1276
30 Ciudad_30 376 20224 26696 752
31 Ciudad_31 208 3730 8551 416
32 Ciudad_32 716 2930 15101 1432
33 Ciudad_33 611 6529 21154 1222
34 Ciudad_34 217 26341 28741 434
35 Ciudad_35 704 12712 25518 1408
36 Ciudad_36 340 20790 29135 680
37 Ciudad_37 432 10681 25241 864
38 Ciudad_38 135 12859 24270 270
39 Ciudad_39 346 11233 13234 692
40 Ciudad_40 566 11997 21969 1132
41 Ciudad_41 186 4197 8964 372
42 Ciudad_42 290 13490 18733 580
43 Ciudad_43 160 14410 19808 320
44 Ciudad_44 363 8644 18521 726
45 Ciudad_45 236 4145 6998 472
46 Ciudad_46 438 20356 29887 876
47 Ciudad_47 274 5099 11902 548
48 Ciudad_48 150 7626 10292 300
49 Ciudad_49 672 15645 18731 1344
50 Ciudad_50 231 6067 19254 462

0 -0.0185768 -0.0608478 0.0987744 -0.0553118 -0.00552546 0.0511675 0.0481734 -0.0937689 -0.0744831 -0.00446376 0.0116988 0.0640963 -0.0777374 0.0402812 -0.0781949 -0.090841 -0.0612534 0.0335714 0.0124259 0.0994279 -0.0658324 0.0749399 0.0659648 -0.0993523 -0.0420817 -0.00753484 -0.0860686 -0.0114576 0.0678933 -0.0100018 -0.0427366 -0.0654593 0.0692484 0.042349 -0.0431209 -0.057095 0.0390714 0.0720722 -0.00481928 -0.0527335 0.0742816 0.037632 -0.00905435 0.0843764 0.0332787 0.0350261 -0.0957817 0.00480038 -0.087276 -0.0541008 
0.0185768 0 -0.0358986 -0.0425324 0.0768194 0.0839471 -0.0416361 -0.061439 0.0375584 0.0625832 -0.0801824 0.031169 0.0593068 0.0546247 0.0682322 -0.0418595 -0.0649657 0.0699531 -0.0839486 -0.00865906 0.0664248 0.0548584 -0.028312 0.00306395 0.0251917 0.000936324 0.00191081 0.0574199 0.0818083 0.0198202 -0.0719049 0.0543056 0.0711403 -0.0473354 -0.0858305 0.0769268 0.0225109 0.063962 0.0656514 0.0617149 0.0620022 0.0431705 0.00315724 0.0684622 -0.0571571 -0.0558973 0.0367253 0.00498927 0.0477526 -0.067028 0.0432262 
0.0608478 0.0358986 0 -0.0971394 -0.0975529 0.0246316 0.0339042 0.0722217 0.0820458 -0.0176757 0.0162946 0.00806716 -0.0951789 -0.0940648 -0.0105961 0.0973939 0.012349 -0.0600388 -0.0090138 0.00663154 -0.0357757 0.056821 -0.0675006 -0.0121934 -0.0565069 0.0937806 -0.0829845 0.0636532 0.0852159 -0.0637226 0.0665722 -0.0968122 0.0686296 0.0116367 0.0192043 -0.0563384 -0.0209852 0.0649521 0.0806039 -0.0122219 0.0795468 -0.00686896 -0.0276407 -0.00444161 -0.0537704 -0.0507933 -0.0524992 -0.0529786 0.000291505 0.0711511 -0.0357443 
-0.0987744 0.0425324 0.0971394 0 -0.0255348 0.0595371 -0.0153921 -0.0536626 0.0709215 -0.0238869 0.0314197 0.000263806 0.0713331 0.00948541 0.0743869 -0.0975843 0.00331075 0.0631667 0.0782288 -0.0655555 -0.0646719 0.00904482 0.0418834 0.0715959 0.0357579 0.00334482 0.0763758 -0.00257012 0.0505305 0.0341987 0.0871722 0.00676811 -0.0717581 0.0856296 0.0289526 -0.0796749 -0.0711243 -0.074613 0.0235503 -0.0449302 -0.0732572 -0.0317199 0.0320373 0.055911 -0.022806 -0.0139567 -0.0534734 -0.0824786 0.0721259 -0.0944961 -0.0680583 
0.0553118 -0.0768194 0.0975529 0.0255348 0 -0.0714991 0.0802266 0.0217196 -0.0325386 0.0646281 0.056986 0.049219 0.0597038 -0.0323113 0.0632837 -0.0196063 -0.0517104 0.0135773 0.0494332 -0.0429612 0.0932205 0.0421026 0.0815678 0.076133 -0.0593171 0.0386039 -0.0741461 0.0414127 0.0773027 -0.0698413 -0.0351893 -0.0227045 0.0449717 0.00448278 0.00991454 -0.0252845 0.0715752 -0.045081 0.0596629 0.0446472 0.0697411 -0.0849977 -0.00812737 0.0282822 -0.06615 0.0750637 -0.0185345 0.0425309 0.0449512 -0.0853457 -0.0752842 
0.00552546 -0.0839471 -0.0246316 -0.0595371 0.0714991 0 0.0776394 0.0728903 -0.0592587 -0.0211395 -0.0850004 0.0427588 -0.0902259 0.0114312 0.0167196 -0.0610439 0.0457259 0.00365707 -0.0772057 -0.0431361 -0.0912862 0.0507929 -0.0679239 -0.064129 -0.0979711 -0.00293563 -0.00171404 -0.0413695 0.0913375 -0.00145296 0.0229569 0.0116433 -0.0694143 0.0044594 -0.0303542 -0.0647294 0.059563 0.0690758 0.0758782 0.0975987 -0.0259612 0.0974878 -0.0357928 0.0639573 0.0843995 -0.0992242 -0.0424337 0.0179362 -0.0986661 -0.0456466 0.019721 
-0.0511675 0.0416361 -0.0339042 0.0153921 -0.0802266 -0.0776394 0 -0.0173066 -0.0319439 -0.00240112 0.0614568 0.00284902 0.073672 0.0866097 0.0270879 0.085341 -0.0392655 0.0778168 0.0926798 0.0436572 -0.037395 -0.0484773 -0.0766078 -0.0899699 0.0369943 0.0956861 0.000516495 -0.0701085 -0.093499 -0.0749611 0.0383737 0.09388 -0.00622247 -0.0945566 -0.020132 0.028495 -0.0887231 0.0715862 -0.0592328 -0.056402 -0.0850081 0.0238734 0.0756799 -0.0813393 -0.0411098 0.0356544 -0.0545939 -0.0733982 -0.0976245 -0.0638308 -0.0241156 
-0.0481734 0.061439 -0.0722217 0.0536626 -0.0217196 -0.0728903 0.0173066 0 0.0793699 -0.0308721 0.0624377 -0.0341491 0.0760563 -0.0375284 0.0710186 0.0522763 -0.0132883 -0.0217774 0.0207462 0.0727274 -0.0717133 0.0257801 0.0348541 -0.0878757 0.0255394 0.00911306 0.0227508 -0.0516953 -0.003049 -0.0443266 -0.00909183 0.0551311 0.0673203 -0.0477142 -0.0837701 0.0246622 0.0646882 -0.0313921 -0.0116426 0.0648543 0.0503251 0.0868827 0.0556075 0.0637934 0.0829987 -0.0561423 0.0505693 0.0311436 -0.0498056 0.0449019 0.0856512 
0.0937689 -0.0375584 -0.0820458 -0.0709215 0.0325386 0.0592587 0.0319439 -0.0793699 0 0.0673792 -0.0409535 0.0214418 -0.0387476 -0.0194988 -0.0755646 -0.0271686 0.0446904 0.00258553 -0.0158994 0.00800025 -0.0974353 -0.0951831 -0.00711974 -0.0620369 0.098909 0.0846706 0.0243207 0.0612467 -0.00135692 -0.0806259 -0.0181728 0.085621 0.0461944 0.0991723 -0.0725026 -0.0599174 -0.0100405 -0.040127 -0.012643 0.049573 -0.064852 -0.0420043 -0.0258202 0.0780478 -0.0672152 -0.0918112 -0.0833901 0.0496385 -0.0406726 -0.0940644 -0.0818637 
0.0744831 -0.0625832 0.0176757 0.0238869 -0.0646281 0.0211395 0.00240112 0.0308721 -0.0673792 0 0.00524271 0.0222924 0.0770885 -0.0799781 0.0470575 0.0591671 -0.053991 0.0592771 0.0388414 -0.0850151 0.0878968 0.0319113 -0.0981914 0.0564117 0.0255315 0.0013842 -0.0731396 -0.0993408 0.0532951 -0.0238731 0.0113581 0.0980756 0.0136854 0.0341617 0.0211739 -0.0678569 0.0281932 -0.00446929 -0.0783803 -0.0833533 0.0741501 -0.0326773 0.0597977 0.0375649 0.0663564 -0.053255 -0.0113037 -0.0783966 0.0265777 0.0853348 -0.0811898 
0.00446376 0.0801824 -0.0162946 -0.0314197 -0.056986 0.0850004 -0.0614568 -0.0624377 0.0409535 -0.00524271 0 -0.0706445 -0.0719601 -0.0692056 0.0864508 -0.0956501 0.0259505 0.0966111 -0.033388 -0.0357826 0.0271166 -0.0797101 -0.00908513 -0.0384246 0.0655553 0.0529564 0.0120092 -0.0812769 0.0277133 -0.0328861 -0.0739668 -0.0273905 0.00355765 -0.00219947 0.00850698 -0.0604973 -0.0322649 -0.00637302 0.0428624 -0.0836455 0.0173875 0.0741418 -0.0790191 0.00179234 0.0714682 -0.0677648 -0.0244346 -0.0399025 -0.0647897 0.0780159 0.0397531 
-0.0116988 -0.031169 -0.00806716 -0.000263806 -0.049219 -0.0427588 -0.00284902 0.0341491 -0.0214418 -0.0222924 0.0706445 0 0.0681558 -0.0822625 -0.0224772 -0.0880255 -0.0464872 0.0891365 -0.0469559 0.0744989 0.0962849 -0.0839489 -0.0805382 0.052083 0.0703515 -0.0486653 -0.0211091 0.0475893 0.0366285 -0.0847559 0.068195 0.0798162 0.00499471 -0.0095204 0.0461393 -0.0250012 -0.0166116 -0.0581744 0.070915 -0.053461 -0.0124341 -0.0963582 -0.0902693 0.0715328 -0.0833211 -0.0269819 0.0215212 -0.0221465 0.0726857 -0.0170157 0.0214092 
-0.0640963 -0.0593068 0.0951789 -0.0713331 -0.0597038 0.0902259 -0.073672 -0.0760563 0.0387476 -0.0770885 0.0719601 -0.0681558 0 -0.0169626 -0.0133482 0.06152 0.0795757 0.0856766 0.0569873 0.00801465 0.00578885 -0.074074 -0.0600038 0.0888813 0.0560094 0.0472135 0.0951478 0.0521444 0.0900807 -0.0785515 0.095088 -0.0880769 0.0243002 0.0273716 -0.00889251 0.0852923 -0.0517474 0.0437392 0.0574907 -0.0501754 -0.0090198 -0.0313988 0.0841592 -0.0983007 0.0873682 0.0543789 0.00101493 -0.00743156 -0.0944473 -0.0309581 0.0164124 
0.0777374 -0.0546247 0.0940648 -0.00948541 0.0323113 -0.0114312 -0.0866097 0.0375284 0.0194988 0.0799781 0.0692056 0.0822625 0.0169626 0 0.0563183 0.0894561 0.0963808 0.0399973 -0.0329178 0.0376875 0.0861524 0.0463807 0.0145973 0.0916018 0.00091424 0.0716066 -0.0288257 -0.0747802 0.0673132 -0.0415422 -0.0511514 0.0133455 0.0600715 0.0938501 -0.0977447 0.0516185 0.0649846 0.0766779 -0.0893475 0.0347377 -0.0525082 -0.0563388 0.0835223 -0.0894471 -0.0276326 0.0370005 0.0366385 -0.0561365 0.0366138 0.0303316 0.0214358 
-0.0402812 -0.0682322 0.0105961 -0.0743869 -0.0632837 -0.0167196 -0.0270879 -0.0710186 0.0755646 -0.0470575 -0.0864508 0.0224772 0.0133482 -0.0563183 0 0.0713948 -0.0334255 0.0233462 0.0127243 0.0250699 0.077567 -0.000966259 0.054517 0.0391336 0.00832667 0.0653592 0.0959927 -0.00991991 0.0615134 -0.0769291 -0.0634276 0.0690748 0.0320368 -0.0298089 0.0534233 0.0188944 0.0352372 0.0616635 -0.0653002 -0.0745976 0.0151714 -0.0992054 0.0456101 0.0512401 0.0781481 0.0295365 -0.0565962 0.0224901 0.037387 0.0701557 0.0290005 
0.0781949 0.0418595 -0.0973939 0.0975843 0.0196063 0.0610439 -0.085341 -0.0522763 0.0271686 -0.0591671 0.0956501 0.0880255 -0.06152 -0.0894561 -0.0713948 0 0.04939 -0.0942297 -0.0837097 0.0436343 -0.0634592 0.0159058 -0.0638736 -0.0588893 0.0340152 -0.0531072 -0.0563117 0.0714079 -0.0264865 0.0494954 -0.0881152 -0.0231744 -0.0906376 -0.08571 0.0681809 -0.0740449 0.0750718 0.0695092 -0.0711615 0.0751036 -0.083696 -0.0625178 0.0979561 -0.09682 -0.0861599 -0.0172767 0.0330105 -0.0289028 0.0307668 0.051993 -0.0547546 
0.090841 0.0649657 -0.012349 -0.00331075 0.0517104 -0.0457259 0.0392655 0.0132883 -0.0446904 0.053991 -0.0259505 0.0464872 -0.0795757 -0.0963808 0.0334255 -0.04939 0 0.0651559 -0.0729317 -0.00472897 0.0992977 0.0469644 -0.0726668 0.0544918 0.0207823 -0.0204134 0.0426124 -0.0800007 0.0139473 0.0988244 0.0705299 -0.0485985 0.00222042 0.0798196 0.065646 0.0263231 -0.00757119 0.0699825 0.0653404 -0.0212613 0.0215546 -0.0570561 -0.00553852 -0.0145579 0.0216905 0.0182611 -0.0894098 -0.0463786 0.0924972 -0.00149849 0.092705 
0.0612534 -0.0699531 0.0600388 -0.0631667 -0.0135773 -0.00365707 -0.0778168 0.0217774 -0.00258553 -0.0592771 -0.0966111 -0.0891365 -0.0856766 -0.0399973 -0.0233462 0.0942297 -0.0651559 0 -0.0857061 -0.0354532 -0.054931 0.0607343 -0.0647276 -0.0816609 -0.00403652 -0.0839844 0.0774278 0.046714 0.0919627 -0.049451 0.0825488 0.0300873 -0.065126 0.0317353 -0.0577957 -0.0321939 0.0295699 -0.0921514 -0.0421107 0.0282962 -0.0528649 -0.0558749 0.0456372 -0.000432111 -0.0795303 0.0361432 -0.0896481 -0.0556803 -0.0165443 -0.087356 0.00139451 
-0.0335714 0.0839486 0.0090138 -0.0782288 -0.0494332 0.0772057 -0.0926798 -0.0207462 0.0158994 -0.0388414 0.033388 0.0469559 -0.0569873 0.0329178 -0.0127243 0.0837097 0.0729317 0.0857061 0 0.00146236 0.0808884 0.0698838 -0.0192498 -0.016058 -0.0454762 -0.0572698 0.0336784 -0.00686896 0.0584352 0.0488616 -0.00371145 0.00576036 0.00501486 0.0354873 -0.0667214 0.0258488 -0.0825929 0.00295753 -0.0982572 0.0262478 -0.00537664 0.0396745 -0.0614348 0.0663482 -0.0360051 -0.096165 -0.0720771 -0.0340387 0.0728761 -0.0351275 0.046952 
-0.0124259 0.00865906 -0.00663154 0.0655555 0.0429612 0.0431361 -0.0436572 -0.0727274 -0.00800025 0.0850151 0.0357826 -0.0744989 -0.00801465 -0.0376875 -0.0250699 -0.0436343 0.00472897 0.0354532 -0.00146236 0 -0.0218835 -0.00186604 -0.00641203 -0.0125649 0.0201318 0.042131 -0.0478321 -0.092824 0.014516 -0.0675266 -0.0814086 -0.0281107 0.094322 -0.0843109 0.051694 0.0133276 -0.0641815 -0.0351131 -0.0642806 0.0218178 -0.0413933 0.0221898 0.0772638 -0.0331865 0.050024 -0.0939746 -0.0153068 -0.0460963 -0.0887012 -0.0900137 0.0520888 
-0.0994279 -0.0664248 0.0357757 0.0646719 -0.0932205 0.0912862 0.037395 0.0717133 0.0974353 -0.0878968 -0.0271166 -0.0962849 -0.00578885 -0.0861524 -0.077567 0.0634592 -0.0992977 0.054931 -0.0808884 0.0218835 0 0.024609 -0.0243261 -0.0639269 0.0354263 0.0492822 -0.00435006 -0.0860898 -0.0578781 0.00366025 -0.00691953 0.0829436 0.0473433 -0.0057033 0.0277653 -0.0252197 0.0175681 0.00857891 0.0703927 -0.067211 0.0621402 0.0695475 -0.0106612 -0.0264069 0.0116525 0.071966 0.0443378 0.0595584 0.034642 0.0109899 -0.0117297 
0.0658324 -0.0548584 -0.056821 -0.00904482 -0.0421026 -0.0507929 0.0484773 -0.0257801 0.0951831 -0.0319113 0.0797101 0.0839489 0.074074 -0.0463807 0.000966259 -0.0159058 -0.0469644 -0.0607343 -0.0698838 0.00186604 -0.024609 0 0.0666062 -0.0111738 -0.062774 0.0635707 -0.00128057 -0.0931513 0.0970528 -0.0298058 -0.0451057 -0.0293232 -0.0135588 0.0857757 -0.0743579 0.0440503 0.0722897 -0.00938831 -0.0490231 -0.0355673 0.0235947 -0.0561796 0.0443703 -0.0918057 0.0717388 -0.0115057 -0.000475762 -0.0985491 0.0163066 0.0294257 0.0754199 
-0.0749399 0.028312 0.0675006 -0.0418834 -0.0815678 0.0679239 0.0766078 -0.0348541 0.00711974 0.0981914 0.00908513 0.0805382 0.0600038 -0.0145973 -0.054517 0.0638736 0.0726668 0.0647276 0.0192498 0.00641203 0.0243261 -0.0666062 0 0.0827716 -0.00822722 0.0913988 -0.0562809 -0.0487752 -0.045416 -0.0961128 0.0109612 0.0243266 0.0754109 -0.0842406 0.0254198 0.0293924 -0.00610415 0.00619475 0.024377 0.0574707 0.0865399 0.0480504 -0.0213714 0.0267233 0.0400416 -0.0703277 0.0766604 -0.0672041 0.0940126 -0.0345818 0.0198041 
-0.0659648 -0.00306395 0.0121934 -0.0715959 -0.076133 0.064129 0.0899699 0.0878757 0.0620369 -0.0564117 0.0384246 -0.052083 -0.0888813 -0.0916018 -0.0391336 0.0588893 -0.0544918 0.0816609 0.016058 0.0125649 0.0639269 0.0111738 -0.0827716 0 -0.0843631 -0.004206 0.0953453 -0.0237365 -0.0760221 -0.0338896 -0.069151 0.0906722 0.0283603 -0.0858415 0.090139 -0.0516192 0.0457989 -0.0451379 -0.0230027 -0.094465 -0.0334338 -0.021141 0.0326928 -0.0838366 0.0357942 -0.0955905 -0.0765436 -0.088512 -0.0807962 -0.0543684 -0.0694095 
0.0993523 -0.0251917 0.0565069 -0.0357579 0.0593171 0.0979711 -0.0369943 -0.0255394 -0.098909 -0.0255315 -0.0655553 -0.0703515 -0.0560094 -0.00091424 -0.00832667 -0.0340152 -0.0207823 0.00403652 0.0454762 -0.0201318 -0.0354263 0.062774 0.00822722 0.0843631 0 -0.040239 -0.08257 0.0922699 -0.0959731 0.0767106 0.0487181 0.0448408 0.0572256 -0.00946261 0.0780199 0.0299454 -0.0628213 0.0224503 0.00517732 0.0439185 0.054586 0.0833161 -0.0270775 -0.0651259 -0.0618427 0.0822161 0.0489494 0.0704712 -0.065015 0.0392773 0.0156787 
0.0420817 -0.000936324 -0.0937806 -0.00334482 -0.0386039 0.00293563 -0.0956861 -0.00911306 -0.0846706 -0.0013842 -0.0529564 0.0486653 -0.0472135 -0.0716066 -0.0653592 0.0531072 0.0204134 0.0839844 0.0572698 -0.042131 -0.0492822 -0.0635707 -0.0913988 0.004206 0.040239 0 0.0988895 0.0851445 -0.0456883 -0.0991429 -0.0693931 -0.0151996 -0.0357547 0.0830059 0.0332964 0.00781591 -0.0521541 0.0955398 0.0452454 0.000731 0.045445 0.074393 0.0285895 0.0976435 0.0495844 -0.0698262 -0.0633237 -0.0693456 -0.0763427 0.063612 0.0113198 
0.00753484 -0.00191081 0.0829845 -0.0763758 0.0741461 0.00171404 -0.000516495 -0.0227508 -0.0243207 0.0731396 -0.0120092 0.0211091 -0.0951478 0.0288257 -0.0959927 0.0563117 -0.0426124 -0.0774278 -0.0336784 0.0478321 0.00435006 0.00128057 0.0562809 -0.0953453 0.08257 -0.0988895 0 -0.0249595 0.0849286 0.0742675 -0.0068918 -0.0032379 -0.0727743 -0.0298939 0.00933761 -0.0164858 -0.0160997 -0.0749024 -0.0773127 -0.0566306 -0.059236 0.0586956 0.0048618 -0.0967196 0.0071096 -0.0131325 -0.0329057 0.0228233 0.0570057 0.0245338 -0.0983357 
0.0860686 -0.0574199 -0.0636532 0.00257012 -0.0414127 0.0413695 0.0701085 0.0516953 -0.0612467 0.0993408 0.0812769 -0.0475893 -0.0521444 0.0747802 0.00991991 -0.0714079 0.0800007 -0.046714 0.00686896 0.092824 0.0860898 0.0931513 0.0487752 0.0237365 -0.0922699 -0.0851445 0.0249595 0 0.0752445 0.0976247 -0.0437698 0.0945465 -0.0999474 -0.0623323 -0.0951136 0.0919542 0.0961708 -0.0546716 0.0442154 -0.08368 0.0393192 -0.0240055 -0.0871479 -0.0141015 0.0253012 0.0286625 -0.00589325 0.0226908 -0.0310816 -0.023476 0.0621322 
0.0114576 -0.0818083 -0.0852159 -0.0505305 -0.0773027 -0.0913375 0.093499 0.003049 0.00135692 -0.0532951 -0.0277133 -0.0366285 -0.0900807 -0.0673132 -0.0615134 0.0264865 -0.0139473 -0.0919627 -0.0584352 -0.014516 0.0578781 -0.0970528 0.045416 0.0760221 0.0959731 0.0456883 -0.0849286 -0.0752445 0 0.0792627 0.0826991 0.0418591 0.035895 -0.0819118 -0.00735746 -0.0773578 0.0256354 0.0961331 -0.0948387 0.0753527 -0.052483 -0.0102215 -0.0599635 -0.0600175 0.0498872 0.0863352 -0.00955285 0.079731 0.0156744 0.0401042 -0.0885357 
-0.0678933 -0.0198202 0.0637226 -0.0341987 0.0698413 0.00145296 0.0749611 0.0443266 0.0806259 0.0238731 0.0328861 0.0847559 0.0785515 0.0415422 0.0769291 -0.0494954 -0.0988244 0.049451 -0.0488616 0.0675266 -0.00366025 0.0298058 0.0961128 0.0338896 -0.0767106 0.0991429 -0.0742675 -0.0976247 -0.0792627 0 -0.0526559 -0.0658885 0.0446921 -0.0699134 0.045929 0.0475355 -0.0456882 0.0437704 -0.0837138 0.0142543 0.030114 -0.0598589 -0.048418 -0.0156864 0.0129967 0.0514896 0.0570163 0.0737804 0.0966458 0.0771272 0.0338992 
0.0100018 0.0719049 -0.0665722 -0.0871722 0.0351893 -0.0229569 -0.0383737 0.00909183 0.0181728 -0.0113581 0.0739668 -0.068195 -0.095088 0.0511514 0.0634276 0.0881152 -0.0705299 -0.0825488 0.00371145 0.0814086 0.00691953 0.0451057 -0.0109612 0.069151 -0.0487181 0.0693931 0.0068918 0.0437698 -0.0826991 0.0526559 0 -0.037068 -0.0351646 -0.0768996 0.0765172 0.0845843 -0.0127397 0.0116035 0.0399797 0.0990378 0.0125026 -0.00210125 0.0726585 -0.0637605 0.0946973 0.0152362 0.030581 -0.071272 0.04601 -0.0100647 0.0103465 
0.0427366 -0.0543056 0.0968122 -0.00676811 0.0227045 -0.0116433 -0.09388 -0.0551311 -0.085621 -0.0980756 0.0273905 -0.0798162 0.0880769 -0.0133455 -0.0690748 0.0231744 0.0485985 -0.0300873 -0.00576036 0.0281107 -0.0829436 0.0293232 -0.0243266 -0.0906722 -0.0448408 0.0151996 0.0032379 -0.0945465 -0.0418591 0.0658885 0.037068 0 -0.086307 -0.0989976 -0.0971359 0.0824762 -0.0583088 0.0472503 0.00438746 8.06813e-05 -0.0726618 -0.0385994 0.0022334 -0.056503 0.0475259 0.0537618 -0.0602032 -0.0211682 -0.0151202 -0.00315944 -0.0409878 
0.0654593 -0.0711403 -0.0686296 0.0717581 -0.0449717 0.0694143 0.00622247 -0.0673203 -0.0461944 -0.0136854 -0.00355765 -0.00499471 -0.0243002 -0.0600715 -0.0320368 0.0906376 -0.00222042 0.065126 -0.00501486 -0.094322 -0.0473433 0.0135588 -0.0754109 -0.0283603 -0.0572256 0.0357547 0.0727743 0.0999474 -0.035895 -0.0446921 0.0351646 0.086307 0 0.0581753 0.068508 -0.0903356 0.0104071 -0.0312933 0.0881513 -0.0311772 -0.0112219 0.0724452 0.0623709 -0.0862674 -0.06075 0.0707946 -0.072272 0.0937041 0.0688365 -0.0543697 0.0534575 
-0.0692484 0.0473354 -0.0116367 -0.0856296 -0.00448278 -0.0044594 0.0945566 0.0477142 -0.0991723 -0.0341617 0.00219947 0.0095204 -0.0273716 -0.0938501 0.0298089 0.08571 -0.0798196 -0.0317353 -0.0354873 0.0843109 0.0057033 -0.0857757 0.0842406 0.0858415 0.00946261 -0.0830059 0.0298939 0.0623323 0.0819118 0.0699134 0.0768996 0.0989976 -0.0581753 0 0.0172596 -0.0574394 0.0737252 0.076791 0.0106226 0.0158952 -0.0487112 -0.0502788 0.078608 -0.0208501 0.0463933 -0.0850223 -0.0728922 0.00261336 2.79209e-05 -0.0364182 -0.0581802 
-0.042349 0.0858305 -0.0192043 -0.0289526 -0.00991454 0.0303542 0.020132 0.0837701 0.0725026 -0.0211739 -0.00850698 -0.0461393 0.00889251 0.0977447 -0.0534233 -0.0681809 -0.065646 0.0577957 0.0667214 -0.051694 -0.0277653 0.0743579 -0.0254198 -0.090139 -0.0780199 -0.0332964 -0.00933761 0.0951136 0.00735746 -0.045929 -0.0765172 0.0971359 -0.068508 -0.0172596 0 -0.0510194 -0.092127 0.0496438 -0.0213378 0.0904374 -0.0680703 -0.0850965 -0.0777441 -0.0654727 -0.0260984 0.0283784 0.0414431 0.0381002 0.0858303 -0.0585639 -0.00414292 
0.0431209 -0.0769268 0.0563384 0.0796749 0.0252845 0.0647294 -0.028495 -0.0246622 0.0599174 0.0678569 0.0604973 0.0250012 -0.0852923 -0.0516185 -0.0188944 0.0740449 -0.0263231 0.0321939 -0.0258488 -0.0133276 0.0252197 -0.0440503 -0.0293924 0.0516192 -0.0299454 -0.00781591 0.0164858 -0.0919542 0.0773578 -0.0475355 -0.0845843 -0.0824762 0.0903356 0.0574394 0.0510194 0 0.0524826 0.0773634 0.00527976 -0.000848332 0.0111254 -0.020311 -0.0184574 0.0826903 0.0766777 -0.0762739 0.0195432 -0.0715395 -0.0278541 0.0129296 0.0606424 
0.057095 -0.0225109 0.0209852 0.0711243 -0.0715752 -0.059563 0.0887231 -0.0646882 0.0100405 -0.0281932 0.0322649 0.0166116 0.0517474 -0.0649846 -0.0352372 -0.0750718 0.00757119 -0.0295699 0.0825929 0.0641815 -0.0175681 -0.0722897 0.00610415 -0.0457989 0.0628213 0.0521541 0.0160997 -0.0961708 -0.0256354 0.0456882 0.0127397 0.0583088 -0.0104071 -0.0737252 0.092127 -0.0524826 0 -0.0916434 0.0172353 0.0519603 0.0915496 -0.0534631 -0.0132858 -0.0805554 -0.0802613 -0.00775568 0.0765321 0.0507962 0.0861419 -0.0913968 -0.0351088 
-0.0390714 -0.063962 -0.0649521 0.074613 0.045081 -0.0690758 -0.0715862 0.0313921 0.040127 0.00446929 0.00637302 0.0581744 -0.0437392 -0.0766779 -0.0616635 -0.0695092 -0.0699825 0.0921514 -0.00295753 0.0351131 -0.00857891 0.00938831 -0.00619475 0.0451379 -0.0224503 -0.0955398 0.0749024 0.0546716 -0.0961331 -0.0437704 -0.0116035 -0.0472503 0.0312933 -0.076791 -0.0496438 -0.0773634 0.0916434 0 0.0999208 0.00188169 0.0311953 0.0261015 0.0266818 0.0244321 -0.094824 0.0448136 -0.0964544 -0.0890476 -0.0725151 -0.0705967 -0.0127253 
-0.0720722 -0.0656514 -0.0806039 -0.0235503 -0.0596629 -0.0758782 0.0592328 0.0116426 0.012643 0.0783803 -0.0428624 -0.070915 -0.0574907 0.0893475 0.0653002 0.0711615 -0.0653404 0.0421107 0.0982572 0.0642806 -0.0703927 0.0490231 -0.024377 0.0230027 -0.00517732 -0.0452454 0.0773127 -0.0442154 0.0948387 0.0837138 -0.0399797 -0.00438746 -0.0881513 -0.0106226 0.0213378 -0.00527976 -0.0172353 -0.0999208 0 -0.0977705 -0.0264683 -0.0242404 -0.0362752 0.091588 0.0815742 -0.0441167 0.0703748 -0.0308804 -0.0584523 0.0103834 0.0920522 
0.00481928 -0.0617149 0.0122219 0.0449302 -0.0446472 -0.0975987 0.056402 -0.0648543 -0.049573 0.0833533 0.0836455 0.053461 0.0501754 -0.0347377 0.0745976 -0.0751036 0.0212613 -0.0282962 -0.0262478 -0.0218178 0.067211 0.0355673 -0.0574707 0.094465 -0.0439185 -0.000731 0.0566306 0.08368 -0.0753527 -0.0142543 -0.0990378 -8.06813e-05 0.0311772 -0.0158952 -0.0904374 0.000848332 -0.0519603 -0.00188169 0.0977705 0 0.0838584 0.00320312 -0.056342 -0.0819604 0.0803339 -0.0142098 -0.00679067 0.0124329 0.0302728 0.00798151 0.0637141 
0.0527335 -0.0620022 -0.0795468 0.0732572 -0.0697411 0.0259612 0.0850081 -0.0503251 0.064852 -0.0741501 -0.0173875 0.0124341 0.0090198 0.0525082 -0.0151714 0.083696 -0.0215546 0.0528649 0.00537664 0.0413933 -0.0621402 -0.0235947 -0.0865399 0.0334338 -0.054586 -0.045445 0.059236 -0.0393192 0.052483 -0.030114 -0.0125026 0.0726618 0.0112219 0.0487112 0.0680703 -0.0111254 -0.0915496 -0.0311953 0.0264683 -0.0838584 0 -0.0660661 -0.0962344 0.0577357 -0.0248182 0.0438516 0.00178368 -0.0758967 0.0590036 -0.0476333 -0.05247 
-0.0742816 -0.0431705 0.00686896 0.0317199 0.0849977 -0.0974878 -0.0238734 -0.0868827 0.0420043 0.0326773 -0.0741418 0.0963582 0.0313988 0.0563388 0.0992054 0.0625178 0.0570561 0.0558749 -0.0396745 -0.0221898 -0.0695475 0.0561796 -0.0480504 0.021141 -0.0833161 -0.074393 -0.0586956 0.0240055 0.0102215 0.0598589 0.00210125 0.0385994 -0.0724452 0.0502788 0.0850965 0.020311 0.0534631 -0.0261015 0.0242404 -0.00320312 0.0660661 0 0.0891849 -0.042836 -0.0953985 0.0876825 -0.0390074 0.0657775 0.0709436 -0.0761287 0.0899727 
