50

16000 4500

30 55 80

6

0 70470 99590 82750 73670 71770 90540 79380 60650 89960 63020 92360 83840 93760 44920 91730 91430 98860 95000 34240 52940 99690 94020 95140 60300 66120 93380 96660 90010 89670 86360 79150 86142 76080 31620 76660 47400 83950 48430 97410 98350 41660 32130 91860 92980 91880 98110 64630 68780 98830 35450 
70690 0 35950 13370 18600 21800 71770 31920 55280 93850 93341 26710 109901 24010 44130 30950 21710 50570 44410 53910 22771 105080 85780 50200 52330 68960 44370 37610 115151 58050 63990 75210 56550 71430 47720 58500 75291 18190 52000 71150 62460 83660 52051 50950 39110 53400 36180 68200 52830 42760 43060 
99830 36010 0 23020 48800 52000 77630 28860 69950 112330 128340 10910 144900 18710 61530 50980 32690 33470 24290 76890 57191 133320 93830 40410 65350 85840 30300 57470 150260 55660 89420 104290 57240 85540 70750 64510 110290 18010 69400 71330 55530 112800 86471 73120 59090 46950 52890 85600 61960 13400 66090 
82760 13280 22870 0 27970 31170 73910 28900 61720 102070 105031 14300 121591 13730 52350 32580 14290 45120 38290 64600 34461 113900 88870 46880 57340 76660 39100 39070 126951 58220 71020 84030 58120 77760 58410 60640 86981 7260 60220 72720 59440 95501 63741 54720 40690 50380 34490 76420 56060 32770 53750 
72880 18560 48530 27490 0 3520 87300 49270 69440 106510 81830 40290 97040 32080 56490 19930 23430 66670 60160 62890 21930 87180 100870 67550 66490 81560 60470 26970 103330 73580 46090 57310 72080 85590 57750 74030 68090 33940 64600 86680 78750 78850 46740 33050 27640 69590 26310 80800 68090 58510 52910 
70510 22000 51970 30930 3760 0 86820 51210 68960 104640 78740 43730 93950 35520 56010 20280 26870 70110 63600 60520 19540 83830 100390 68310 66010 80800 63910 27320 100240 73100 42740 53960 71600 85110 55380 73550 65000 37380 63110 86200 78270 76480 44370 29700 27090 69110 26660 79310 67610 61950 50720 
90510 71740 77950 74360 86400 86150 0 52190 32940 81110 130010 76840 148041 83200 50010 101350 88400 55321 60771 66080 76540 156051 19790 45841 32070 48350 53991 108010 153401 25090 125714 133521 22490 28900 59890 17470 113431 72050 52720 12550 33800 108650 90191 115680 109510 36550 106760 60650 24430 71130 57880 
80080 31750 28980 29160 49140 51520 51950 0 45320 89170 109670 27900 126600 34290 39450 57690 43200 20640 18060 57110 44310 130890 68150 19230 40720 63330 14830 64350 131960 30830 94090 102020 32330 60910 50970 38830 91990 24390 47320 46500 31180 93570 68750 79940 65850 22120 63100 63520 36810 23060 46310 
61100 55100 70180 62050 68620 68370 32760 44930 0 54860 100600 67310 118311 70890 19150 85890 75090 58500 59700 36670 53850 126641 35260 51271 5610 20000 54700 92550 122911 34030 103024 104111 30250 19120 30480 19760 84021 60630 22150 40170 44750 79240 60781 97900 94050 44410 91120 33110 14090 67380 28470 
91160 94950 112950 103250 106760 104950 80820 89820 55510 0 130660 109070 148371 112650 51490 124910 114940 107160 107250 66730 86340 156701 70350 101823 60230 38450 102590 131950 152971 85712 133891 134171 81932 53730 60540 72690 114081 102390 44310 91490 96432 109300 90841 132742 131720 94962 130970 27140 67780 111160 58530 
63190 92670 127260 105130 83880 80550 130460 108730 100570 129880 0 118010 27360 115630 84840 94100 105301 128700 124840 74160 70780 55840 133940 124980 100220 106040 123220 96370 35230 125220 75020 54290 123720 116000 71530 116580 19390 109490 88350 137330 132570 48810 42000 87370 92690 123410 101041 104550 108700 128670 74700 
93200 27180 9950 14780 40790 43990 77160 28320 67700 108820 118931 0 135491 12890 58330 42970 24680 36100 27410 73570 48361 125310 92210 41980 63310 82640 32890 49460 140851 56620 81410 96280 58200 83500 67430 63890 100881 8780 66200 72290 56970 106170 77641 65110 51080 47910 44880 82400 59920 19810 62770 
84360 109860 144450 122320 99250 95920 148921 126380 118511 147821 27290 135200 0 132820 102781 109470 120671 146350 142490 95330 87560 69670 152961 142630 118161 123981 140870 111740 39970 142870 90070 69340 141370 134101 92700 134521 37610 126680 106291 155791 150220 70200 58780 102740 108060 141060 116411 122491 126641 146320 91830 
93840 23900 18570 13570 32450 35650 82730 34200 70680 111800 115651 12730 132211 0 61310 34300 15360 46231 37151 75570 45081 116640 97780 51170 66300 85620 42680 40220 137571 64260 72740 87610 65840 86720 69380 69460 97601 10650 69180 79930 64610 106121 74361 56440 42410 55550 35340 85380 65020 30330 64720 
45410 44150 62100 52450 55950 55700 50110 39020 19350 50590 84910 58220 102621 61780 0 74500 64140 57110 56400 20980 40590 110951 52720 53140 20160 25720 52540 81600 107221 46930 88141 88421 44950 35520 14790 35590 68331 51540 8740 56380 55610 63550 45091 85230 81540 49140 80170 24940 27580 60230 12780 
90780 30630 51170 31870 20000 20450 100860 57540 85760 124330 93420 42940 108630 34610 74610 0 21610 74670 68160 80790 39810 84590 115310 75710 82620 99440 68470 8090 113250 86420 40690 59150 85640 101910 75650 87590 79680 38440 82480 100240 88080 96160 63460 23710 9590 79020 6850 98680 82360 62450 70990 
91570 21750 32550 14260 23480 26680 88160 43150 75100 113700 105101 24320 120311 15340 63980 21380 0 58670 50420 75240 42971 103160 103120 61130 71590 88810 52790 26020 125651 72470 59260 75940 72370 91250 69050 74890 89990 20080 71850 86970 73690 101930 69900 42280 28400 64630 21140 88050 70310 43830 64390 
98550 51000 33550 45130 67470 70670 56030 20770 58690 106890 129470 36460 146400 46351 57030 74960 58700 0 9890 75570 63390 150090 72230 9840 54030 76392 7370 81620 151760 33160 112860 121100 35240 70831 69430 45121 111790 40010 64900 48920 27750 112400 87390 97210 83120 20180 78900 81100 46040 20650 64770 
95290 44200 24060 38110 60510 63710 61691 17870 59890 106690 125260 27520 142190 36841 56200 68000 50760 9630 0 72310 58810 145532 77891 17250 55290 78490 7090 74660 147550 38941 105900 116520 40531 74650 66170 49080 107580 32990 64070 54611 34640 109140 83950 90250 76160 26620 70960 80270 49320 11080 61510 
34780 53140 75860 63940 62640 60740 66000 55860 36110 65420 74280 71870 95100 74950 20380 80700 74560 75040 71270 0 41910 106190 69480 71240 35760 41580 69660 87740 100920 65130 86060 85610 61602 51540 5970 52120 58660 64990 23890 72870 73810 52920 38980 85730 86850 67340 87080 40090 44240 75100 11820 
52980 22300 56890 34760 21680 19550 76520 44480 53850 86050 71010 47640 87250 45260 41010 39510 43060 64230 58980 41840 0 87162 85720 60520 50900 62210 58160 46550 91850 64150 50474 58150 62650 70000 36790 61140 52960 39120 44520 77250 69320 61480 29720 48760 46320 60160 45890 60720 53750 62430 31590 
100080 104920 132590 112950 87270 83680 157151 131101 127261 156571 56250 124360 69890 116030 111531 83380 102560 150851 145601 106480 87031 0 161191 147141 126911 132731 144781 78270 43960 150400 45210 30480 148900 142691 103850 143271 56530 119520 115041 163500 155570 87440 68700 61780 75560 146410 81940 131241 135391 143870 100580 
94540 85750 94450 89110 99820 99570 19780 68690 35200 70920 134040 91960 152431 97950 52590 115900 103150 71821 77271 70110 85770 160441 0 62341 36440 40520 70491 122560 157791 41590 134944 137551 38990 20350 63920 30700 117461 87170 52440 28790 50300 112680 94221 129100 124060 53050 121310 51690 33570 87630 61910 
94850 49440 40260 46650 66830 67590 46440 18890 51781 101662 124620 41450 141550 50940 52760 75380 60530 9830 17510 71440 59700 146210 62640 0 46550 66802 11120 82040 146910 23570 109734 117410 25650 61241 65250 35531 106940 41530 60410 39330 18360 108600 83700 97120 83540 10590 80730 76610 38200 28270 61080 
60830 52020 65530 57950 65540 65290 31930 40280 5580 59540 100330 62760 118041 66790 19930 82810 71700 53690 55050 36400 50770 126371 36400 47260 0 24680 50050 89470 122641 30920 99944 103841 27140 20680 30210 17650 83751 56530 23040 38400 41640 78970 60511 94820 90970 40240 88040 37790 9770 62730 28200 
67750 69070 85890 76750 82590 81540 47940 62440 20010 37340 107250 82010 124961 85590 26800 99860 89060 75803 78350 43320 62930 133291 40240 66323 24730 0 73350 106520 129561 50212 110481 110761 46432 21790 37130 37500 90671 75330 21900 56680 60932 85890 67431 109332 108020 59462 105090 15790 32590 84020 35120 
93960 44780 30430 39240 61250 64450 54941 14880 54880 102460 123570 32350 140500 42780 52450 68740 52960 7440 7090 70990 57850 144572 71141 11110 50280 73480 0 75400 145860 32191 106640 115560 33781 68990 64850 43361 105890 34120 60320 47861 28240 107610 82650 90990 76900 19870 73160 76520 43660 18020 60190 
96860 37660 57580 38900 27020 27470 107890 64570 92790 131360 95540 49350 110750 40380 81640 8670 26000 81700 75190 87810 46830 78750 122340 82740 89650 106470 75500 0 112800 93450 34850 54220 92670 108940 82670 94620 81800 45110 89510 107270 95110 99240 66540 17870 3900 86050 5380 105710 89390 68860 78010 
90490 114370 148960 126830 104681 101351 153431 130890 122941 152251 35120 139710 40240 137330 107211 113440 125371 150860 147000 100800 91990 44230 157471 147140 122591 128411 145380 113170 0 147380 80020 59050 145880 138531 98170 138951 43740 131190 110721 160301 154730 76330 63210 96020 110040 145570 116840 126921 131071 150830 96260 
90080 57980 55410 57630 72680 72430 25080 30230 34340 85661 125820 55750 142750 63350 46960 85630 71670 32190 38231 65650 64330 150150 41280 22710 30540 50801 31451 92290 148110 0 114364 122040 5050 43800 59460 17640 108140 53450 52290 17970 12000 108220 84900 101960 93790 12990 91040 64381 22190 48590 57450 
86360 64080 89430 70640 46430 42840 125862 93880 103192 132863 74850 81200 89590 72870 87823 40220 59400 112190 105680 86100 50772 46410 135062 110882 100242 109023 105990 35110 79960 114512 0 21880 113012 118983 82420 110482 63450 76960 91333 127612 119682 86520 54720 18620 32400 110522 38780 107533 103092 100710 78140 
79200 75000 103960 83030 57350 53760 133460 102591 103951 133261 53890 95730 68630 87400 88221 58940 75700 122341 116600 85310 58521 30430 137321 118631 103601 109421 116271 54220 58840 122261 21730 0 120761 119381 82600 118080 44870 89600 91731 135361 127431 72350 47560 37730 51510 118271 57890 107931 110690 114950 78320 
85870 56570 56340 58560 71230 70980 22450 31160 30130 81451 124200 56680 141130 64280 43920 86180 72600 33711 39161 61440 62880 148700 38650 24231 26330 46591 32381 92840 146490 4420 112914 120590 0 39590 55250 13430 106520 54380 48080 15590 15140 104010 83280 100510 94340 15800 91590 60171 17980 49520 53240 
76670 71780 85960 78380 85300 85050 28720 60710 19540 53830 116170 83190 134201 87220 35420 102570 91770 70251 74570 52240 70530 142211 20360 60771 21200 22030 68921 109230 139411 43530 119401 119681 39750 0 46050 27890 99591 76960 34080 40000 54250 94810 76351 114580 110730 53910 107800 34330 25790 82800 44040 
32050 47720 70720 58520 57850 55720 60120 50720 30230 59540 71550 66730 92370 69530 14500 75680 69140 69330 66130 6810 36580 103460 63600 65360 29880 35700 64520 82720 98190 59250 82320 82600 55722 45660 0 46240 55930 59720 18010 66990 67930 50190 36250 81990 82490 61460 82060 34210 38360 69960 5940 
76670 58370 65080 60990 73030 72780 17210 39310 19770 72450 116170 63470 133881 69830 34720 87980 75030 44511 49350 52240 60890 142211 30690 35031 17130 37610 43181 94640 138481 17210 110064 117730 13430 27850 46050 0 99591 58680 38880 21450 27930 94810 76351 102310 96140 28170 93390 50390 8780 58260 44040 
47710 74820 109410 87280 69411 66081 113771 91230 83881 113191 19390 100160 37400 97780 68151 79631 90101 111200 107340 58680 52930 56400 117251 107480 83531 89351 105720 81901 43570 107720 63570 44900 106220 99311 56050 99891 0 91640 71661 120641 115070 33550 24150 73630 78221 105910 85841 87861 92011 111170 57200 
84420 18400 17770 7500 34280 37480 72080 24360 60640 101510 110151 8520 126711 11390 51270 38820 20530 40020 32870 66150 39581 120490 87130 41910 56260 75580 34130 45310 132071 54550 77260 90620 55880 76680 59960 58810 92101 0 59140 70220 54900 97390 68861 60960 46930 45840 40730 75340 54840 26990 55310 
48820 52850 70800 61150 64420 62610 51720 47720 20740 43410 88320 66920 106031 70480 9390 82570 72840 65240 65100 24390 44000 114361 51180 60970 22730 20560 60670 89610 110631 52360 91551 91831 48580 32730 18200 38410 71741 60240 0 59130 62650 66960 48501 90402 89380 56370 88870 17760 31210 68930 16190 
97460 71060 70830 73050 85720 85470 12490 45650 40150 91480 136960 71170 154991 78770 55510 100670 87090 48201 53651 73030 77370 163001 28740 38721 37920 57200 46871 107330 160351 17950 127404 135080 15590 39780 66840 21440 120381 68870 59670 0 24800 115600 97141 115000 108830 29410 106080 69500 29570 64010 64830 
98630 61740 55410 59150 78000 77750 33350 31160 44750 96071 133560 56270 150490 64280 55390 87680 73190 27560 34770 74200 69650 155470 49550 18160 40950 61211 27990 94340 155850 12000 119684 127360 15400 54210 68010 28050 115880 54380 62490 24750 0 116760 92640 107280 95840 9670 93090 74791 32600 45700 66000 
41840 83410 113590 95870 78680 76780 109110 93070 79220 108530 48880 106050 70020 106370 63490 96740 101790 112860 109000 52810 61520 87440 112590 109150 78870 84690 107390 99310 76190 108240 86650 72330 104712 94650 50180 95230 33580 97640 67000 115980 116920 0 34780 94510 95630 108030 103120 83200 87350 112830 53570 
32160 51190 85780 63650 46200 44300 90141 67600 60251 89561 42050 76530 58290 74150 44521 63870 69310 86870 83010 38590 29300 68090 93621 83160 59901 65721 81400 66290 62890 84090 54740 47530 82590 75681 35960 76261 24000 68010 48031 97011 91440 34550 0 61490 62610 82280 70230 64231 68381 86840 33570 
91870 50890 72690 53920 33240 29650 116300 79590 98440 131281 87170 64460 102190 56130 85490 23180 42360 96720 90210 85510 49140 62450 129870 97760 95490 107441 90520 18070 96000 102580 18550 37920 101080 114590 81780 103030 73470 60220 89751 115680 107750 94250 61550 0 15360 98590 21740 105951 97090 83970 77500 
93320 38710 58720 39950 27460 27040 108940 65620 93840 131500 92000 50490 107210 42160 82050 9210 28490 82750 76240 86960 46400 76170 123390 83790 90700 107120 76550 4040 109930 94500 32270 51640 93720 109990 82240 95670 78260 46250 89970 108320 96160 95700 63000 15290 0 87100 8220 106170 90440 70000 77580 
92220 52880 47020 50290 68890 68640 37110 22300 45100 94981 124450 47580 141380 55420 48980 78820 64330 20330 26380 67790 60540 146360 53310 10850 39890 60121 19600 85480 146740 14240 110574 118250 16320 54560 61600 28850 106770 45520 56080 30000 9630 108270 83530 98170 86980 0 84230 72220 31540 37310 59590 
97030 36300 52760 34470 26250 26700 106530 63210 91430 130000 100951 44530 116161 35540 80280 6790 21140 78880 70630 87040 46060 82590 120980 81340 88290 105110 73000 5450 116640 92090 38690 58060 91310 107580 81900 93260 85840 40290 88150 105910 93750 102410 69710 21710 8200 84690 0 104350 88030 64040 77240 
66020 68960 86910 77260 81150 79810 60460 63830 33330 27040 105520 83030 123231 86590 25500 99750 88950 81170 81210 41590 61200 131561 51700 76900 38050 14860 76600 106410 127831 63792 108751 109031 60012 34310 35400 50320 88941 76350 18320 69500 74512 84160 65701 107602 106580 71820 104980 0 45410 85120 33390 
68670 52900 62460 56370 67160 66920 24170 36710 14090 67530 108170 59690 125881 65210 26720 83050 70410 46070 49140 44240 53610 134211 33560 38470 9130 32690 43640 89710 130481 21930 102784 110450 18150 25680 38050 8790 91591 54900 30880 29580 32650 86810 68351 96440 91210 31250 88460 45470 0 57370 36040 
98990 42460 13770 32950 58770 61970 70920 22950 67490 110700 128960 19840 145890 30460 59900 62310 44020 20570 11090 76010 62410 144650 87120 28190 62890 84210 17920 68800 151250 48950 100750 115380 50530 82820 69870 57800 111280 26950 67770 64620 44480 112840 87650 84450 70420 37450 64220 83970 57490 0 65210 
35330 43000 66130 53800 52600 50470 58660 46130 28770 58080 74470 62140 91750 64810 13040 70430 64420 65310 61540 11940 31330 100080 62140 61600 28420 34240 59930 77470 96350 57790 77990 78270 54270 44200 5750 44780 57460 55000 16550 65530 66470 53340 34220 77660 77240 60000 76810 32750 36900 65370 0 

0 Ciudad_0 0 0 32400 0
1 Ciudad_1 802 4137 18737 1604
2 Ciudad_2 262 14826 27075 524
3 Ciudad_3 825 16148 27385 1650
4 Ciudad_4 323 18671 22878 646
5 Ciudad_5 565 11910 19359 1130
6 Ciudad_6 305 5455 16810 610
7 Ciudad_7 650 6205 19585 1300
8 Ciudad_8 697 18639 25258 1394
9 Ciudad_9 423 8983 19934 846
10 Ciudad_10 586 14336 28409 1172
11 Ciudad_11 259 18523 27865 518
12 Ciudad_12 415 16026 20141 830
13 Ciudad_13 129 5863 10204 258
14 Ciudad_14 144 19137 21178 288
15 Ciudad_15 780 5516 19010 1560
16 Ciudad_16 202 20019 27471 404
17 Ciudad_17 762 5797 19439 1524
18 Ciudad_18 765 7053 12737 1530
19 Ciudad_19 499 6624 20230 998
20 Ciudad_20 336 6772 16879 672
21 Ciudad_21 823 15142 21725 1646
22 Ciudad_22 510 7804 21793 1020
23 Ciudad_23 486 4810 15276 972
24 Ciudad_24 599 9938 13550 1198
25 Ciudad_25 144 7556 18476 288
26 Ciudad_26 717 15955 25580 1434
27 Ciudad_27 520 4628 18982 1040
28 Ciudad_28 584 8425 11444 1168
29 Ciudad_29 698 4341 11396 1396
30 Ciudad_30 278 3690 10162 556
31 Ciudad_31 805 11919 16740 1610
32 Ciudad_32 790 15067 27238 1580
33 Ciudad_33 818 3568 18193 1636
34 Ciudad_34 154 2382 4782 308
35 Ciudad_35 173 14623 27429 346
36 Ciudad_36 612 16046 24391 1224
37 Ciudad_37 636 6727 21287 1272
38 Ciudad_38 489 10838 22249 978
39 Ciudad_39 768 4723 6724 1536
40 Ciudad_40 758 16761 26733 1516
41 Ciudad_41 637 23985 28752 1274
42 Ciudad_42 256 11293 16536 512
43 Ciudad_43 239 17662 23060 478
44 Ciudad_44 420 17627 27504 840
45 Ciudad_45 308 17842 20695 616
46 Ciudad_46 389 5833 15364 778
47 Ciudad_47 343 9861 16664 686
48 Ciudad_48 217 6975 9641 434
49 Ciudad_49 676 13941 17027 1352
50 Ciudad_50 659 1506 14693 1318

0 -0.00366227 0.0385484 0.00490708 -0.0516216 -0.0639635 -0.0376955 0.0883501 -0.0351764 -0.00186701 -0.0723172 -0.0966437 0.0865202 0.00715822 -0.0528738 0.078401 0.0137996 0.0672195 0.0476537 0.0899778 -0.0758747 -0.0224396 0.0142426 -0.0575857 -0.092383 -0.060154 -0.00978424 -0.0179271 -0.0384076 -0.063927 -0.0959224 -0.0794583 0.0986209 0.0082414 0.046536 -0.0664069 -0.0101211 0.0280262 0.0954337 -0.0135825 0.0597213 0.0938587 0.0945474 0.0747128 -0.00658487 -0.0874409 0.0577983 0.0895666 0.0643656 0.0135955 -0.024023 
0.00366227 0 0.0989695 0.0965382 0.0989819 0.0676259 0.0331642 -0.0831154 -0.0432781 -0.0881732 -0.0468232 -0.0704756 -0.0980727 -0.0476574 -0.0702257 0.0502761 0.0169708 -0.0780272 -0.0631082 -0.0593949 0.0867657 0.0806374 -0.022728 -0.0384786 0.0110718 0.0694329 0.0218337 0.0241865 0.0888531 0.0810156 -0.0179919 -0.0846174 0.0441246 0.0151819 -0.038238 -0.0743481 -0.00295605 -0.0468533 -0.0566818 0.0835298 0.00522011 0.0611555 0.0414959 0.0899284 -0.00342421 -0.00905225 0.0302523 -0.0228617 -0.0334588 -0.019679 0.0411439 
-0.0385484 -0.0989695 0 0.0254962 0.0281054 -0.0815264 0.0317469 0.0174014 0.0446352 -0.0942356 0.0470654 -0.0725173 -0.055146 -0.0319625 -0.0534638 -0.0770368 -0.0464799 0.0803247 -0.0182103 -0.0810858 -0.0282617 -0.00153596 -0.0874927 0.00150562 -0.0232903 -0.0841342 -0.0178121 -0.0918632 0.028516 -0.06594 -0.0258046 0.0232862 0.0277643 -0.0594283 -0.099326 0.0694133 -0.0756838 0.0973537 0.0576385 0.0729538 -0.00694276 -0.0427082 0.03847 -0.0133353 0.01342 0.0338253 -0.0464101 -0.0483443 0.0816837 0.0399115 0.0290615 
-0.00490708 -0.0965382 -0.0254962 0 0.0783107 0.0218676 -0.0114122 0.00380215 -0.0936484 -0.0058714 0.0928935 -0.0950659 0.071006 0.0478266 0.0758877 -0.0292167 0.0501341 0.0549123 -0.0536815 0.0125345 0.0630489 0.0910766 -0.0878903 0.0639914 -0.0792118 0.016919 0.096395 -0.0377115 -0.0865306 0.0182017 -0.070221 -0.0457684 0.0496525 0.0256455 -0.0565401 -0.0175431 0.0627019 0.0108385 -0.0260087 0.0996263 -0.0688344 -0.0704836 0.0549485 0.0432133 0.0371751 0.0733208 -0.050403 0.0875842 -0.00791318 -0.067904 -0.036932 
0.0516216 -0.0989819 -0.0281054 -0.0783107 0 0.074238 -0.0214492 -0.0441248 -0.0486748 0.00321187 0.0609936 -0.0965915 -5.16226e-05 0.0508011 -0.0528533 -0.0570247 0.015595 -0.0239238 -0.0222786 -0.0370958 0.0447169 0.0172858 0.0571925 -0.0117007 0.096995 0.047601 0.00772839 -0.0679902 0.0173965 -0.0763651 -0.0729992 0.0168302 0.00266644 0.01164 -0.0804367 -0.054301 0.0034264 -0.0559626 0.00451322 0.0554488 0.0576082 -0.0335289 -0.0510783 -0.0978419 0.0761016 -0.0662296 -0.00678762 0.057548 0.0758175 0.0214112 0.0560476 
0.0639635 -0.0676259 0.0815264 -0.0218676 -0.074238 0 -0.0106287 -0.0102541 -0.00529333 0.0764724 -0.0725588 -0.0836914 -0.0827417 -0.0655857 -0.0807265 0.0829825 -0.0728076 -0.00647929 0.000328745 -0.000865851 0.0861635 0.0937103 0.0771026 0.0315186 -0.0099467 -0.0708011 -0.0906075 0.0522371 0.0298265 -0.00642978 -0.082995 0.0434095 0.053587 -0.0130365 -0.0720373 0.0424201 -0.0204119 0.0601077 -0.0556349 -0.0300775 -0.0856927 -0.0988189 -0.0961454 0.0641346 0.00476041 -0.0910818 0.00939354 0.059272 -0.0141731 0.073468 -0.0589762 
0.0376955 -0.0331642 -0.0317469 0.0114122 0.0214492 0.0106287 0 -0.0938303 -0.0153395 0.0537777 0.0568181 -0.0955026 0.0907919 0.085862 0.0531631 0.0526884 -0.0153808 -0.0412677 0.06283 0.0778571 -0.0455589 0.0905433 0.051235 -0.058352 -0.0835855 0.0395295 -0.00279488 -0.0747712 0.0126441 -0.0265382 -0.08845 -0.0117653 -0.0145538 -0.0817018 -0.0210952 0.0737639 0.0228376 -0.0436617 0.00369346 -0.0279635 0.0283307 -0.078779 0.0609844 0.0810225 -0.0023198 0.040832 -0.0418955 -0.096646 -0.00869956 0.0532526 0.0658144 
-0.0883501 0.0831154 -0.0174014 -0.00380215 0.0441248 0.0102541 0.0938303 0 -0.0520116 -0.0959524 -0.0882019 -0.0399842 -0.0287477 -0.0103572 0.00809276 0.0314705 0.0391546 0.0299138 0.0320702 -0.019604 -0.0165662 -0.074259 -0.0871941 -0.0272215 -0.0274894 -0.0334672 -0.0977485 0.056539 -0.0271722 -0.0163321 0.0733694 -0.00548995 -0.0431636 0.0309826 0.028204 0.081215 -0.0672115 0.0930164 0.0810366 -0.0419425 0.0881902 0.0623075 -0.00555146 -0.0159989 0.0578427 0.0207002 -0.012352 0.005753 0.0763691 0.0466125 -0.0954273 
0.0351764 0.0432781 -0.0446352 0.0936484 0.0486748 0.00529333 0.0153395 0.0520116 0 0.0925943 -0.0832269 0.0753224 -0.0481054 0.0663899 -0.0377727 -0.0129042 -0.0387148 -0.0748078 -0.0882702 0.0352505 -0.083186 0.0358458 0.0163642 0.0874568 0.0913247 0.0931907 -0.00341045 -0.0642031 -0.0431962 -0.0844034 -0.0353733 -0.0423168 0.0663626 0.0220524 0.0127745 -0.0470192 -0.00689132 -0.0123829 0.0166694 -0.0431895 -0.0370241 0.0145131 0.0662749 0.0147959 0.0645352 0.0862984 0.0208495 0.0390545 -0.0966009 0.0144092 -0.089489 
0.00186701 0.0881732 0.0942356 0.0058714 -0.00321187 -0.0764724 -0.0537777 0.0959524 -0.0925943 0 0.0927394 0.0863385 -0.0206836 0.0693248 0.0512724 0.0672934 -0.0931526 0.05894 -0.0904646 -0.048787 0.0995806 -0.00349626 -0.00265906 -0.0266354 0.0948193 0.0343481 0.0843864 -0.0832344 0.0524244 -0.0677651 -0.0655238 -0.00500746 0.071532 0.0544067 0.0983193 0.0933229 0.0400734 0.03028 0.0818194 -0.0999218 0.0619376 -0.0984442 -0.0156101 -0.0298754 0.0376779 -0.0936347 0.0941561 -0.0714804 -0.0540228 0.0365512 -0.0543971 
0.0723172 0.0468232 -0.0470654 -0.0928935 -0.0609936 0.0725588 -0.0568181 0.0882019 0.0832269 -0.0927394 0 0.0629264 -0.0901411 0.028871 0.0525825 -0.0470677 -0.0663329 0.0270196 -0.0737154 0.0184794 -0.00640038 -0.0773805 0.0875373 -0.0421726 0.0562354 0.0799487 0.0805745 -0.0107422 -0.0154022 0.0137717 0.0155989 -0.0905836 -0.0989838 -0.0783535 0.0942673 -0.0670185 -0.0865477 0.0732502 0.0864617 -0.00272742 -0.0802041 0.00533967 -0.0711653 0.0784529 -0.0294949 0.00908593 0.0198434 0.0925491 0.00892842 -0.0231459 -0.00173607 
0.0966437 0.0704756 0.0725173 0.0950659 0.0965915 0.0836914 0.0955026 0.0399842 -0.0753224 -0.0863385 -0.0629264 0 -0.0809347 -0.0178263 -0.086899 0.0602749 0.0886816 -0.0202147 0.0355201 0.0663078 -0.0196643 0.0804089 -0.0419742 0.0647085 0.03193 -0.041385 0.0690234 -0.0777945 -0.0805359 -0.0266328 -0.0900552 0.0795334 0.00858619 -0.00279755 -0.0387818 -0.039041 0.0828203 -0.0627632 0.0802649 0.0782322 0.0521363 0.058218 -0.0918159 0.0895818 0.0504803 0.0419391 0.0118781 0.0796428 0.0340266 0.0189272 -0.00872743 
-0.0865202 0.0980727 0.055146 -0.071006 5.16226e-05 0.0827417 -0.0907919 0.0287477 0.0481054 0.0206836 0.0901411 0.0809347 0 -0.0578147 -0.0983662 0.09205 0.00223588 0.0223294 -0.0497718 0.0306125 -0.0944499 0.0156988 0.0497449 0.0681087 -0.0751607 0.0907799 0.0403112 -0.0317264 0.0629359 0.0259403 -0.00993496 0.0272837 -0.0377667 0.0837305 0.0300411 -0.0501168 -0.0914078 0.0143544 0.0201391 0.0632919 0.0672793 0.0826354 0.0410999 -0.0740691 0.0756233 0.0636866 0.0243603 -0.0130221 0.0953689 0.0669827 -0.0282899 
-0.00715822 0.0476574 0.0319625 -0.0478266 -0.0508011 0.0655857 -0.085862 0.0103572 -0.0663899 -0.0693248 -0.028871 0.0178263 0.0578147 0 0.0601731 0.000586263 0.0781267 0.0141116 0.054455 -0.0445635 -0.0956562 -0.0288708 -0.0529781 0.0617767 -0.0264306 0.0262716 0.0872 -0.00106802 0.0115093 -0.0551912 0.000844785 0.0157729 -0.00875667 -0.0602919 -0.0665194 -0.0408461 0.0190024 -0.0600367 -0.0250038 0.0105244 -0.0349047 -0.0220438 -0.0203751 -0.059445 0.0423039 -0.0629127 -0.0669232 0.051947 -0.0940623 -0.0024185 -0.00871075 
0.0528738 0.0702257 0.0534638 -0.0758877 0.0528533 0.0807265 -0.0531631 -0.00809276 0.0377727 -0.0512724 -0.0525825 0.086899 0.0983662 -0.0601731 0 0.0348359 -0.0317315 -0.0368066 -0.0928927 0.0491886 -0.0392488 0.00580413 0.0976947 -0.0446139 -0.0383244 0.0422922 -0.0132474 0.0194253 0.0295183 -0.0101859 0.0747767 0.0263446 -0.045457 0.0124385 -0.0807369 -0.0214155 0.00319607 -0.0105377 0.0269849 -0.0536063 0.0867046 -0.0897849 -0.0134 -0.0853259 0.00318162 -0.0895229 0.0795478 0.0278723 -0.0923414 -0.0209052 -0.0930803 
-0.078401 -0.0502761 0.0770368 0.0292167 0.0570247 -0.0829825 -0.0526884 -0.0314705 0.0129042 -0.0672934 0.0470677 -0.0602749 -0.09205 -0.000586263 -0.0348359 0 -0.0711331 -0.0707699 -0.0260183 -0.081836 -0.0333393 -0.0101547 0.024051 0.0476887 0.0323838 -0.094885 -0.0509987 -0.0665749 -0.0382159 -0.0267649 -0.0461505 0.0495048 -0.0514802 0.0866128 0.0755063 0.0470212 -0.0948783 -0.0134051 0.0208898 0.0465582 0.0203217 0.0211312 0.0583428 0.0921242 -0.0813218 -0.0911366 0.00520584 -0.0955392 -0.0542002 0.0311615 -0.0994754 
-0.0137996 -0.0169708 0.0464799 -0.0501341 -0.015595 0.0728076 0.0153808 -0.0391546 0.0387148 0.0931526 0.0663329 -0.0886816 -0.00223588 -0.0781267 0.0317315 0.0711331 0 -0.021309 0.0234288 0.0842013 -0.0461496 -0.0195612 -0.0436436 -0.093936 0.00579104 -0.000863693 -0.0623313 -0.0961176 -0.026549 -0.0800591 -0.0346688 0.0131579 -0.0156865 0.00195311 -0.0787252 -0.0335017 0.057381 -0.0221915 0.0699063 0.0161797 0.0062878 -0.042424 0.0169579 -0.0646153 -0.0374723 0.0600795 -0.00362446 0.01546 -0.0106984 -0.088452 -0.0521063 
-0.0672195 0.0780272 -0.0803247 -0.0549123 0.0239238 0.00647929 0.0412677 -0.0299138 0.0748078 -0.05894 -0.0270196 0.0202147 -0.0223294 -0.0141116 0.0368066 0.0707699 0.021309 0 0.0268334 -0.0372416 -0.0391103 0.064664 0.0756136 0.0408935 0.0723558 0.0658584 0.0675945 0.0218533 0.0599351 -0.0204812 0.0405683 0.0678311 -0.0184793 -0.00806551 -0.074086 0.0396204 -0.0227002 0.0645647 -0.00167374 -0.0629809 0.0962043 -0.07709 -0.0950256 0.0926423 -0.0396252 0.00146833 -0.0785271 -0.0597608 0.0658246 0.0147535 0.0846833 
-0.0476537 0.0631082 0.0182103 0.0536815 0.0222786 -0.000328745 -0.06283 -0.0320702 0.0882702 0.0904646 0.0737154 -0.0355201 0.0497718 -0.054455 0.0928927 0.0260183 -0.0234288 -0.0268334 0 0.0310017 0.0430986 0.092108 0.0219048 0.077098 -0.0847682 -0.049862 -0.023641 -0.066709 0.0172525 -0.00800904 0.00881392 0.0468243 0.048263 -0.0897683 -0.0586773 -0.0123084 -0.078531 -0.0861129 -0.0958642 -0.00734269 0.057206 -0.0667208 0.0719698 0.035733 0.0275656 0.00635753 0.0187536 -0.0920587 0.0688495 -0.028694 0.014369 
-0.0899778 0.0593949 0.0810858 -0.0125345 0.0370958 0.000865851 -0.0778571 0.019604 -0.0352505 0.048787 -0.0184794 -0.0663078 -0.0306125 0.0445635 -0.0491886 0.081836 -0.0842013 0.0372416 -0.0310017 0 0.0417526 0.0315064 -0.0287065 -0.0382345 -0.0946964 0.0320622 -0.012583 -0.0228548 -0.0480478 -0.072269 -0.0549572 0.0265324 -0.0681393 -0.086561 0.095388 -0.0121302 0.0728396 -0.0367318 0.063083 0.0274751 -0.0365935 -0.0836247 -0.0945375 -0.0613549 -0.0912602 0.0687817 0.0284876 0.0436854 0.0737536 0.0837656 0.0739199 
0.0758747 -0.0867657 0.0282617 -0.0630489 -0.0447169 -0.0861635 0.0455589 0.0165662 0.083186 -0.0995806 0.00640038 0.0196643 0.0944499 0.0956562 0.0392488 0.0333393 0.0461496 0.0391103 -0.0430986 -0.0417526 0 0.008709 0.00512405 0.0410289 0.0177421 -0.0413066 0.0413194 0.0853521 0.0830632 -0.0728403 -0.0822756 -0.0193137 -0.00385403 -0.0663448 -0.0748768 0.0130804 -0.0205307 -0.0710429 -0.0678638 -0.0465766 0.016501 -0.0582171 -0.025108 0.0871012 -0.0663033 0.0630724 -0.0888099 0.0276902 -0.0737439 -0.0269556 0.0858564 
0.0224396 -0.0806374 0.00153596 -0.0910766 -0.0172858 -0.0937103 -0.0905433 0.074259 -0.0358458 0.00349626 0.0773805 -0.0804089 -0.0156988 0.0288708 -0.00580413 0.0101547 0.0195612 -0.064664 -0.092108 -0.0315064 -0.008709 0 -0.00917683 -0.0959173 -0.036558 -0.0824368 -0.0451735 0.0239921 0.0557709 0.0374619 -0.0802777 0.0433176 0.0589882 0.0893906 0.0648014 -0.0576204 -0.0909635 -0.0911827 -0.0438286 0.0751402 -0.0274996 0.0838559 -0.00432751 -0.0377963 0.085212 0.0686079 0.0774061 0.0573749 -0.083883 0.0524576 -0.0135805 
-0.0142426 0.022728 0.0874927 0.0878903 -0.0571925 -0.0771026 -0.051235 0.0871941 -0.0163642 0.00265906 -0.0875373 0.0419742 -0.0497449 0.0529781 -0.0976947 -0.024051 0.0436436 -0.0756136 -0.0219048 0.0287065 -0.00512405 0.00917683 0 0.0426306 0.0252986 0.0461819 -0.0755191 0.0736741 0.044659 0.0513343 -0.0260019 0.0593831 0.022822 -0.0408427 0.078586 -0.0695429 0.00938234 0.0530034 -0.0611217 -0.0827568 -0.0877534 -0.0939946 0.0517268 0.0467739 -0.0511236 0.0546961 -0.0812382 -0.0576602 -0.0307083 0.0230874 0.0147427 
0.0575857 0.0384786 -0.00150562 -0.0639914 0.0117007 -0.0315186 0.058352 0.0272215 -0.0874568 0.0266354 0.0421726 -0.0647085 -0.0681087 -0.0617767 0.0446139 -0.0476887 0.093936 -0.0408935 -0.077098 0.0382345 -0.0410289 0.0959173 -0.0426306 0 -0.0615319 -0.0578149 -0.0775731 0.0456723 -0.0462723 -0.0837871 0.0511644 -0.0917255 -0.0175573 -0.0229322 0.0521895 -0.0426121 0.0732121 0.0221441 0.0887605 -0.0119349 -0.086043 -0.0135668 0.0542825 -0.0614696 -0.0979027 -0.0683115 -0.0175746 0.0363117 -0.0214145 -0.056189 0.0100772 
0.092383 -0.0110718 0.0232903 0.0792118 -0.096995 0.0099467 0.0835855 0.0274894 -0.0913247 -0.0948193 -0.0562354 -0.03193 0.0751607 0.0264306 0.0383244 -0.0323838 -0.00579104 -0.0723558 0.0847682 0.0946964 -0.0177421 0.036558 -0.0252986 0.0615319 0 0.0190549 -0.0926695 -0.0423394 -0.0204601 -0.00171205 -0.0322284 -0.066759 0.0245747 0.0922019 0.0264805 -0.0301141 -0.0877156 0.0873797 0.0335791 -0.0189041 -0.084181 -0.0670815 0.0505051 -0.065502 0.0402586 -0.00339742 0.0374289 -0.0560654 -0.0225422 0.0921179 -0.0968957 
0.060154 -0.0694329 0.0841342 -0.016919 -0.047601 0.0708011 -0.0395295 0.0334672 -0.0931907 -0.0343481 -0.0799487 0.041385 -0.0907799 -0.0262716 -0.0422922 0.094885 0.000863693 -0.0658584 0.049862 -0.0320622 0.0413066 0.0824368 -0.0461819 0.0578149 -0.0190549 0 -0.0397492 0.0605957 0.0820724 0.0358929 0.00230808 -0.0548321 -0.0941035 -0.0298377 0.0219985 -0.00815705 -0.00398879 0.0371152 0.079337 0.00634674 0.0103788 -0.0219554 -0.0912958 0.0538076 -0.047746 -0.0886719 0.0295245 -0.0126108 -0.0652587 0.0278491 -0.0249986 
0.00978424 -0.0218337 0.0178121 -0.096395 -0.00772839 0.0906075 0.00279488 0.0977485 0.00341045 -0.0843864 -0.0805745 -0.0690234 -0.0403112 -0.0872 0.0132474 0.0509987 0.0623313 -0.0675945 0.023641 0.012583 -0.0413194 0.0451735 0.0755191 0.0775731 0.0926695 0.0397492 0 0.0842804 0.0635147 0.0933984 -0.0514224 0.0545128 0.0845896 -0.0661317 -0.00151791 -0.0195587 0.0745777 0.0417598 0.0157496 -0.0704021 -0.0262906 -0.0500458 -0.0493931 0.0284374 0.0243442 0.0960082 -0.0748093 -0.0881573 0.0688141 0.06805 0.0791237 
0.0179271 -0.0241865 0.0918632 0.0377115 0.0679902 -0.0522371 0.0747712 -0.056539 0.0642031 0.0832344 0.0107422 0.0777945 0.0317264 0.00106802 -0.0194253 0.0665749 0.0961176 -0.0218533 0.066709 0.0228548 -0.0853521 -0.0239921 -0.0736741 -0.0456723 0.0423394 -0.0605957 -0.0842804 0 -0.0300935 -0.055047 -0.0947838 -0.0654798 -0.0089714 -0.0602753 -0.0117273 -0.0527832 0.00203696 0.00408555 0.034639 0.0453467 -0.0662309 -0.024401 -0.0925872 -0.0207117 -0.0360709 -0.0821585 0.00133079 -0.0497384 -0.0205394 0.0566048 0.0272329 
0.0384076 -0.0888531 -0.028516 0.0865306 -0.0173965 -0.0298265 -0.0126441 0.0271722 0.0431962 -0.0524244 0.0154022 0.0805359 -0.0629359 -0.0115093 -0.0295183 0.0382159 0.026549 -0.0599351 -0.0172525 0.0480478 -0.0830632 -0.0557709 -0.044659 0.0462723 0.0204601 -0.0820724 -0.0635147 0.0300935 0 -0.0608572 0.0417435 -0.0593073 0.0662571 -0.0860222 0.0957187 0.0575537 -0.0922791 -0.0780795 -0.0110933 0.016885 -0.0229884 -0.0166973 -0.053231 0.0330997 0.0535216 0.00073777 -0.0568628 -0.045744 0.0495209 -0.0330062 0.0939874 
0.063927 -0.0810156 0.06594 -0.0182017 0.0763651 0.00642978 0.0265382 0.0163321 0.0844034 0.0677651 -0.0137717 0.0266328 -0.0259403 0.0551912 0.0101859 0.0267649 0.0800591 0.0204812 0.00800904 0.072269 0.0728403 -0.0374619 -0.0513343 0.0837871 0.00171205 -0.0358929 -0.0933984 0.055047 0.0608572 0 -0.0956619 0.0671361 -0.0351303 -0.0837245 -0.0636281 0.0922733 0.0918335 0.095587 0.0155287 0.0323758 0.0906965 0.0420401 -0.00865846 -0.0839839 0.0822538 -0.0330655 0.0928334 0.0123973 -0.0955084 0.0983391 -0.0263816 
0.0959224 0.0179919 0.0258046 0.070221 0.0729992 0.082995 0.08845 -0.0733694 0.0353733 0.0655238 -0.0155989 0.0900552 0.00993496 -0.000844785 -0.0747767 0.0461505 0.0346688 -0.0405683 -0.00881392 0.0549572 0.0822756 0.0802777 0.0260019 -0.0511644 0.0322284 -0.00230808 0.0514224 0.0947838 -0.0417435 0.0956619 0 -0.0658842 0.0232653 0.0981246 0.0576175 -0.0348203 -0.0388664 0.0103683 -0.0993028 0.0932593 0.0730762 -0.064322 -0.0647462 0.0987084 0.0950002 -0.0143452 -0.023431 -0.0475357 -0.0964993 -0.0235736 -0.0928391 
0.0794583 0.0846174 -0.0232862 0.0457684 -0.0168302 -0.0434095 0.0117653 0.00548995 0.0423168 0.00500746 0.0905836 -0.0795334 -0.0272837 -0.0157729 -0.0263446 -0.0495048 -0.0131579 -0.0678311 -0.0468243 -0.0265324 0.0193137 -0.0433176 -0.0593831 0.0917255 0.066759 0.0548321 -0.0545128 0.0654798 0.0593073 -0.0671361 0.0658842 0 0.0146971 0.0736915 -0.07832 0.0012892 0.0164837 -0.000761548 -0.0382468 0.0286987 -0.040586 0.0477576 -0.0274258 0.0298417 -0.051794 0.0574069 -0.0983344 0.0440875 0.0375251 0.060252 0.093484 
-0.0986209 -0.0441246 -0.0277643 -0.0496525 -0.00266644 -0.053587 0.0145538 0.0431636 -0.0663626 -0.071532 0.0989838 -0.00858619 0.0377667 0.00875667 0.045457 0.0514802 0.0156865 0.0184793 -0.048263 0.0681393 0.00385403 -0.0589882 -0.022822 0.0175573 -0.0245747 0.0941035 -0.0845896 0.0089714 -0.0662571 0.0351303 -0.0232653 -0.0146971 0 0.0323342 -0.0678686 -0.0650051 0.00696258 0.0150183 0.0624667 0.0354023 0.0136843 -0.0278288 -0.0281022 -0.0759526 -0.0345173 0.0908812 -0.0860028 0.0829781 0.0391663 -0.0103703 -0.012295 
-0.0082414 -0.0151819 0.0594283 -0.0256455 -0.01164 0.0130365 0.0817018 -0.0309826 -0.0220524 -0.0544067 0.0783535 0.00279755 -0.0837305 0.0602919 -0.0124385 -0.0866128 -0.00195311 0.00806551 0.0897683 0.086561 0.0663448 -0.0893906 0.0408427 0.0229322 -0.0922019 0.0298377 0.0661317 0.0602753 0.0860222 0.0837245 -0.0981246 -0.0736915 -0.0323342 0 0.0160386 0.0972177 0.0127025 -0.0129814 -0.0645309 -0.0815823 0.0967451 0.0453016 -0.0138151 -0.0556646 -0.00347541 -0.0247922 -0.0751262 -0.00341847 0.0933078 -0.0170416 -0.0929435 
-0.046536 0.038238 0.099326 0.0565401 0.0804367 0.0720373 0.0210952 -0.028204 -0.0127745 -0.0983193 -0.0942673 0.0387818 -0.0300411 0.0665194 0.0807369 -0.0755063 0.0787252 0.074086 0.0586773 -0.095388 0.0748768 -0.0648014 -0.078586 -0.0521895 -0.0264805 -0.0219985 0.00151791 0.0117273 -0.0957187 0.0636281 -0.0576175 0.07832 0.0678686 -0.0160386 0 0.0739848 -0.0891141 0.0655924 0.0166473 -0.0520696 -0.0825487 0.0358226 0.0664628 0.0783323 0.047981 -0.0303547 -0.0873467 0.00244155 0.0673612 0.0313219 0.0280153 
0.0664069 0.0743481 -0.0694133 0.0175431 0.054301 -0.0424201 -0.0737639 -0.081215 0.0470192 -0.0933229 0.0670185 0.039041 0.0501168 0.0408461 0.0214155 -0.0470212 0.0335017 -0.0396204 0.0123084 0.0121302 -0.0130804 0.0576204 0.0695429 0.0426121 0.0301141 0.00815705 0.0195587 0.0527832 -0.0575537 -0.0922733 0.0348203 -0.0012892 0.0650051 -0.0972177 -0.0739848 0 0.0953365 -0.0308991 0.068101 -0.0331051 0.0698474 -0.0262752 -0.0863798 0.0154404 -0.071022 -0.0680057 0.0163125 0.0244 0.0144468 -0.0877342 0.0110932 
0.0101211 0.00295605 0.0756838 -0.0627019 -0.0034264 0.0204119 -0.0228376 0.0672115 0.00689132 -0.0400734 0.0865477 -0.0828203 0.0914078 -0.0190024 -0.00319607 0.0948783 -0.057381 0.0227002 0.078531 -0.0728396 0.0205307 0.0909635 -0.00938234 -0.0732121 0.0877156 0.00398879 -0.0745777 -0.00203696 0.0922791 -0.0918335 0.0388664 -0.0164837 -0.00696258 -0.0127025 0.0891141 -0.0953365 0 0.085646 0.052239 -0.0505373 -0.0982555 0.0758393 -0.0954282 -0.0222839 -0.0529203 -0.0192785 0.0072253 -0.061385 -0.0224106 -0.0483932 -0.0710686 
-0.0280262 0.0468533 -0.0973537 -0.0108385 0.0559626 -0.0601077 0.0436617 -0.0930164 0.0123829 -0.03028 -0.0732502 0.0627632 -0.0143544 0.0600367 0.0105377 0.0134051 0.0221915 -0.0645647 0.0861129 0.0367318 0.0710429 0.0911827 -0.0530034 -0.0221441 -0.0873797 -0.0371152 -0.0417598 -0.00408555 0.0780795 -0.095587 -0.0103683 0.000761548 -0.0150183 0.0129814 -0.0655924 0.0308991 -0.085646 0 -0.0140411 -0.0134896 0.0345775 -0.0445954 -0.0871953 -0.0367076 0.00375421 0.0306971 0.0770357 -0.0987653 -0.0472918 0.0130357 0.0473567 
-0.0954337 0.0566818 -0.0576385 0.0260087 -0.00451322 0.0556349 -0.00369346 -0.0810366 -0.0166694 -0.0818194 -0.0864617 -0.0802649 -0.0201391 0.0250038 -0.0269849 -0.0208898 -0.0699063 0.00167374 0.0958642 -0.063083 0.0678638 0.0438286 0.0611217 -0.0887605 -0.0335791 -0.079337 -0.0157496 -0.034639 0.0110933 -0.0155287 0.0993028 0.0382468 -0.0624667 0.0645309 -0.0166473 -0.068101 -0.052239 0.0140411 0 0.0218847 0.0411417 -0.0279666 -0.0573167 0.0181666 -0.0357428 -0.045024 0.0327033 0.0849674 0.0860507 -0.0726386 0.0491524 
0.0135825 -0.0835298 -0.0729538 -0.0996263 -0.0554488 0.0300775 0.0279635 0.0419425 0.0431895 0.0999218 0.00272742 -0.0782322 -0.0632919 -0.0105244 0.0536063 -0.0465582 -0.0161797 0.0629809 0.00734269 -0.0274751 0.0465766 -0.0751402 0.0827568 0.0119349 0.0189041 -0.00634674 0.0704021 -0.0453467 -0.016885 -0.0323758 -0.0932593 -0.0286987 -0.0354023 0.0815823 0.0520696 0.0331051 0.0505373 0.0134896 -0.0218847 0 0.095818 -0.00730128 0.00847662 -0.0254824 -0.0524372 -0.0325291 0.0226002 -0.080196 -0.0782521 -0.00464182 0.0401046 
-0.0597213 -0.00522011 0.00694276 0.0688344 -0.0576082 0.0856927 -0.0283307 -0.0881902 0.0370241 -0.0619376 0.0802041 -0.0521363 -0.0672793 0.0349047 -0.0867046 -0.0203217 -0.0062878 -0.0962043 -0.057206 0.0365935 -0.016501 0.0274996 0.0877534 0.086043 0.084181 -0.0103788 0.0262906 0.0662309 0.0229884 -0.0906965 -0.0730762 0.040586 -0.0136843 -0.0967451 0.0825487 -0.0698474 0.0982555 -0.0345775 -0.0411417 -0.095818 0 0.0770502 -0.0810456 -0.0175087 0.0230852 -0.0755019 -0.00762812 -0.0665541 0.0412191 0.0626266 -0.0837993 
-0.0938587 -0.0611555 0.0427082 0.0704836 0.0335289 0.0988189 0.078779 -0.0623075 -0.0145131 0.0984442 -0.00533967 -0.058218 -0.0826354 0.0220438 0.0897849 -0.0211312 0.042424 0.07709 0.0667208 0.0836247 0.0582171 -0.0838559 0.0939946 0.0135668 0.0670815 0.0219554 0.0500458 0.024401 0.0166973 -0.0420401 0.064322 -0.0477576 0.0278288 -0.0453016 -0.0358226 0.0262752 -0.0758393 0.0445954 0.0279666 0.00730128 -0.0770502 0 0.0302255 -0.0394842 -0.0752343 0.0173615 -0.0641562 -0.0673384 0.0445437 -0.0866611 -0.0679732 
