50

16000 4500

30 55 80

6

0 55690 53180 94820 85270 38090 79480 99660 42290 88370 70480 49430 16590 27400 71930 96630 37940 80890 93820 36570 38240 78350 70220 97020 44880 57620 27880 64960 65500 77620 72590 88741 77740 83420 98050 85930 62100 60710 87630 40710 87610 40470 40110 50740 66420 99450 79100 85200 89660 86660 81180 
56080 0 18090 85020 67460 24670 84270 79370 26850 34070 50080 7910 49610 42950 48380 72130 30250 61200 63630 26450 26610 39560 20850 66850 33530 24830 47360 55810 26820 47000 76370 143343 72310 44630 119170 60050 8150 11790 139562 22840 68630 31770 61250 13290 63930 95580 66580 82381 62410 69870 88861 
53230 18110 0 72980 82870 29500 93050 96040 15840 39090 65490 14570 50690 46700 63790 89450 36140 76610 80950 18540 32500 56880 17450 84170 43770 9920 51110 66990 15690 64320 85000 134773 83880 61950 104100 77370 21160 29110 130992 12970 84040 40660 65000 6450 72560 108891 79991 65921 79730 85280 72401 
95340 85080 73200 0 151362 94291 157091 164462 67461 89210 133351 85511 102570 104990 133971 158260 99921 145592 149760 74871 96691 125690 69140 152980 109071 65710 109050 132151 61080 133130 149041 158610 147921 125630 57820 146180 84280 96700 130320 71141 152462 105171 123950 78360 136601 178932 146601 10530 148540 153702 23030 
85130 67800 82870 151262 0 58141 30490 18280 85401 88480 19750 70040 71460 61070 19360 18430 52571 7440 21530 78271 54901 32150 87730 24730 43600 91710 64770 22950 93730 24710 28910 161401 22220 41960 171271 12340 71860 57620 173330 81391 4780 47071 57020 78070 29220 31260 10200 141642 16530 5260 148122 
38360 24650 29550 94201 58071 0 63970 71081 28810 56480 41460 21330 29130 19260 42370 68011 7210 52301 64260 21380 3570 44920 42470 67460 15950 37920 23670 39170 43690 46150 56070 126641 54950 49990 116690 56370 31060 26630 123982 24800 59081 12320 37560 24200 43630 82210 53310 84581 60100 60321 91061 
79270 85370 93930 157311 30290 64590 0 35810 92930 110580 37660 83770 63020 57060 39480 40660 58680 30920 44710 84720 61340 54250 104590 47910 52020 102300 58280 34830 108070 47280 9520 141551 13980 64060 180660 37330 90870 76480 158660 89180 28090 55080 39490 88340 23620 20270 21580 147691 39700 25860 154171 
99130 79280 95710 164082 18250 70961 36040 0 98221 97410 32590 82880 85750 75190 32200 15790 65391 20280 25060 91091 67721 41080 97710 24500 56420 103580 79060 37380 105570 34270 39650 172551 32960 50890 184091 20690 80790 67990 187370 94211 16050 59901 68170 90910 40370 26630 22150 154462 20050 14220 167221 
42020 26760 16580 66771 85151 28820 92140 98161 0 52270 66880 19210 41370 41550 67500 94530 35120 79381 88100 8410 31820 64030 31090 91320 43090 18160 45680 66310 26040 70170 84090 121733 82970 69100 92590 81500 31880 36260 117952 4840 86161 39980 60510 14440 71650 110040 80450 57151 85230 87401 63631 
88220 33930 39020 89120 88540 56230 110730 97450 52540 0 74240 39060 81750 74510 71560 90210 61810 81650 79200 54030 58170 57900 23910 82460 63950 37120 78920 83000 29970 65080 104140 170813 97780 49810 127601 78130 28060 36770 167032 49010 87930 63240 92810 38560 92560 118150 89500 88842 80490 89170 95322 
70240 50200 65270 133181 19670 41270 37220 32840 67080 74290 0 52440 57020 46460 3270 28460 36340 13410 25290 61290 38030 17960 70130 28490 26910 74110 50330 11110 76100 11370 30420 157081 24060 27770 154380 16730 54980 40300 157540 63070 20840 30070 50240 59960 18740 47430 18530 123561 21130 22080 130041 
49840 7860 14650 84971 69800 21440 82820 82970 19250 39720 52420 0 43370 38710 50720 76800 27110 63540 68890 18850 23470 44820 24860 72110 32080 24160 43120 54360 29400 52250 74920 136573 72131 49890 111570 64410 14270 17050 132792 15240 70970 29970 57010 8610 62480 96131 67231 75351 67360 72210 81831 
16550 49340 50560 101930 71570 29030 63230 85960 41200 82020 56880 43080 0 11450 58330 83030 25360 67190 80220 33010 26660 65610 66620 83420 32140 55580 11430 51260 63460 64880 56340 101431 61800 70680 111440 72330 55750 52410 102470 38670 73910 27730 23860 45740 50570 83200 65400 92310 76060 72960 94570 
27330 42810 46630 104400 61080 19040 57100 75470 41520 74640 46290 38620 11490 0 47740 72440 15400 56700 69630 33330 16670 54660 60630 72830 21190 55000 4800 40770 60770 53930 50210 112781 52920 59730 118650 61740 49220 42370 113820 38990 63420 16780 19260 41280 41600 77070 54910 94780 65470 62470 99470 
71600 48540 63610 133761 19220 42420 39570 32390 67660 71430 3280 50780 58380 47820 0 27630 37700 12960 22730 61870 39180 15100 68470 25930 28270 72450 51690 13620 74440 8200 32880 158791 26520 24910 155640 14840 53040 38360 158900 63650 20390 31430 53020 58810 21250 47240 18340 124141 18570 21630 130621 
96680 72000 89160 158030 18540 68511 40350 16190 94520 90130 28370 76620 83300 72740 27040 0 62941 17560 16720 88641 65271 33800 90430 15070 53970 96300 76610 35060 98290 27200 42250 175911 35560 43610 181641 14030 73510 60710 184920 90450 16470 57441 70770 84360 42520 38990 23900 151091 11340 14710 157571 
37920 30590 36300 99561 53021 7200 58050 66031 35200 62420 36560 27430 25390 15170 38010 62961 0 47251 59900 27270 3950 42610 48410 63100 11040 44670 19580 33410 50440 43140 50150 125111 49030 47680 119230 52010 37000 27630 124830 31550 54031 6410 32630 30950 37710 76450 47550 89941 55740 55110 96421 
80830 61550 76620 145892 7420 52771 31030 20480 80031 81630 13500 63790 67160 56770 13110 17410 47201 0 17190 72901 49531 25300 81480 20390 38230 85460 60470 18650 87450 17860 27690 159681 21000 35110 165901 7520 65010 51370 168530 76021 8480 41701 55300 71820 26110 35720 9800 136272 13030 9720 142752 
93860 63390 80550 149420 21380 64400 44590 24930 87910 78980 25380 68660 80640 70080 22500 16340 59960 17090 0 82810 61160 25190 81820 7480 50530 87690 73950 33320 89680 19820 44200 176951 37510 35000 179041 10900 64900 52100 181960 83900 20050 53690 71810 75750 40780 43700 26310 145081 5360 18950 151561 
36620 26500 18650 74111 78101 21200 83700 91111 8310 54470 61130 18950 33210 33260 61750 88041 26830 72331 82980 0 23600 61000 35690 86840 35980 23090 37390 59060 30970 64700 75800 118163 74680 66070 99060 75750 32390 33230 114382 6180 79111 32080 52220 15670 63360 102540 73200 64491 79480 80351 70971 
38330 27080 32790 96641 54591 3690 60640 67601 32010 58910 37980 23920 26620 16750 39110 64531 3880 48821 61000 23820 0 42360 44900 64200 12470 41160 21160 35690 46930 42890 52740 126341 51620 47430 117520 53110 33490 27380 124772 28040 55601 8840 34930 27440 40300 78730 49830 87021 56840 56841 93501 
78070 39550 56710 125580 32250 45020 54440 41160 64070 58060 17950 44820 65400 54460 15270 33920 42810 25360 25420 60990 42800 0 57980 28640 37640 63850 58710 28600 65840 8790 47850 165261 41490 11540 157680 21840 41060 28260 164980 60060 31640 38360 65010 51910 36270 58510 33210 120201 24200 32880 126681 
70070 20960 17590 68900 87570 42730 103780 97790 31310 23880 70190 24710 67010 61010 68490 90550 48310 81310 82050 35380 44670 57980 0 85270 52850 15890 65420 75130 8990 65420 95690 150963 92420 56620 108360 78470 17260 31920 147182 29810 88270 51090 79310 21950 83250 115140 86690 69601 80830 89510 76081 
97090 66900 84060 152930 24610 67910 47820 25520 91420 82230 28610 72170 83870 73310 25730 15240 63190 20320 7390 87230 64670 28700 85330 0 53760 91200 77180 36550 93190 24240 47430 180181 40740 38510 183251 14130 68410 55610 185360 87410 23280 56920 75040 79260 44010 46930 29540 148591 8590 22180 155071 
44720 33610 44000 108951 43760 16000 51030 56900 43260 61880 26890 32110 32050 21110 28340 53830 11070 38120 50230 36130 12760 36720 52660 53430 0 52370 25360 23450 58140 34740 43130 131911 42010 41790 128980 42340 39860 26280 131630 39250 44900 4800 31930 38650 30690 66490 37590 99331 46070 45150 105811 
59740 24880 10220 65540 91490 38250 101800 103660 19060 37170 74110 24380 57730 55450 72410 96420 44890 85230 87920 25050 41250 63850 15990 91140 52520 0 59860 75740 9490 71290 93750 140803 92630 68520 98520 84340 24080 36080 133860 19480 92660 49410 73750 16260 81310 119470 89880 60131 86700 93900 66611 
27850 47250 51070 108500 64940 23480 58520 79330 45940 79080 50250 43060 11430 4820 51700 76400 19800 60560 73590 37750 21110 58980 65070 76790 25510 59440 0 44630 65210 58250 51630 112721 54730 64050 121510 65700 53660 46690 113760 43410 67280 21100 19690 45720 43410 78490 58770 98880 69430 66330 103570 
64870 55770 67150 131821 23060 39160 34500 37450 66420 81980 11050 54310 51200 40810 13550 35130 33450 18680 33580 59290 35920 28490 74860 36780 23460 75530 44510 0 80830 21650 27700 150931 21340 38300 151430 24170 61680 47290 152170 62410 25400 27950 42470 61110 14880 45790 16890 122201 29420 24450 128681 
65720 26410 15280 60240 93050 43310 106860 105190 26670 31220 75640 29010 63710 60510 73940 97950 49950 86760 89450 31030 46310 65380 10340 92670 57580 9290 64920 80580 0 72820 98810 146613 97690 66290 99700 85870 25610 37610 141470 25460 94220 54470 78810 21320 86370 121460 92170 60941 88230 95460 67421 
77610 47000 64160 133030 24870 46300 47600 34300 70250 65130 11690 52270 64940 54000 8500 27370 43070 17980 20040 64710 43060 8800 65430 24490 34830 71300 58250 22030 73290 0 41080 164801 34720 18610 159500 14980 48510 35710 164910 66240 24780 37440 60490 59360 29660 51650 26370 126981 17930 26020 133461 
72350 76880 85200 148581 29000 56100 9100 39880 84200 103490 30470 75280 56100 50140 32850 42840 50190 27690 44320 76230 52850 47850 95830 47520 43530 93570 51360 27640 99340 40950 0 136711 7490 57660 172890 34650 83130 69290 151930 80450 30270 46590 32570 79850 16220 28800 19660 138961 40160 28040 145441 
89450 143780 135170 158920 161400 127010 141500 172660 122100 171530 157130 137050 101930 113240 159630 176250 125570 159610 177090 118560 126870 166050 151660 180290 132510 138730 113220 151160 146610 165320 137130 0 142560 171120 136730 166570 150170 149590 46590 122700 163050 128100 110040 132730 138600 164310 152440 149300 172080 160820 143480 
77250 72490 83620 147001 22250 54520 13630 33130 82620 97170 24150 72911 61530 52500 26530 36090 48610 21010 37640 74650 51270 41530 92420 40840 41950 91990 54370 21320 97760 34630 7190 142161 0 51340 172681 27970 77360 62970 157410 78870 23520 45010 38050 78270 10960 29930 12910 137381 33480 21290 143861 
83150 44630 61790 126700 42070 50100 64260 50980 69150 49850 27770 49900 70480 59540 25090 43740 47890 35180 35240 66070 47880 11430 56480 38460 43090 68450 63790 38420 64900 18610 57670 170341 51310 0 162730 31660 46140 33340 170450 65140 41460 43440 73700 56990 46090 68330 43030 125251 34020 42700 131731 
98880 119620 104570 57950 172151 116540 181220 185161 93120 128371 154881 112070 111040 118990 156260 182091 119390 166381 179311 99760 117740 157860 109160 182511 129180 98990 121350 151810 100980 160040 173880 137140 180200 162900 0 171421 122310 129200 96540 97700 173161 124550 135760 107300 155430 198091 168241 52740 175151 174401 35500 
84460 58590 75750 144620 12770 55280 37300 20960 80520 76720 15930 63000 71240 60680 13100 14550 50560 6850 10650 74730 52040 20390 77020 13850 41130 82890 64550 23250 84880 13580 33960 165951 27270 30200 169641 0 60100 47300 172160 76510 11440 44290 61570 70950 30710 38310 16070 137021 6490 12680 143501 
62600 8150 21140 84210 71940 31190 90420 80850 31790 28270 54980 14140 56130 49470 53010 73610 36770 65050 65110 32240 33130 41040 17170 68330 40590 24060 53880 61750 25350 48480 83300 149693 77260 46110 121760 61530 0 14710 145912 27890 71330 38840 67770 17640 70860 98200 71210 83001 63890 72570 89481 
61100 11790 28950 96790 57380 26680 76050 68080 36310 35820 40270 17060 52640 42420 38300 60840 27630 51120 52340 33350 27620 28270 31830 55560 27410 36090 46770 47380 38080 35710 69250 149353 62890 33340 129170 48760 14720 0 145572 32300 58550 26870 58240 24150 57000 85400 56500 92411 51120 59790 98891 
87930 139820 131320 130020 173560 124090 158340 188180 118250 167680 158030 133200 102680 113990 159480 185150 125250 168840 182110 114710 125290 165660 147810 185310 132190 133670 113970 152510 141470 165170 151700 46440 157160 170970 95980 173880 146230 145630 0 118850 176130 127780 121430 128880 153140 181470 166980 124080 177950 175180 110270 
40810 22480 12690 70571 80871 24540 88090 93881 4860 49050 62600 14930 38800 38850 63220 90010 31180 75101 83820 6120 27540 59750 29730 87040 38810 17130 42980 62030 25010 65890 80040 122353 78920 64820 97180 77220 27690 31980 118572 0 81881 35700 57430 10250 67600 105640 76170 60951 80950 83121 67441 
87460 68990 84060 152432 4770 59311 28280 16070 86571 87780 20940 71230 73790 63400 20550 16840 53741 8630 20250 79441 56071 31450 88080 23450 44770 92900 67100 25280 94920 24640 30180 163081 23490 41260 172441 11060 71160 58360 175700 82561 0 48241 58700 79260 30900 29050 11830 142812 15250 3050 149292 
40310 32180 40850 104841 46901 12320 54480 59911 40110 62380 30290 29980 27640 16700 31740 56841 6410 41131 53630 32450 9070 38480 50910 56830 4770 49220 20950 27960 54990 37290 46580 127501 45460 43550 124320 45740 38730 26780 127220 36100 47911 0 31810 35500 34140 71000 42100 95221 49470 49151 101701 
39990 61100 64920 123330 56930 37330 39580 68190 60460 92700 50130 56910 23740 19230 52900 70930 32700 55140 71770 52270 34960 64920 78920 74970 31890 73290 19660 42350 79060 60260 32690 109691 38150 73590 135180 62100 67510 57100 121200 57700 58580 30850 0 59570 34130 59550 47970 113710 67610 56350 118310 
50810 13350 6440 78130 77941 24210 87610 90951 14450 38900 59670 8610 46070 41410 59030 84690 30850 71850 76190 15570 27210 52120 21760 79410 38480 15950 45820 61160 21720 59560 79710 132353 78590 57190 106770 72610 17740 24350 128572 10550 78951 35370 59710 0 67270 102931 74031 69391 74970 80191 75871 
66350 64400 72720 136101 29180 43620 23020 40440 71720 91560 18590 62800 50630 41600 21090 42490 37710 26040 40940 63750 40370 36030 83350 44140 31050 81090 43470 14790 86860 29190 16190 138441 11320 45840 154620 31530 70650 56970 153420 67970 30830 34110 34060 67370 0 40780 20220 126481 36780 28600 132961 
98900 96020 109671 178142 31260 82120 20870 26630 110130 117250 47530 96831 82650 76690 47190 39450 76410 35500 44060 102690 78880 58570 115200 47260 66420 119240 77910 45650 122200 51760 28670 163951 30240 68380 197161 38180 98280 85450 180820 105940 29060 70910 59120 103631 40730 0 29940 168522 39050 26830 180291 
78990 66790 80831 146401 10200 53280 21670 22220 80540 89450 18690 67991 65320 54930 18350 24410 47570 9790 26420 73410 50040 33120 86720 29620 37580 89650 58630 16810 92720 26150 19570 152471 12880 42930 167660 16750 71290 56610 167190 76530 11840 42070 48090 74791 20290 29960 0 136781 22260 9610 143261 
85820 82531 66061 10310 141602 84531 147331 154702 57701 89371 123591 75751 92810 95230 124211 151632 90161 135832 145711 65111 86931 120601 70530 148971 99311 60760 99290 122391 62350 126881 139281 149080 138161 125641 52250 138231 83680 92801 124590 61381 142702 95411 114190 69481 126841 169172 136841 0 142541 143942 17460 
89610 62190 79350 148220 16560 60430 39700 20040 85340 80320 21130 67440 76390 65830 18250 11210 55710 12840 5470 79800 57190 23990 80620 8670 46280 86490 69700 29070 88480 18020 39950 171941 33260 33800 174791 6650 63700 50900 177710 81330 15230 49440 67560 74550 36530 38810 22060 142301 0 14060 148781 
86510 70230 85300 153672 5260 60551 25990 14240 87811 89020 22180 72470 72840 62450 21790 15080 54981 9870 19130 80681 57311 32690 89320 22330 45100 94140 66150 24330 96160 25880 27890 160791 21200 42500 173681 12300 72400 59600 174750 83801 3060 49481 56410 80500 28610 26760 9540 144052 14120 0 150532 
81930 88701 72231 22450 147772 90701 153501 168201 63871 95541 129761 81921 94080 99950 130381 157802 96331 142002 151881 71281 93101 126771 76700 155141 105481 66930 104010 128561 68520 133051 145451 143480 144331 131811 35240 144401 89850 98971 110300 67551 148872 101581 118800 75651 133011 181131 143011 17240 148711 150112 0 

0 Ciudad_0 0 0 32400 0
1 Ciudad_1 163 12108 26708 326
2 Ciudad_2 640 5586 17835 1280
3 Ciudad_3 210 13880 25117 420
4 Ciudad_4 103 16239 20446 206
5 Ciudad_5 112 21376 28825 224
6 Ciudad_6 670 14828 26183 1340
7 Ciudad_7 758 4620 18000 1516
8 Ciudad_8 651 16022 22641 1302
9 Ciudad_9 806 3843 14794 1612
10 Ciudad_10 366 10223 24296 732
11 Ciudad_11 803 6369 15711 1606
12 Ciudad_12 114 4319 8434 228
13 Ciudad_13 467 12680 17021 934
14 Ciudad_14 127 15813 17854 254
15 Ciudad_15 586 11322 24816 1172
16 Ciudad_16 682 9464 16916 1364
17 Ciudad_17 389 11946 25588 778
18 Ciudad_18 664 11065 16749 1328
19 Ciudad_19 351 13290 26896 702
20 Ciudad_20 419 8134 18241 838
21 Ciudad_21 643 12177 18760 1286
22 Ciudad_22 536 13198 27187 1072
23 Ciudad_23 320 6555 17021 640
24 Ciudad_24 770 17565 21177 1540
25 Ciudad_25 421 15379 26299 842
26 Ciudad_26 211 17001 26626 422
27 Ciudad_27 550 12852 27206 1100
28 Ciudad_28 547 9169 12188 1094
29 Ciudad_29 212 12305 19360 424
30 Ciudad_30 666 9766 16238 1332
31 Ciudad_31 239 19698 24519 478
32 Ciudad_32 568 7156 19327 1136
33 Ciudad_33 733 3787 18412 1466
34 Ciudad_34 537 21876 24276 1074
35 Ciudad_35 291 6188 18994 582
36 Ciudad_36 542 10009 18354 1084
37 Ciudad_37 288 10230 24790 576
38 Ciudad_38 301 7843 19254 602
39 Ciudad_39 403 20529 22530 806
40 Ciudad_40 261 14565 24537 522
41 Ciudad_41 449 1885 6652 898
42 Ciudad_42 633 23768 29011 1266
43 Ciudad_43 519 14793 20191 1038
44 Ciudad_44 473 10360 20237 946
45 Ciudad_45 636 21768 24621 1272
46 Ciudad_46 766 13230 22761 1532
47 Ciudad_47 713 13696 20499 1426
48 Ciudad_48 768 20285 22951 1536
49 Ciudad_49 571 15239 18325 1142
50 Ciudad_50 682 8846 22033 1364

0 -0.0252151 0.097911 0.00958985 -0.00416875 0.0666477 0.093428 -0.00229871 0.0384363 0.0438489 0.0220305 -0.0373072 -0.0100722 0.0299718 -0.0737287 -0.0758743 -0.0213444 0.0584643 0.0482528 -0.0350882 -0.00246637 0.0183912 -0.0811852 -0.0430579 0.0558698 -0.0771092 0.010824 -0.0923982 -0.02224 -0.00249552 -0.0486976 -0.0728654 0.0651794 0.0178958 0.084598 -0.0909896 -0.0230268 0.0786244 0.0685756 0.0534172 0.0928579 -0.0227077 -0.0802695 0.0373803 0.0306797 -0.0564039 0.0778455 -0.0959535 0.0848608 0.0750129 0.0484836 
0.0252151 0 0.0832938 -0.00728748 0.0840069 -0.0343796 0.0471493 -0.069233 0.0849158 0.058757 -0.0462314 -0.000983629 0.0763042 0.00541921 -0.013058 -0.0278952 0.068539 -0.017964 0.0427663 0.0589263 0.0938281 -0.0467008 -0.0438001 0.0223765 -0.00750246 -0.0726744 0.0894613 -0.0898856 0.0260836 -0.0840292 -0.0371025 0.0559882 -0.0271355 0.0776778 -0.0956514 -0.0127098 -0.05902 0.0544805 0.0964573 -0.0801305 -0.0257397 0.0841937 -0.0202237 -0.0358344 0.0346086 0.00598668 0.0523178 0.0110958 -0.0368073 0.0335169 0.0286055 
-0.097911 -0.0832938 0 -0.076035 0.0712345 0.0965073 -0.0140916 0.0674982 -0.027243 0.0316589 -0.02927 -0.0250487 0.0266858 0.049492 0.0872572 0.0138593 -0.0376912 -0.017779 -0.0262202 0.0785591 0.0532444 -0.0144018 -0.00487787 -0.0775781 -0.0215808 0.0394094 0.0149471 -0.0387584 -0.00701164 0.00781607 0.0598418 -0.0651212 0.00495731 -0.0297771 0.0643525 -0.0156319 -0.0698559 0.0707944 -0.0142893 -0.0429778 0.0255469 -0.0340763 0.0183195 -0.0276531 0.0918854 0.0954495 -0.0601695 0.0311092 -0.0978644 -0.0522408 0.0437164 
-0.00958985 0.00728748 0.076035 0 -0.0655853 0.0738526 0.0626549 -0.0567397 -0.0298398 0.0214774 0.0735021 0.0222089 0.0668283 -0.095207 0.0218612 -0.00285389 0.087483 -0.0138563 0.0392314 0.0586555 0.0469304 0.0878287 -0.0788946 -0.0516486 -0.044031 -0.0143365 -0.0778893 -0.0656399 -0.0379339 0.0931153 -0.0223733 0.0564295 0.0168468 0.000134062 0.00714194 0.0396847 -0.0915429 0.00176973 0.0531618 0.0122087 0.0691781 -0.0386843 -0.0444514 0.0228896 -0.0113456 0.0156294 0.0905797 0.0984798 0.0454337 -0.036933 0.0745397 
0.00416875 -0.0840069 -0.0712345 0.0655853 0 0.0280146 -0.0539735 -0.0745041 0.0547332 0.0822302 0.0225046 -0.0410547 0.0717919 -0.0565399 -0.0423054 0.087098 -0.0181982 0.056839 0.0279757 -0.093995 0.0345522 0.0559675 0.0188552 0.0132843 0.0420315 0.0376139 0.0947412 0.0924119 0.049943 0.0201985 -0.0533715 0.0520039 0.0542737 0.061631 0.0830603 0.00352604 -0.0963677 0.00826157 -0.066685 -0.00774822 0.0600957 0.069682 0.0682168 0.0340661 -0.0812155 0.0555066 -0.0219602 -0.0593562 -0.000616758 -0.0660957 0.0784687 
-0.0666477 0.0343796 -0.0965073 -0.0738526 -0.0280146 0 0.098538 0.0948303 0.0223283 -0.0271671 -0.0798913 -0.0186358 0.00103581 0.0629914 -0.0718732 -0.0816089 -0.0709444 0.0269146 0.0472351 -0.0448022 -0.0657692 -0.0725041 0.0111188 -0.044436 0.0535112 0.0798813 -0.0349863 -0.0234748 -0.0901406 0.083279 0.00935204 0.0354974 0.0108055 0.0277475 0.0277827 0.0447934 -0.020182 -0.071233 -0.0367268 0.0233356 0.00120576 -0.0121762 -0.0182539 0.0437647 0.070788 0.0279221 -0.0911066 0.0750769 0.0144963 -0.0994591 -0.00856598 
-0.093428 -0.0471493 0.0140916 -0.0626549 0.0539735 -0.098538 0 -0.0715703 -0.0388055 0.023179 0.0427508 0.0841808 -0.0187269 0.0410029 0.0750532 -0.0237357 0.0971211 -0.0535618 -0.0230708 0.0364034 0.0713368 -0.0171447 -0.0651562 -0.0278399 -0.00453758 0.0438581 0.0613883 0.0925216 -0.0402835 -0.0447053 0.0216118 -0.0859819 -0.0237514 -0.0800166 -0.0813727 -0.0808481 0.0231676 -0.0628298 0.0389712 0.0669015 -0.0964216 0.0161638 0.0936751 -0.0146 0.0467847 -0.051498 0.0852663 0.0873331 0.073383 0.0832633 -0.097894 
0.00229871 0.069233 -0.0674982 0.0567397 0.0745041 -0.0948303 0.0715703 0 0.0400706 0.0443504 -0.0445052 0.0651188 -0.0871928 0.092137 0.0516232 0.0139166 0.0674913 0.0308355 -0.0147951 0.0857629 0.0060395 0.0147191 -0.0504001 -0.0849309 -0.0627063 0.0351975 -0.0428702 -0.0417055 -0.0962933 0.0772873 -0.0433436 0.0136863 0.0442729 -0.0993625 0.000781983 0.0202123 -0.0284794 0.0916075 0.0350588 0.0341247 0.0237645 -0.097579 -0.0677679 0.0328235 0.0183074 -0.00397815 -0.0971029 0.0835464 -0.0123593 -0.0886591 -0.0740419 
-0.0384363 -0.0849158 0.027243 0.0298398 -0.0547332 -0.0223283 0.0388055 -0.0400706 0 -0.00321859 -0.013258 -0.0486107 0.00812377 -0.0106018 -0.0504154 -0.0554899 0.0157563 0.0551988 0.049775 -0.0253148 0.0441041 -0.0704274 0.084746 -0.0368938 0.0741945 -0.0520736 0.0591224 -0.0702483 -0.0402032 0.0638952 0.0522419 -0.065074 0.0165148 0.0740676 -0.0113013 0.0867453 -0.0213489 0.0362074 -0.0707858 -0.0290754 0.00596689 -0.0561072 -0.0678396 0.00792653 0.0301694 -0.032643 0.0215141 0.0689514 0.0300505 -0.080488 0.0450577 
-0.0438489 -0.058757 -0.0316589 -0.0214774 -0.0822302 0.0271671 -0.023179 -0.0443504 0.00321859 0 0.0215134 -0.0398281 0.0838435 0.060694 0.00678494 0.0448118 0.0335951 0.010003 0.0398935 -0.0836403 0.0788362 -0.0763076 0.0753347 -0.0739566 0.0588861 -0.0260711 -0.02215 0.00793586 -0.0546007 0.027727 -0.0967662 0.0123859 0.0669414 -0.0105697 0.0138868 0.0267678 -0.0777245 0.0463342 -0.0913765 0.0993801 0.0779619 -0.0893068 0.0195294 0.0337494 -0.0066234 0.023542 -0.0508343 -0.0922395 0.0810765 -0.0238217 0.0636131 
-0.0220305 0.0462314 0.02927 -0.0735021 -0.0225046 0.0798913 -0.0427508 0.0445052 0.013258 -0.0215134 0 -0.0695461 -0.0022306 -0.0259116 -0.0733828 0.0939463 -0.0857387 -0.0658527 -0.0180282 0.0696452 0.067476 0.0699389 -0.093342 0.0603059 0.0645824 -0.0396029 0.0222975 0.0666349 -0.00608311 0.08409 -0.0488686 -0.0226613 -0.0980346 0.0770413 0.0930934 0.0387208 0.0405103 0.0558257 0.0480412 -0.0914502 0.00965842 -0.0743191 0.0251264 -0.0841825 0.0127687 -0.00651203 -0.0590254 -0.0231923 -0.0105297 0.0181783 0.0319307 
0.0373072 0.000983629 0.0250487 -0.0222089 0.0410547 0.0186358 -0.0841808 -0.0651188 0.0486107 0.0398281 0.0695461 0 -0.0484441 -0.003209 -0.0977831 0.0516131 0.0770201 -0.0243589 -0.0137515 -0.0842367 0.0665441 -0.00494625 -0.0249715 0.0450642 -0.071623 0.024336 -0.0409344 0.0363448 -0.0805685 0.0108695 0.0775839 -0.0487875 -0.0894107 -0.0448553 -0.0759781 -0.0280021 -0.0971215 0.0729638 0.0976144 -0.0164294 -0.057117 -0.00339245 -0.00168788 -0.0750188 0.0147128 -0.0332198 0.0421061 0.024426 0.0513855 -0.00717292 -0.0981226 
0.0100722 -0.0763042 -0.0266858 -0.0668283 -0.0717919 -0.00103581 0.0187269 0.0871928 -0.00812377 -0.0838435 0.0022306 0.0484441 0 -0.0183205 0.0120584 -0.0951162 -0.0277449 0.0985634 -0.026338 -0.0873825 0.0581923 -0.0752355 -0.0804876 -0.00489201 0.0409731 -0.0933997 -0.03783 -0.0210269 -0.079697 -0.0961828 0.0198898 0.0489303 -0.0475139 0.0131797 0.00124018 0.0693806 0.0337045 0.0396476 -0.0537875 0.0815996 0.022457 -0.0450196 0.0282467 -0.0161307 -0.0224522 -0.0805937 -0.0141786 -0.00982169 0.0573627 -0.083701 -0.0459445 
-0.0299718 -0.00541921 -0.049492 0.095207 0.0565399 -0.0629914 -0.0410029 -0.092137 0.0106018 -0.060694 0.0259116 0.003209 0.0183205 0 0.0156131 -0.094819 0.0355716 -0.0246454 0.0291737 0.00172762 0.0169796 -0.0852119 0.0254387 -0.0426463 -0.0732155 -0.0287463 0.0839771 0.0676617 0.0500374 -0.0165311 -0.0177033 0.00137717 -0.0290122 -0.0458062 -0.00806534 -0.0831427 0.0756919 0.0363366 0.0746092 -0.0154822 0.0558216 -0.0285771 0.0757356 0.0429397 -0.034222 -0.0917782 0.0562431 -0.0181788 -0.018503 -0.0789768 0.0975869 
0.0737287 0.013058 -0.0872572 -0.0218612 0.0423054 0.0718732 -0.0750532 -0.0516232 0.0504154 -0.00678494 0.0733828 0.0977831 -0.0120584 -0.0156131 0 0.0624962 -0.0129677 -0.0301736 -0.0186336 0.0773463 0.0221909 -0.0854661 -0.021202 0.0193041 -0.0412398 0.0789747 -0.0763831 0.00553314 0.0610505 0.0246562 -0.0241607 -0.0309477 0.0584288 0.082765 -0.00685843 0.0793291 0.0233865 -0.0097173 0.0662654 0.036259 -0.00828361 0.0831777 -0.0751999 -0.069286 -0.090549 0.00414729 0.0551229 0.084503 -0.0871891 -0.0239014 0.0420128 
0.0758743 0.0278952 -0.0138593 0.00285389 -0.087098 0.0816089 0.0237357 -0.0139166 0.0554899 -0.0448118 -0.0939463 -0.0516131 0.0951162 0.094819 -0.0624962 0 -0.0252584 0.0299124 -0.0725 -0.0106705 -0.0619351 0.00169819 -0.0456132 -0.0713793 0.0807311 0.0774307 0.0809023 -0.0262054 -0.0596379 0.0786517 0.0220862 -0.0447522 -0.035121 0.0696608 -0.0369554 0.0551336 0.0273081 -0.0861458 -0.0314369 0.0179026 0.0328443 0.0187171 -0.0252856 0.0114132 0.0467004 -0.00418225 0.0243526 -0.0811474 0.0601546 -0.0646887 0.0393285 
0.0213444 -0.068539 0.0376912 -0.087483 0.0181982 0.0709444 -0.0971211 -0.0674913 -0.0157563 -0.0335951 0.0857387 -0.0770201 0.0277449 -0.0355716 0.0129677 0.0252584 0 0.0635078 0.0703685 -0.0818172 -0.0730276 -0.0151392 -0.0527713 -0.0499385 0.0849316 -0.012574 0.0267968 -0.0828259 -0.00906366 0.0903224 0.055448 -0.00810036 -0.0608573 -0.00619597 0.0911288 -0.064685 -0.0948649 0.0328494 0.0807436 0.075466 0.0954877 -0.071179 0.046163 0.071164 0.0797347 -0.0942671 -0.0752516 0.0139742 0.0525733 0.0267657 0.035392 
-0.0584643 0.017964 0.017779 0.0138563 -0.056839 -0.0269146 0.0535618 -0.0308355 -0.0551988 -0.010003 0.0658527 0.0243589 -0.0985634 0.0246454 0.0301736 -0.0299124 -0.0635078 0 0.0413874 -0.0894971 -0.0551129 0.0553333 -0.0671388 -0.0203707 -0.00676201 0.0230747 -0.0593849 0.00752642 -0.0074041 -0.0237802 -0.0939882 0.061747 -0.0223162 0.0413456 0.0186727 0.00699617 0.0702433 -0.022611 -0.05613 -0.0283124 -0.0433418 -0.0403191 -0.0410681 -0.0256422 -0.0183527 0.0205143 0.0562434 -0.0941329 0.0433266 -0.0255411 -0.0277663 
-0.0482528 -0.0427663 0.0262202 -0.0392314 -0.0279757 -0.0472351 0.0230708 0.0147951 -0.049775 -0.0398935 0.0180282 0.0137515 0.026338 -0.0291737 0.0186336 0.0725 -0.0703685 -0.0413874 0 0.0112079 -0.094508 0.0843643 0.0200351 0.0309417 -0.0875172 0.0661535 0.067513 0.0343377 -0.0112227 0.0960826 0.0974128 0.0263813 0.0920379 0.0447486 0.0358609 -0.0456109 -0.0287029 0.0391745 -0.066843 0.0868779 0.0338144 -0.0476593 -0.0856665 -0.0529496 0.0363311 -0.0228577 -0.0979194 -0.0704388 -0.0429934 0.0726483 -0.00600401 
0.0350882 -0.0589263 -0.0785591 -0.0586555 0.093995 0.0448022 -0.0364034 -0.0857629 0.0253148 0.0836403 -0.0696452 0.0842367 0.0873825 -0.00172762 -0.0773463 0.0106705 0.0818172 0.0894971 -0.0112079 0 -0.0226029 -0.00722082 -0.0240085 -0.0403714 0.0159587 0.0311921 0.0722022 -0.0746857 -0.0108563 -0.0288225 0.0879119 0.0748965 0.046508 0.018565 0.0637243 0.0599356 -0.098952 -0.0611989 -0.0196589 0.0942522 0.000762892 0.0406464 -0.0854476 0.0339005 -0.0854802 -0.0408868 -0.0997192 -0.0413403 -0.0329061 -0.0144466 0.0567106 
0.00246637 -0.0938281 -0.0532444 -0.0469304 -0.0345522 0.0657692 -0.0713368 -0.0060395 -0.0441041 -0.0788362 -0.067476 -0.0665441 -0.0581923 -0.0169796 -0.0221909 0.0619351 0.0730276 0.0551129 0.094508 0.0226029 0 -0.0844822 -0.0373667 -0.0748975 -0.0960117 -0.0259615 -0.0486975 0.0867172 -0.0603707 -0.01013 -0.012588 -0.0483727 -0.0635475 -0.0395433 -0.0805859 0.0435222 -0.0197886 0.0640523 -0.093291 0.0307015 -0.0744427 0.0997801 -0.0593227 0.00639069 0.0320169 -0.0903208 -0.0124105 -0.0341011 -0.0399686 0.0417981 0.0264889 
-0.0183912 0.0467008 0.0144018 -0.0878287 -0.0559675 0.0725041 0.0171447 -0.0147191 0.0704274 0.0763076 -0.0699389 0.00494625 0.0752355 0.0852119 0.0854661 -0.00169819 0.0151392 -0.0553333 -0.0843643 0.00722082 0.0844822 0 -0.0398332 0.0138389 -0.0346218 0.00258971 -0.00786372 0.0332771 -0.0534552 -0.0449736 -0.0578241 -0.074457 -0.0792068 -0.0219305 0.0251594 -0.057826 -0.00452788 0.0072019 -0.0809947 0.0239335 -0.0505444 -0.0598405 -0.00642235 0.0985739 0.0210397 0.0886412 -0.0267972 0.0587662 0.0811021 0.000702644 0.0605071 
0.0811852 0.0438001 0.00487787 0.0788946 -0.0188552 -0.0111188 0.0651562 0.0504001 -0.084746 -0.0753347 0.093342 0.0249715 0.0804876 -0.0254387 0.021202 0.0456132 0.0527713 0.0671388 -0.0200351 0.0240085 0.0373667 0.0398332 0 -0.00468824 0.0182956 -0.0883419 0.0637581 0.098929 0.0851433 -0.00991351 -0.0719109 -0.0541787 0.00470565 -0.0714588 0.0965093 -0.0177469 0.0550305 0.0643932 0.0829394 0.0368077 -0.00147947 -0.0119267 -0.0815615 0.0788827 0.0875362 0.0548265 -0.0904515 0.0747603 0.0752592 0.0545351 -0.0769244 
0.0430579 -0.0223765 0.0775781 0.0516486 -0.0132843 0.044436 0.0278399 0.0849309 0.0368938 0.0739566 -0.0603059 -0.0450642 0.00489201 0.0426463 -0.0193041 0.0713793 0.0499385 0.0203707 -0.0309417 0.0403714 0.0748975 -0.0138389 0.00468824 0 0.0271072 0.0155695 0.0447728 0.0372679 -0.0215127 -0.0717346 0.0376921 0.0427703 -0.0961453 -0.013044 0.0183242 0.0414916 -0.0756014 0.0932089 -0.0892172 0.0815812 -0.0680838 -0.0234453 0.0285385 0.0872323 -0.0097513 -0.0826302 -0.0912438 -0.00964737 -0.0231428 -0.0537368 -0.0375898 
-0.0558698 0.00750246 0.0215808 0.044031 -0.0420315 -0.0535112 0.00453758 0.0627063 -0.0741945 -0.0588861 -0.0645824 0.071623 -0.0409731 0.0732155 0.0412398 -0.0807311 -0.0849316 0.00676201 0.0875172 -0.0159587 0.0960117 0.0346218 -0.0182956 -0.0271072 0 -0.0795388 -0.0999234 -0.0556681 0.029578 -0.0876117 -0.0485811 0.0839555 -0.0565148 0.084731 -0.0753617 0.0118979 -0.00145748 0.0194496 -0.0703725 0.0204166 0.040316 0.0264495 0.000957338 0.0300226 -0.0852582 -0.0932777 0.0727204 0.0281159 -0.0820282 0.0813142 0.0405962 
0.0771092 0.0726744 -0.0394094 0.0143365 -0.0376139 -0.0798813 -0.0438581 -0.0351975 0.0520736 0.0260711 0.0396029 -0.024336 0.0933997 0.0287463 -0.0789747 -0.0774307 0.012574 -0.0230747 -0.0661535 -0.0311921 0.0259615 -0.00258971 0.0883419 -0.0155695 0.0795388 0 -0.0456594 0.00640765 0.0694626 -0.0756042 -0.0919818 0.0901734 -0.0297911 -0.0469908 -0.0881094 0.0830096 0.0999909 0.087062 -0.0150674 0.0846568 -0.0506795 -0.0495421 -0.0683915 0.0488685 0.0866104 -0.0885945 -0.0854133 0.0865602 0.0790999 -0.0750628 -0.00916217 
-0.010824 -0.0894613 -0.0149471 0.0778893 -0.0947412 0.0349863 -0.0613883 0.0428702 -0.0591224 0.02215 -0.0222975 0.0409344 0.03783 -0.0839771 0.0763831 -0.0809023 -0.0267968 0.0593849 -0.067513 -0.0722022 0.0486975 0.00786372 -0.0637581 -0.0447728 0.0999234 0.0456594 0 -0.0642898 0.0295691 0.0653244 0.0761542 -0.00982735 -0.0983919 -0.0311427 0.094353 -0.084576 0.0227166 0.0410408 0.0722698 0.0187576 0.0874085 0.0584676 0.0435075 0.0027718 -0.0992254 -0.0846437 0.0379784 -0.0366939 -0.0254998 0.0194639 -0.00121822 
0.0923982 0.0898856 0.0387584 0.0656399 -0.0924119 0.0234748 -0.0925216 0.0417055 0.0702483 -0.00793586 -0.0666349 -0.0363448 0.0210269 -0.0676617 -0.00553314 0.0262054 0.0828259 -0.00752642 -0.0343377 0.0746857 -0.0867172 -0.0332771 -0.098929 -0.0372679 0.0556681 -0.00640765 0.0642898 0 -0.0421213 -0.058376 0.00513501 0.0705548 -0.000532975 0.0551757 0.0465518 -0.0768677 -0.00591376 0.00312039 0.0957742 -0.0928713 0.0383323 -0.0994489 0.0405933 -0.0800672 -0.0690126 -0.0638115 -0.0997534 0.0724953 -0.0970226 -0.0229302 -0.0705201 
0.02224 -0.0260836 0.00701164 0.0379339 -0.049943 0.0901406 0.0402835 0.0962933 0.0402032 0.0546007 0.00608311 0.0805685 0.079697 -0.0500374 -0.0610505 0.0596379 0.00906366 0.0074041 0.0112227 0.0108563 0.0603707 0.0534552 -0.0851433 0.0215127 -0.029578 -0.0694626 -0.0295691 0.0421213 0 -0.0181146 0.0997374 0.0567037 0.0969223 0.00242977 0.0196433 -0.0882459 -0.086168 -0.0649614 0.0548673 0.0406825 0.0142942 -0.0380518 0.0530248 0.092864 -0.0972667 0.039751 -0.0817551 -0.034814 0.0602579 0.0557138 0.0159037 
0.00249552 0.0840292 -0.00781607 -0.0931153 -0.0201985 -0.083279 0.0447053 -0.0772873 -0.0638952 -0.027727 -0.08409 -0.0108695 0.0961828 0.0165311 -0.0246562 -0.0786517 -0.0903224 0.0237802 -0.0960826 0.0288225 0.01013 0.0449736 0.00991351 0.0717346 0.0876117 0.0756042 -0.0653244 0.058376 0.0181146 0 -0.0441749 0.00639481 0.0878677 -0.0623577 -0.0460199 0.0979352 -0.097796 0.088752 0.0601501 0.0621918 0.0720566 -0.0579478 0.038424 0.0574863 -0.0267149 0.0484566 -0.0751912 -0.0176532 -0.0703773 0.0516302 -0.0936318 
0.0486976 0.0371025 -0.0598418 0.0223733 0.0533715 -0.00935204 -0.0216118 0.0433436 -0.0522419 0.0967662 0.0488686 -0.0775839 -0.0198898 0.0177033 0.0241607 -0.0220862 -0.055448 0.0939882 -0.0974128 -0.0879119 0.012588 0.0578241 0.0719109 -0.0376921 0.0485811 0.0919818 -0.0761542 -0.00513501 -0.0997374 0.0441749 0 0.0230957 0.0828524 0.0656674 -0.0880588 -0.0464572 0.0794265 -0.021984 -0.0100349 -0.0273387 -0.0387993 0.0821781 0.0143991 0.0137751 -0.0273041 0.09222 0.0924786 0.0175636 -0.0683157 -0.0789141 0.0601479 
0.0728654 -0.0559882 0.0651212 -0.0564295 -0.0520039 -0.0354974 0.0859819 -0.0136863 0.065074 -0.0123859 0.0226613 0.0487875 -0.0489303 -0.00137717 0.0309477 0.0447522 0.00810036 -0.061747 -0.0263813 -0.0748965 0.0483727 0.074457 0.0541787 -0.0427703 -0.0839555 -0.0901734 0.00982735 -0.0705548 -0.0567037 -0.00639481 -0.0230957 0 -0.0810626 0.0511193 -0.0768854 0.0440668 0.085677 -0.0899068 -0.0788313 0.079133 -0.0744653 -0.073996 0.0691417 0.0727999 0.0914503 0.067615 -0.0067555 0.0603071 0.0137692 0.0155821 0.00600498 
-0.0651794 0.0271355 -0.00495731 -0.0168468 -0.0542737 -0.0108055 0.0237514 -0.0442729 -0.0165148 -0.0669414 0.0980346 0.0894107 0.0475139 0.0290122 -0.0584288 0.035121 0.0608573 0.0223162 -0.0920379 -0.046508 0.0635475 0.0792068 -0.00470565 0.0961453 0.0565148 0.0297911 0.0983919 0.000532975 -0.0969223 -0.0878677 -0.0828524 0.0810626 0 0.0946692 -0.0522161 -0.0881904 -0.000267982 -0.0236263 0.00141574 0.0386028 0.00977668 -0.0634754 0.0870243 -0.072824 0.00488939 0.0720915 -0.0880771 0.0583608 0.0211311 0.0898864 0.0971103 
-0.0178958 -0.0776778 0.0297771 -0.000134062 -0.061631 -0.0277475 0.0800166 0.0993625 -0.0740676 0.0105697 -0.0770413 0.0448553 -0.0131797 0.0458062 -0.082765 -0.0696608 0.00619597 -0.0413456 -0.0447486 -0.018565 0.0395433 0.0219305 0.0714588 0.013044 -0.084731 0.0469908 0.0311427 -0.0551757 -0.00242977 0.0623577 -0.0656674 -0.0511193 -0.0946692 0 0.00526717 0.0095271 -0.092621 -0.0609003 -0.0249229 0.0502553 0.00662179 -0.0324326 -0.0203064 -0.0498473 0.0209879 0.0682653 0.0301605 0.0432369 -0.0721188 -0.0407682 0.094743 
-0.084598 0.0956514 -0.0643525 -0.00714194 -0.0830603 -0.0277827 0.0813727 -0.000781983 0.0113013 -0.0138868 -0.0930934 0.0759781 -0.00124018 0.00806534 0.00685843 0.0369554 -0.0911288 -0.0186727 -0.0358609 -0.0637243 0.0805859 -0.0251594 -0.0965093 -0.0183242 0.0753617 0.0881094 -0.094353 -0.0465518 -0.0196433 0.0460199 0.0880588 0.0768854 0.0522161 -0.00526717 0 0.035874 -0.0838386 0.0562622 -0.0856276 0.0201611 0.0866251 0.0292198 -0.0342777 0.00553825 -0.0519519 -0.0242821 -0.00912008 -0.00294182 -0.0797178 -0.0628975 -0.0111679 
0.0909896 0.0127098 0.0156319 -0.0396847 -0.00352604 -0.0447934 0.0808481 -0.0202123 -0.0867453 -0.0267678 -0.0387208 0.0280021 -0.0693806 0.0831427 -0.0793291 -0.0551336 0.064685 -0.00699617 0.0456109 -0.0599356 -0.0435222 0.057826 0.0177469 -0.0414916 -0.0118979 -0.0830096 0.084576 0.0768677 0.0882459 -0.0979352 0.0464572 -0.0440668 0.0881904 -0.0095271 -0.035874 0 -0.0275167 0.0620188 0.0426727 0.0151843 -0.00160886 0.00676871 0.08961 0.0342077 0.053782 0.0536153 -0.0861569 0.0861518 0.0911608 0.0212422 -0.014759 
0.0230268 0.05902 0.0698559 0.0915429 0.0963677 0.020182 -0.0231676 0.0284794 0.0213489 0.0777245 -0.0405103 0.0971215 -0.0337045 -0.0756919 -0.0233865 -0.0273081 0.0948649 -0.0702433 0.0287029 0.098952 0.0197886 0.00452788 -0.0550305 0.0756014 0.00145748 -0.0999909 -0.0227166 0.00591376 0.086168 0.097796 -0.0794265 -0.085677 0.000267982 0.092621 0.0838386 0.0275167 0 -0.0595744 -0.0488338 0.0384963 0.0683569 0.0821002 0.0989502 0.0339035 0.0176792 -0.0772871 0.0567771 -0.0220732 -0.0541037 -0.0392164 -0.0573289 
-0.0786244 -0.0544805 -0.0707944 -0.00176973 -0.00826157 0.071233 0.0628298 -0.0916075 -0.0362074 -0.0463342 -0.0558257 -0.0729638 -0.0396476 -0.0363366 0.0097173 0.0861458 -0.0328494 0.022611 -0.0391745 0.0611989 -0.0640523 -0.0072019 -0.0643932 -0.0932089 -0.0194496 -0.087062 -0.0410408 -0.00312039 0.0649614 -0.088752 0.021984 0.0899068 0.0236263 0.0609003 -0.0562622 -0.0620188 0.0595744 0 -0.0380784 -0.00178705 -0.00511394 -0.0662868 -0.0512585 0.0958873 0.0778037 0.0798242 0.000673215 0.0801839 -0.0722842 0.0265635 0.0853267 
-0.0685756 -0.0964573 0.0142893 -0.0531618 0.066685 0.0367268 -0.0389712 -0.0350588 0.0707858 0.0913765 -0.0480412 -0.0976144 0.0537875 -0.0746092 -0.0662654 0.0314369 -0.0807436 0.05613 0.066843 0.0196589 0.093291 0.0809947 -0.0829394 0.0892172 0.0703725 0.0150674 -0.0722698 -0.0957742 -0.0548673 -0.0601501 0.0100349 0.0788313 -0.00141574 0.0249229 0.0856276 -0.0426727 0.0488338 0.0380784 0 -0.065305 -0.0613168 -0.0899599 -0.0499399 0.0185897 0.0457736 -0.020782 -0.0598025 -0.0202693 0.0818213 0.0648314 0.0985537 
-0.0534172 0.0801305 0.0429778 -0.0122087 0.00774822 -0.0233356 -0.0669015 -0.0341247 0.0290754 -0.0993801 0.0914502 0.0164294 -0.0815996 0.0154822 -0.036259 -0.0179026 -0.075466 0.0283124 -0.0868779 -0.0942522 -0.0307015 -0.0239335 -0.0368077 -0.0815812 -0.0204166 -0.0846568 -0.0187576 0.0928713 -0.0406825 -0.0621918 0.0273387 -0.079133 -0.0386028 -0.0502553 -0.0201611 -0.0151843 -0.0384963 0.00178705 0.065305 0 -0.0118473 -0.0876231 -0.0660763 -0.0724562 -0.0502688 -0.0707086 0.00962831 0.033255 -0.0149662 -0.0951581 -0.053315 
-0.0928579 0.0257397 -0.0255469 -0.0691781 -0.0600957 -0.00120576 0.0964216 -0.0237645 -0.00596689 -0.0779619 -0.00965842 0.057117 -0.022457 -0.0558216 0.00828361 -0.0328443 -0.0954877 0.0433418 -0.0338144 -0.000762892 0.0744427 0.0505444 0.00147947 0.0680838 -0.040316 0.0506795 -0.0874085 -0.0383323 -0.0142942 -0.0720566 0.0387993 0.0744653 -0.00977668 -0.00662179 -0.0866251 0.00160886 -0.0683569 0.00511394 0.0613168 0.0118473 0 0.092658 -0.083524 0.0984305 0.0241382 0.00607568 -0.00333394 -0.0555926 0.00780419 -0.0280364 0.064946 
0.0227077 -0.0841937 0.0340763 0.0386843 -0.069682 0.0121762 -0.0161638 0.097579 0.0561072 0.0893068 0.0743191 0.00339245 0.0450196 0.0285771 -0.0831777 -0.0187171 0.071179 0.0403191 0.0476593 -0.0406464 -0.0997801 0.0598405 0.0119267 0.0234453 -0.0264495 0.0495421 -0.0584676 0.0994489 0.0380518 0.0579478 -0.0821781 0.073996 0.0634754 0.0324326 -0.0292198 -0.00676871 -0.0821002 0.0662868 0.0899599 0.0876231 -0.092658 0 -0.0606967 -0.0474502 0.0574218 -0.0857443 0.0326614 -0.00768737 0.0476903 -0.0649787 0.0365676 
