50

16000 4500

30 55 80

6

0 60040 63870 36520 89390 35540 42610 78350 42460 73180 97180 64840 63860 67770 65770 53390 48810 49700 35440 99460 51071 31990 77300 24360 56250 65950 67620 79170 91660 30660 73390 33800 80290 96040 49750 64850 50310 84850 77730 98030 94880 62180 80120 88550 83650 95470 88700 45560 30910 54920 87010 
60000 0 9930 26990 132860 75320 100043 48170 38560 15600 111770 31260 17590 89080 123902 46210 16270 25180 41660 96260 107833 74050 135432 42140 15460 61860 128540 69800 39910 59710 79240 93170 22710 137900 23280 126362 95490 146362 29010 53940 37770 10930 56111 146682 27250 64340 110540 38380 79290 116432 144634 
63270 9770 0 29680 138740 75970 102703 41020 47920 13070 107650 40780 27110 98440 126562 42950 25630 34540 41980 91620 110493 79930 138092 48020 11580 57220 131792 79320 44850 60360 88600 97900 20180 143780 32640 129022 101370 149022 20770 62360 35240 20450 51261 149342 27750 73860 119900 36970 82050 119092 147294 
36070 27120 29790 0 122670 50320 75563 50840 36810 40200 95470 45850 37600 82610 99422 29080 21440 29880 16900 83400 83353 60380 110952 30210 22170 46980 103060 74480 64380 34710 78110 69240 47310 127710 29240 100290 81850 120290 43790 76110 62370 33100 54120 122202 52820 81520 104070 21250 54520 90360 120154 
89400 130411 136341 120310 0 115330 79140 167890 98300 144781 176030 118260 128810 60950 92930 143720 117810 113640 123640 186260 75350 60240 90930 91320 132961 159930 45890 104960 155440 116350 87320 70870 147760 18430 115050 56830 40640 50940 151582 146010 161010 127870 171510 97220 149780 129050 62800 135890 102740 59370 71250 
35840 75110 75540 49970 115410 0 46640 75210 74930 86290 62120 90070 85400 96550 55490 44700 69240 74100 35120 67710 51950 60650 67900 56830 66820 48350 81190 112710 112370 16400 103600 51010 93400 123980 74150 73620 76330 94141 81520 123880 108460 81090 70200 79150 100090 125630 117360 44360 14500 67610 88540 
42750 100973 103373 76043 79190 46670 0 118590 83550 114053 100090 105950 105260 79160 31350 84700 90990 91100 71920 108150 11250 48100 41590 65450 95753 90520 36960 110760 133500 53000 100200 13530 121163 94410 91150 31710 44830 52460 117373 139190 136223 103970 113450 51610 126193 132090 98460 82240 33980 23380 48121 
77510 47440 40720 50040 169950 75050 117980 0 82130 47170 73180 78450 64780 129890 125390 31050 59310 68560 46810 54970 126950 104331 138000 77441 36280 32580 149113 114060 74820 62790 122810 115293 47710 174990 66940 146343 131400 166343 26360 96330 58000 58120 13580 149250 56770 110100 151350 33840 86530 136413 162360 
42940 38570 47790 37170 97920 75750 83880 81990 0 52200 128810 24360 31830 51300 107040 64840 24050 16100 50460 119160 90600 43430 118570 19770 47040 82740 97520 40360 58160 60770 41810 71530 51880 102960 19160 102580 64470 117020 66650 57420 65130 31990 88160 129820 53900 53530 72760 57010 72370 92650 125540 
84880 30380 23730 51290 160820 93990 124313 43700 66790 0 115170 56070 42400 117310 148172 57970 46550 53410 60000 96960 132103 102010 159702 70100 31620 68070 153402 94740 46530 78380 105680 119582 19420 165860 51510 150632 123450 170632 18080 68040 30110 35740 56100 170952 28480 81810 138770 53960 102120 140702 168904 
97390 111770 107560 95150 174640 61850 100210 73780 128270 118410 0 138840 127270 158670 91850 67300 114320 123740 81630 21000 105520 122200 104330 116030 97610 51810 134760 168120 148570 72440 165720 107230 120330 183210 122120 126000 133010 144320 98980 163620 130550 120610 61260 111700 129390 176540 180130 74230 70700 121180 130910 
65090 31300 40870 46520 126020 90710 106030 79110 24580 42040 139490 0 14900 68660 131030 73100 25170 17890 62010 125020 114491 67880 142560 41290 44690 90620 121970 39900 34320 75020 50960 95930 41030 123690 21230 127790 86590 141470 56980 34910 51500 21140 87051 153810 40270 37740 90120 65270 93840 117100 149990 
63760 17640 27210 38650 131400 86370 105990 65450 31290 28380 127750 14910 0 80780 130990 61360 16690 17700 54140 112300 114481 72550 142520 40640 31970 77900 127080 53640 31440 70680 64580 95890 27370 134090 17470 130070 94020 146580 43320 41890 37840 7480 73391 153770 26610 49050 102240 53530 89910 120140 152230 
65800 87980 97200 81271 60940 95051 79410 128851 50610 101610 157441 66710 80510 0 109630 105280 73460 65760 89940 159230 85030 36170 118920 52150 93922 123180 77940 43440 99410 93350 26590 65960 101290 56440 68570 87120 42020 91330 112543 84710 114540 81400 132010 127930 103310 67520 22920 97450 89370 82320 108210 
65810 124122 126522 99192 93090 55300 31660 125750 106610 137202 91780 129590 128900 109300 0 96921 114050 114160 88120 107210 25910 77900 14170 88510 118902 97760 47950 139310 157140 69200 129870 43710 144312 111140 114790 36740 74340 54480 139340 162830 159372 127610 119610 25700 149342 159800 128600 99180 48450 38910 41070 
53070 46030 43320 29120 143040 44720 84440 31440 64710 54170 67360 72810 61240 106640 96631 0 48290 57710 20570 55290 92650 80220 109241 53330 33370 18870 120690 102770 84330 32460 106010 86240 60200 148080 56090 114320 101690 136391 44120 97590 72500 54580 28360 120491 67230 107990 128100 8200 56200 107110 133601 
48600 16380 25590 23000 119930 70720 90580 59980 24610 31770 115430 25080 16760 75130 116322 49040 0 11040 38490 101890 99041 61080 127852 29170 25030 66940 115610 56540 45630 55030 65290 81770 34290 124970 9380 118600 82550 135110 44450 56970 47540 15260 66150 139102 36310 60750 96590 41210 74260 108610 137054 
49440 25200 34420 30140 115910 74330 91420 68940 15590 38830 124200 17800 17750 66360 114580 57810 11000 0 45630 110850 99881 57270 126110 26200 33990 75710 111590 46640 45020 58640 55390 81450 38510 119670 5790 113660 78540 131090 53280 51200 51760 18620 75110 137360 40530 53060 87820 49980 77460 102570 135820 
35520 42070 42210 17070 123300 35280 71650 46270 50140 52960 81610 61820 53930 91350 87950 20300 37770 45850 0 72510 79860 62750 100360 38040 33490 37790 102510 89990 79330 19670 91170 68690 60070 128590 45570 99740 84220 119740 48190 91060 74601 48050 47030 111610 66760 97490 112810 12470 43410 89810 119383 
99590 96270 91640 83130 183080 68120 108430 55370 118720 101380 21240 124870 112310 160650 107340 55280 101940 111190 72790 0 113740 127220 119820 107340 81790 38300 142980 157470 129030 70720 160590 115450 101920 191650 109570 135410 141230 156831 80570 148660 112020 105650 42850 127190 110980 160710 183290 62210 78920 129400 145180 
51161 108643 111043 83713 75310 52210 11720 127720 90880 121723 105550 114361 113671 84770 25940 93070 99401 99511 80290 113690 0 53710 33960 73861 103423 98890 29760 116370 141911 61370 105810 19140 128833 93360 99561 22280 48500 42950 125043 147601 143893 112381 122580 43390 133863 137700 104070 90610 42350 16180 39610 
32390 73371 79301 60280 60250 60850 48550 104951 42940 87741 122490 66720 72120 37460 78300 80320 60770 56680 62910 128080 54170 0 88060 32500 75921 95140 56570 63510 99620 59340 52950 35100 90720 65290 58010 62390 23880 76030 94542 96000 103970 70830 107050 97490 92740 86240 57320 72490 54140 54040 84550 
77420 135732 138132 110802 91290 67890 42040 138450 118220 148812 104250 141200 140510 118700 14170 109621 125660 125770 100710 119680 34000 87640 0 100120 130512 110460 46150 150300 168750 81790 139740 53070 155922 109340 126400 34940 80570 47310 152132 174440 170982 139220 132310 12080 160952 171410 135870 113101 61040 40450 32100 
24350 42481 48411 30110 91260 57160 65710 78111 18450 56851 116040 40850 41190 53660 88870 53480 29840 27030 38140 107800 74171 31910 100400 0 44150 71380 86070 56870 68990 45140 53480 55610 59790 96300 27080 86660 53380 105530 63652 74040 73040 39900 80210 111650 61810 71460 75120 45650 53780 76730 108820 
55710 15390 11520 22120 135480 67080 95143 36640 47550 22270 97730 44370 31810 95420 119002 33030 24730 33980 33090 81700 102933 75420 130532 43510 0 47300 124232 79480 53170 51470 88230 88880 29380 140520 32360 121462 96940 141462 23310 68160 44440 25150 44320 141782 36070 78560 116880 27050 74490 111532 139734 
66060 61880 57350 46690 159070 48680 90500 33000 82280 68200 52110 90380 77920 124210 97810 18840 65860 75280 37990 38400 98710 94090 110420 70900 47400 0 126750 120340 98360 38520 123580 94560 71920 164110 73660 120380 112410 141921 53830 114270 82210 71260 23180 121670 80500 124670 145670 25770 61130 113170 134780 
67820 128051 133180 105740 45840 81420 36960 150383 97620 142421 134760 121400 126800 77460 47860 120990 115450 111360 102690 142900 29760 55900 45860 85910 125552 126810 0 118560 154600 89290 103310 33990 145400 63890 112690 11760 39110 19770 147172 153810 158650 125510 150500 52150 147420 142450 92510 114780 70270 13780 30580 
78970 69870 79440 74970 104340 112590 110100 114190 40940 80070 168410 39900 54570 44480 139480 102640 56250 46760 90060 157260 115720 63350 149610 57920 79240 120540 118120 0 60500 100370 19150 96650 80150 101550 51200 123940 79750 133910 95010 41270 84160 60260 120360 159040 74030 24080 44030 94810 107800 115590 146140 
91630 40270 44730 64360 159150 112690 134100 74650 58260 41410 147420 34280 31380 101310 159100 85470 45620 44900 79030 127910 142591 100290 170630 68390 53620 98240 154830 60440 0 97080 79590 124000 27540 159890 45730 158180 121780 174330 49030 24670 26080 31950 87050 181880 19300 41400 105461 77860 116660 148250 182084 
30790 59840 60360 34700 115770 16830 52980 63230 60440 71110 72690 74800 70130 94270 69280 32720 53970 58830 19940 70560 61190 58370 81690 45390 51640 38540 89230 100290 97100 0 98240 56790 78220 122420 58880 82860 76690 104381 66340 108610 92751 65820 60150 92940 84910 110360 115080 30260 24740 75650 101770 
72850 78660 87880 77670 87110 102841 98950 122240 41840 89600 165231 49430 64100 27630 129170 105340 64300 54810 90930 160280 104570 52200 138460 53960 87290 123240 103670 18880 79380 97700 0 85500 89680 82610 59250 112790 66350 117060 104540 60150 100700 69790 128410 147890 89470 42960 49090 97510 98051 104440 133940 
34010 93480 97310 69960 70640 51160 13530 114521 71820 107990 107410 95600 95900 65710 43790 86830 82250 81740 68880 115470 19150 34650 53040 56090 89690 94580 33990 97310 124140 56880 86750 0 114940 81440 81790 31220 31860 51220 111310 127620 128190 94610 115950 62470 116960 118640 85010 79000 38040 21290 53380 
80600 22820 20330 47590 150450 93990 120643 47920 51800 17010 119390 41010 27340 102320 144502 59610 34350 38420 60000 101180 128433 91600 156032 59690 29600 71980 146130 79740 27680 78380 90680 115300 0 155490 36520 146962 113080 165630 22300 49190 16320 20680 60320 167282 9630 62960 123780 54100 99890 137032 165234 
96010 135501 141431 125400 18440 124110 94190 172980 103390 149871 184810 123350 133900 56490 111140 148810 122900 118730 128730 195040 93560 65330 109140 96410 138051 165020 64100 101800 160530 122960 82860 81220 152850 0 120140 75040 49370 69150 156672 143070 166100 132960 176600 115430 154870 125880 53080 140980 111520 77580 89460 
48770 23990 33210 29470 116290 73660 90750 67950 16530 37620 123290 18930 17650 67050 115880 56900 9950 3150 44960 109860 99211 57430 127410 25530 33000 74800 111970 48460 44920 57970 57210 80780 37300 120360 0 114960 78900 131470 52070 52740 50550 17410 74120 138660 39320 54600 88510 49070 76790 104960 137120 
65240 128192 130600 103160 56840 74010 31910 147803 103050 141272 126050 127560 130300 86960 36630 114870 115450 115560 100110 135490 22410 62060 34630 87320 122972 120690 11700 124720 158540 83170 112380 31410 148382 74890 116190 0 47800 20840 144592 159970 162590 129010 144380 41450 151360 148610 102010 112200 64150 10320 22640 
50100 95441 101371 81220 39900 76030 44820 129501 65010 109811 132780 86670 94050 41920 74330 101260 82700 78750 83850 140840 48460 23430 80200 53440 97991 112850 38940 80220 121990 77050 66480 31850 112790 49580 79940 47640 0 56670 116612 114360 126040 92760 129760 88300 114810 102950 56970 93430 63440 40300 69210 
85300 147611 150652 123220 51070 94291 52610 167863 117180 161332 144430 140960 146360 91000 54350 138960 135010 130920 120170 157700 42810 75460 47480 105470 143032 143210 19870 134310 174160 106660 116850 51470 164960 69120 132250 20920 57120 0 164660 173370 189146 145070 167260 49780 166980 158400 106050 132260 84431 30380 21850 
76980 28820 20640 43860 153881 82170 116883 26790 66760 24670 98260 56140 42470 113821 139590 43840 44470 53380 48180 80050 124673 95071 152272 63161 23440 53940 145972 94810 49230 66560 105750 112152 22120 158921 51480 143202 116511 163202 0 70740 32330 35810 39190 163522 31180 84510 135281 41660 90300 133272 161474 
98220 53910 62510 76110 145910 124200 139160 96520 57610 61030 164260 35110 41880 85770 164160 97860 56910 51210 90780 148620 147651 96140 175690 74420 68290 114220 153270 41290 24630 108510 60440 127570 49410 143120 54960 159090 114870 172770 70900 0 50000 43300 108920 186940 40550 22250 85320 90030 127330 150740 181290 
93981 36201 33711 60971 163400 107151 134024 56780 64740 30391 128270 50680 37010 115270 157883 71200 47410 51360 72921 110040 141814 104550 169413 72630 42981 81300 159080 83910 26030 91301 100350 128250 15800 168440 49460 160343 126030 186776 31160 49960 0 33620 69180 185255 15140 64870 136730 66881 113371 150413 181456 
62550 10610 20180 33120 130990 81450 105413 58420 32340 21160 120830 21550 7880 82860 129272 54870 15470 18960 47790 105320 113203 72140 140802 40230 24990 70920 126670 60280 32690 65840 71220 95480 19890 136030 17060 129660 93610 146170 36100 44230 33140 0 66361 152052 21910 54630 104320 47040 85420 119730 150004 
79860 56601 51461 53790 173310 70780 113710 14230 89090 60240 60840 87611 73941 133430 119910 28510 66270 75520 48120 42630 122680 107010 132520 80120 44430 23500 150720 121020 87890 60250 129770 115990 60780 178350 73900 144350 133690 166411 39430 109400 71070 67281 0 143770 69840 120691 154890 35150 83230 137140 156880 
88610 146922 149322 121992 97350 79080 52100 149640 129410 160002 111620 152390 151700 127390 25640 120811 136850 136960 111900 127050 43440 97080 12020 111310 141702 121650 52210 159740 179940 92980 149180 62510 167122 115400 137590 41510 88230 50010 163322 185630 187265 150410 143500 0 172142 182600 142440 124291 72230 48590 32960 
83150 26880 27560 52480 152050 100810 125533 56780 53400 24240 128270 39340 25670 103920 149392 68000 36070 40020 67150 110040 133323 93200 160922 61290 36830 80370 147730 74170 19120 85200 89010 116900 9670 157090 38120 151080 114680 167230 31160 40360 15400 22280 69180 172172 0 55130 125380 62320 104780 141150 170124 
96350 64620 74190 81910 128580 126060 132930 110540 54440 74100 178370 37760 48220 68440 161650 108220 60800 53110 97400 160020 138610 86180 173030 73180 78830 124760 141540 23960 42010 110370 43110 119480 63430 125790 56860 147360 102580 158150 84920 22780 65670 54190 120371 182460 55540 0 67990 100390 125780 139010 169560 
88800 111160 120380 104451 62470 117260 98510 152031 73790 124790 179720 89890 103690 23200 128730 128460 96640 88940 113120 183570 104130 57350 135800 75330 117102 146360 92730 44210 104710 115750 49770 85060 124470 52830 91750 101910 56810 106120 135723 85480 137720 104580 155190 142720 126490 68290 0 120630 110160 97110 123000 
45330 38290 37230 21380 135300 44920 82240 34450 56970 48080 74490 65070 53500 98900 99270 8100 40550 49970 13420 62420 90450 72480 113021 45590 27280 26000 113912 95030 77610 30260 98270 78500 54480 140340 48350 111142 93950 131142 41480 89850 68391 46840 34830 124271 62240 100250 120360 0 54000 101212 129414 
30730 79670 82110 54530 102770 14610 33850 86900 71670 92750 70710 93510 89960 90380 48500 56390 73800 77540 43610 78770 42060 53530 60910 53570 74490 61020 70100 107260 116930 24690 98090 37910 99860 111340 77590 63730 63690 84251 90010 127240 114960 85650 82870 72160 105370 124620 109930 53930 0 56520 78931 
55140 116130 118530 91090 59350 67860 23400 135741 92950 129210 121200 116730 118230 82260 39010 107430 103380 102870 90010 129340 16200 53570 40120 77220 110910 113250 13800 116230 146470 75730 104920 21310 136320 77400 104120 10150 40340 30150 132530 151060 150520 116940 136940 48220 139290 139700 97310 100130 56710 0 32310 
87312 144794 147194 119864 71410 87750 47901 162780 125980 157874 130900 149760 150402 107710 40820 133301 135552 135662 118753 145190 39550 84260 31850 109520 139574 134790 30560 146920 182064 101001 133560 53610 164984 89460 136292 22530 69360 22010 161194 182170 183246 149112 156640 32970 170014 170810 122760 128904 78531 32520 0 

0 Ciudad_0 0 0 32400 0
1 Ciudad_1 643 4275 18875 1286
2 Ciudad_2 293 14800 27049 586
3 Ciudad_3 413 16270 27507 826
4 Ciudad_4 738 22931 27138 1476
5 Ciudad_5 738 2472 9921 1476
6 Ciudad_6 506 12480 23835 1012
7 Ciudad_7 711 5545 18925 1422
8 Ciudad_8 689 18271 24890 1378
9 Ciudad_9 462 17104 28055 924
10 Ciudad_10 259 10783 24856 518
11 Ciudad_11 449 13497 22839 898
12 Ciudad_12 589 15427 19542 1178
13 Ciudad_13 658 14717 19058 1316
14 Ciudad_14 614 11831 13872 1228
15 Ciudad_15 331 6298 19792 662
16 Ciudad_16 760 8844 16296 1520
17 Ciudad_17 512 2508 16150 1024
18 Ciudad_18 461 19972 25656 922
19 Ciudad_19 544 5634 19240 1088
20 Ciudad_20 807 12931 23038 1614
21 Ciudad_21 639 19186 25769 1278
22 Ciudad_22 722 3908 17897 1444
23 Ciudad_23 386 1261 11727 772
24 Ciudad_24 393 15820 19432 786
25 Ciudad_25 503 8656 19576 1006
26 Ciudad_26 504 9755 19380 1008
27 Ciudad_27 710 9584 23938 1420
28 Ciudad_28 757 19443 22462 1514
29 Ciudad_29 489 4075 11130 978
30 Ciudad_30 385 7264 13736 770
31 Ciudad_31 286 24745 29566 572
32 Ciudad_32 425 5995 18166 850
33 Ciudad_33 381 4792 19417 762
34 Ciudad_34 353 8562 10962 706
35 Ciudad_35 476 3959 16765 952
36 Ciudad_36 546 13682 22027 1092
37 Ciudad_37 353 10261 24821 706
38 Ciudad_38 508 3559 14970 1016
39 Ciudad_39 141 15127 17128 282
40 Ciudad_40 457 12165 22137 914
41 Ciudad_41 157 23802 28569 314
42 Ciudad_42 320 5373 10616 640
43 Ciudad_43 818 4801 10199 1636
44 Ciudad_44 327 11236 21113 654
45 Ciudad_45 206 6810 9663 412
46 Ciudad_46 378 13614 23145 756
47 Ciudad_47 352 14840 21643 704
48 Ciudad_48 231 27108 29774 462
49 Ciudad_49 491 11797 14883 982
50 Ciudad_50 116 10015 23202 232

0 -0.0930323 -0.0184685 -0.00939525 -0.0446622 0.00228112 0.0408861 -0.047387 -0.0768808 0.00023721 0.062226 -0.020429 -0.0903983 0.00934401 -0.0553433 -0.0678623 0.070318 0.0763744 -0.0120902 -0.0271363 -0.0534594 -0.0889097 -0.00161298 0.0574569 0.0751988 0.0188666 -0.0318884 -0.0352805 -0.029291 0.0301609 -0.0939377 0.00509442 -0.00334644 0.0872262 -0.0185069 -0.0674666 -0.0337057 -0.0776479 0.0726564 -0.039688 -0.0571392 -0.0456401 0.000138267 -0.00892923 0.0401152 -0.0552241 -0.0367574 -0.0756415 0.0624667 0.0695509 -0.07668 
0.0930323 0 0.00205489 0.0952315 -0.0863953 0.0583849 -0.060193 -0.0982865 0.0418448 0.00799662 -0.0145899 -0.0619178 -0.056571 0.0597138 -0.015828 -0.00424003 -0.0470821 0.00731978 -0.0295385 -0.0823652 0.00553714 0.0763967 -0.0117309 0.0122305 -0.0231408 0.0111773 0.0482921 -0.0410426 -0.0146329 0.0783047 0.0737945 0.035745 -0.0346794 -0.000603788 -0.0131611 0.0430967 0.0902201 -0.015844 -0.0413861 0.0140301 0.00173848 -0.00564985 -0.0292434 -0.0914263 -0.0829932 -0.0923259 -0.0225327 -0.0209479 -0.0574932 0.0464162 -0.0631786 
0.0184685 -0.00205489 0 0.0974386 -0.0576914 -0.0294736 -0.0929746 0.0547237 -0.0834795 0.0749769 -0.0765022 -0.0871381 0.0335397 0.0308762 0.039578 -0.091424 0.00872641 -0.0415961 -0.0466251 0.0369975 0.0316695 0.0289291 -0.0518887 0.0856187 -0.00220682 -0.0778791 0.03223 -0.0564218 0.0240549 -0.0954908 0.0665098 0.0886113 0.0800915 0.0966635 -0.0243752 -0.0350593 -0.0779825 0.0612321 -0.0600146 0.0875245 0.00862524 0.0205201 0.0445075 -0.0629804 0.012048 0.0396445 -0.00849741 0.0566019 0.0359065 0.0925853 -0.0614381 
0.00939525 -0.0952315 -0.0974386 0 0.0967107 0.0220823 -0.0382506 0.0954589 -0.00260928 -0.0518811 -0.0811865 -0.0584909 -0.0815036 0.0151551 -0.0819513 0.00786309 0.066758 -0.0325784 0.0467559 -0.0196308 -0.0213534 -0.0354534 0.0154572 -0.00111524 0.0857428 0.0135338 -0.0463151 -0.0714597 0.0916408 -0.0289733 -0.0191948 -0.00048304 0.0423504 0.0723319 0.00518678 -0.0948891 0.0227746 -0.0864558 0.0699174 0.0657324 0.0623625 -0.099972 0.087628 0.086843 0.0865734 0.00949437 -0.0741996 0.025213 -0.0302024 0.0565954 -0.00135061 
0.0446622 0.0863953 0.0576914 -0.0967107 0 -0.0937692 -0.0670623 -0.0176851 -0.0537662 -0.0941785 -0.018066 -0.03671 0.0891302 -0.0134092 0.0815882 -0.0698285 -0.080239 0.0717689 0.0110846 -0.064089 -0.00440234 0.00598155 -0.0903693 0.0151257 0.0297939 -0.0351038 -0.00874703 -0.078215 -0.0123946 0.00528679 0.00646708 0.0213206 0.0863506 0.0606073 0.0865177 -0.066158 -0.058243 -0.0916333 0.0568347 -0.0343028 0.000917007 -0.0220887 -0.0499438 -0.00762023 -0.0550411 0.0889516 0.0751156 -0.0836346 0.0253271 0.0298326 0.0581853 
-0.00228112 -0.0583849 0.0294736 -0.0220823 0.0937692 0 -0.0878738 -0.066034 -0.0308763 0.0315946 0.0187986 0.0839054 0.00243904 -0.0256564 0.0391011 -0.0953609 -0.0931583 0.0716146 -0.0509454 0.0226504 0.0688622 0.0327864 0.0832534 -0.0211769 0.0100951 0.00599311 0.0923372 0.0768079 0.099198 -0.0945079 0.00448537 -0.0909063 0.0434881 -0.0221225 0.0196077 0.0471827 0.0649199 -0.0428316 0.037661 0.0558756 -0.0266596 0.00539452 -0.0793348 -0.00214628 -0.000500633 0.00806714 0.0805324 0.0458104 -0.0979696 0.0773626 -0.0363296 
-0.0408861 0.060193 0.0929746 0.0382506 0.0670623 0.0878738 0 -0.0313374 0.0325121 -0.0574787 -0.0290036 -0.0177086 0.0132614 -0.042 -0.0431702 0.0826366 0.0218037 -0.0904931 0.0214898 0.0463765 0.0840488 0.0597915 0.000274712 -0.0651994 -0.044682 -0.0114348 -0.0229287 0.0730919 -0.0582626 0.0539493 0.00199125 -0.0378117 -0.0937453 -0.00276529 -0.0623223 0.0298311 0.0150379 0.0948556 0.0729785 -0.0762378 0.0129469 0.00212315 -0.0924564 -0.0609782 -0.047844 -0.00612994 -0.060812 0.0180606 -0.0926788 0.0513641 0.033857 
0.047387 0.0982865 -0.0547237 -0.0954589 0.0176851 0.066034 0.0313374 0 -0.064425 0.0232369 -0.0923675 -0.0203632 0.0162415 0.0775286 -0.013851 0.0159186 -0.0884889 -0.0586402 0.0445963 -0.0546594 -0.0683435 -0.0684187 0.00415772 0.00230066 -0.0160804 -0.0624458 -0.0332911 -0.0857768 -0.0753494 0.027709 0.0999686 0.0824443 0.0101763 0.0632574 0.00104252 0.00312483 0.0846792 -0.00839372 -0.0470452 0.0597674 0.0769111 -0.0995023 -0.0138446 -0.0778335 0.0946529 -0.0776539 -0.077749 0.0688252 0.00943055 0.0222196 0.0354569 
0.0768808 -0.0418448 0.0834795 0.00260928 0.0537662 0.0308763 -0.0325121 0.064425 0 0.0701107 0.0650319 0.0881533 0.00300021 -0.0547241 0.0576075 -0.00542421 0.0426069 0.0159591 -0.0307454 0.00687986 -0.0168488 0.0968634 -0.096951 0.0515125 -0.0208572 -0.0781098 -0.0291719 -0.0817376 0.0414355 0.0705199 -0.0963396 0.0119796 0.0754535 -0.0736531 -0.0794015 0.0558115 -0.0107343 0.0364891 0.0110211 -0.0903562 -0.0142437 -0.0221808 0.07444 0.0481291 0.0414867 -0.0778699 0.0926569 -0.0218491 -0.0238778 0.0913584 0.081433 
-0.00023721 -0.00799662 -0.0749769 0.0518811 0.0941785 -0.0315946 0.0574787 -0.0232369 -0.0701107 0 0.0426224 0.0526385 0.0814979 0.0807429 -0.0622797 -0.0737004 -0.0230482 -0.0761118 0.0841312 -0.0726262 0.0873378 0.0636146 0.0752774 0.00322215 -0.0676105 -0.00523455 -0.0216951 0.0760439 -0.000771182 -0.072259 0.0356359 -0.0818595 -0.0819377 0.0210679 0.000126756 0.0929888 -0.0551952 0.025374 -0.0744971 -0.0516937 -0.0772684 -0.0730361 -0.0854417 0.0551825 0.0843455 -0.0011758 0.00850466 0.0721402 0.0323914 0.0817635 0.0604451 
-0.062226 0.0145899 0.0765022 0.0811865 0.018066 -0.0187986 0.0290036 0.0923675 -0.0650319 -0.0426224 0 0.0588789 -0.025386 0.070686 -0.0616558 0.00798377 -0.072932 0.032732 0.0865756 -0.0529825 -0.0927203 0.0969614 0.0355069 0.0856433 -0.0110915 -0.00687806 -0.0185837 -0.0546315 0.043427 -0.0421411 0.0686287 -0.0387638 0.0592389 -0.0388581 0.0518551 0.0798566 0.0607956 -0.0418841 0.043881 0.0184958 -0.0079852 0.0923731 -0.0359555 0.0623178 0.0430944 -0.0180058 -0.0901085 0.0648423 -0.0852678 0.0494148 -0.0200568 
0.020429 0.0619178 0.0871381 0.0584909 0.03671 -0.0839054 0.0177086 0.0203632 -0.0881533 -0.0526385 -0.0588789 0 -0.0351983 -0.0812048 -0.0410457 0.0427199 0.0980825 0.071708 0.0628735 0.0524019 0.0725317 0.0307164 -0.0861477 0.0349037 0.0241497 -0.052359 -0.0445202 0.0597217 0.0487474 -0.0355098 0.00584365 -0.0294898 -0.0667618 0.026462 0.00315351 -0.0259271 -0.0265927 -0.075546 -0.0862622 0.048809 -0.0727949 -0.0880507 0.0329771 -0.0915328 -0.0414367 0.0708452 -0.0831001 -0.0425471 -0.0579619 0.0652883 0.0531487 
0.0903983 0.056571 -0.0335397 0.0815036 -0.0891302 -0.00243904 -0.0132614 -0.0162415 -0.00300021 -0.0814979 0.025386 0.0351983 0 -0.0243965 -0.0438103 0.00852489 -0.032329 0.0336148 -0.00403018 0.0141451 -0.0413535 0.0741945 -0.039575 0.0913796 -0.0993466 0.0315414 0.0340121 -0.0199989 0.033802 -0.0768106 0.0260856 0.0306168 -0.0382827 -0.0354859 0.0501967 0.00170355 -0.0850876 0.00331405 0.0912708 0.0029242 0.0439769 -0.00449777 -0.00644956 0.0214156 -0.0543154 -0.0553933 0.0900871 -0.00137972 -0.0414682 -0.0234983 0.0481235 
-0.00934401 -0.0597138 -0.0308762 -0.0151551 0.0134092 0.0256564 0.042 -0.0775286 0.0547241 -0.0807429 -0.070686 0.0812048 0.0243965 0 0.0648457 0.0995756 0.0223997 0.0518797 0.0878445 -0.0910331 0.0829298 0.0194853 0.00489219 -0.0902725 -0.0270646 -0.0520397 -0.0502964 -0.0885752 0.0122181 -0.0171629 0.00401517 -0.074988 0.0625413 -0.0385242 0.0348091 -0.0906127 0.0155433 -0.0533954 0.0751259 -0.0889483 0.0208167 -0.0475483 -0.0137523 -0.0688721 0.0748289 -0.0126135 0.0120181 -0.0174012 0.00446115 0.0324012 0.0988008 
0.0553433 0.015828 -0.039578 0.0819513 -0.0815882 -0.0391011 0.0431702 0.013851 -0.0576075 0.0622797 0.0616558 0.0410457 0.0438103 -0.0648457 0 0.0928172 -0.00893685 0.0374235 -0.092153 -0.00334813 -0.00936833 -0.0953055 -0.0202515 -0.00523013 0.079759 0.0588782 0.0915522 0.0763595 -0.052349 -0.00909626 -0.000482234 -0.0808603 -0.0863219 -0.0943913 -0.0886486 -0.0202087 -0.0152205 -0.0822511 0.00455958 0.0354677 -0.0233821 -0.0139881 -0.0936022 -0.00920511 0.00605755 -0.0132051 -0.0355567 -0.0463498 -0.0395397 0.0350134 0.0531419 
0.0678623 0.00424003 0.091424 -0.00786309 0.0698285 0.0953609 -0.0826366 -0.0159186 0.00542421 0.0737004 -0.00798377 -0.0427199 -0.00852489 -0.0995756 -0.0928172 0 -0.026871 0.0972806 -0.0565565 0.00888031 -0.0444003 -0.0583766 0.0695903 -0.0252303 -0.0536735 0.03108 -0.0935297 -0.0665321 -0.00579602 -0.0980607 0.0899001 -0.0548114 -0.0176017 -0.0629937 -0.0374043 0.0565197 -0.0486406 -0.0978705 -0.0298399 0.0391422 0.0551128 0.0823997 0.033974 -0.0208828 0.0505267 0.000957347 -0.0589544 0.0350196 -0.0536588 0.0499684 -0.0179251 
-0.070318 0.0470821 -0.00872641 -0.066758 0.080239 0.0931583 -0.0218037 0.0884889 -0.0426069 0.0230482 0.072932 -0.0980825 0.032329 -0.0223997 0.00893685 0.026871 0 -0.0840279 -0.0229888 -0.0959444 0.0705811 -0.0621641 0.0643007 0.0956381 0.0229458 0.0900095 -0.0128218 0.0798576 -0.0549868 0.0282124 -0.0886504 0.0971478 0.0253807 -0.012576 -0.0323513 0.0530278 -0.0326751 0.0434691 0.0369569 0.0973164 0.0558896 -0.0810716 0.00897078 -0.0348377 -0.0484408 -0.0255908 -0.076558 0.0540084 0.0339493 -0.060794 0.081756 
-0.0763744 -0.00731978 0.0415961 0.0325784 -0.0717689 -0.0716146 0.0904931 0.0586402 -0.0159591 0.0761118 -0.032732 -0.071708 -0.0336148 -0.0518797 -0.0374235 -0.0972806 0.0840279 0 -0.090989 0.099177 -0.0874726 -0.0901524 0.0783376 0.0804929 0.0522493 -0.0884998 0.000634552 0.0861063 -0.0248605 0.0932768 0.0476764 -0.038443 0.0087064 0.0806288 -0.037742 -0.0822866 -0.0195218 -0.0168177 0.061554 0.0703993 -0.0695954 0.0290425 -0.0943012 0.00878921 -0.0683725 -0.0358191 -0.0758861 -0.031831 -0.092134 0.00869396 -0.0791911 
0.0120902 0.0295385 0.0466251 -0.0467559 -0.0110846 0.0509454 -0.0214898 -0.0445963 0.0307454 -0.0841312 -0.0865756 -0.0628735 0.00403018 -0.0878445 0.092153 0.0565565 0.0229888 0.090989 0 0.0868232 0.0261341 -0.0769937 -0.0588674 0.047132 0.0487779 -0.0765163 -0.0183788 0.0748227 0.0776681 0.0525691 -0.0557449 0.0326506 -0.0505182 -0.0584219 0.06986 0.0955423 0.0928815 0.0781441 0.0563393 0.0536383 0.0550619 -0.0169492 -0.0581184 0.0531935 -0.0197501 -0.0879779 0.0483336 -0.0507326 -0.0180429 0.0569204 0.0569194 
0.0271363 0.0823652 -0.0369975 0.0196308 0.064089 -0.0226504 -0.0463765 0.0546594 -0.00687986 0.0726262 0.0529825 -0.0524019 -0.0141451 0.0910331 0.00334813 -0.00888031 0.0959444 -0.099177 -0.0868232 0 0.0502816 0.0914426 0.085591 -0.0326811 -0.0151436 0.0507009 0.0439032 0.0918103 -0.00989553 -0.0557245 0.0186491 0.0704062 0.0114376 0.0677025 -0.0105812 0.0903191 -0.0226312 0.0611046 -0.0226029 0.00135141 -0.0751363 -0.0729089 -0.0675486 0.0954683 -0.0142341 -0.0384873 0.0436515 -0.0131159 -0.0947877 0.000767376 -0.075089 
0.0534594 -0.00553714 -0.0316695 0.0213534 0.00440234 -0.0688622 -0.0840488 0.0683435 0.0168488 -0.0873378 0.0927203 -0.0725317 0.0413535 -0.0829298 0.00936833 0.0444003 -0.0705811 0.0874726 -0.0261341 -0.0502816 0 0.0216394 -0.0617067 -0.0875614 -0.0924066 -0.0248167 -0.00826318 -0.0916843 0.0883994 -0.0223835 0.0260163 0.00865958 0.0643586 -0.00751599 0.0935777 0.0753167 0.0163159 0.0373266 -0.0547951 0.0361415 -0.07723 0.0349478 -0.0581788 0.0201603 -0.0984559 -0.0506089 -0.0394534 0.0438735 -0.0329093 0.0414117 -0.0434189 
0.0889097 -0.0763967 -0.0289291 0.0354534 -0.00598155 -0.0327864 -0.0597915 0.0684187 -0.0968634 -0.0636146 -0.0969614 -0.0307164 -0.0741945 -0.0194853 0.0953055 0.0583766 0.0621641 0.0901524 0.0769937 -0.0914426 -0.0216394 0 0.0781958 0.0830751 0.0415206 -0.025148 0.00323518 0.0588901 0.0190604 -0.0717973 -0.0538546 -0.0596484 0.0794762 0.027983 0.0298882 0.0693712 -0.0582998 0.0776597 -0.0291952 0.00786529 0.0194272 0.0767538 -0.035318 -0.056699 0.0881839 -0.057289 -0.0296947 -0.0150799 0.0490339 0.0452196 -0.0621435 
0.00161298 0.0117309 0.0518887 -0.0154572 0.0903693 -0.0832534 -0.000274712 -0.00415772 0.096951 -0.0752774 -0.0355069 0.0861477 0.039575 -0.00489219 0.0202515 -0.0695903 -0.0643007 -0.0783376 0.0588674 -0.085591 0.0617067 -0.0781958 0 -0.0679559 0.0481034 0.0131453 0.0446223 0.0839244 0.00989183 -0.0848053 0.0521793 -0.0314946 0.0952455 -0.0596695 -0.0686905 -0.0309742 -0.0614323 0.078481 -0.0680242 0.0588656 -0.0689822 -0.0148925 0.00894031 -0.0114426 0.00731901 -0.0992778 0.0920996 -0.0423677 -0.0829271 -0.0946072 -0.017231 
-0.0574569 -0.0122305 -0.0856187 0.00111524 -0.0151257 0.0211769 0.0651994 -0.00230066 -0.0515125 -0.00322215 -0.0856433 -0.0349037 -0.0913796 0.0902725 0.00523013 0.0252303 -0.0956381 -0.0804929 -0.047132 0.0326811 0.0875614 -0.0830751 0.0679559 0 0.0711445 -0.0614834 0.060219 0.0710255 -0.0505862 0.0941923 0.0716851 -0.0452568 0.000514152 0.0570103 0.0658157 0.0216835 0.0553932 0.0801715 -0.0165097 0.0238374 0.0686292 0.00138504 -0.0371152 0.0017476 0.0698573 -0.00343655 -0.0796748 0.0434068 0.0128843 -0.0270169 0.0905272 
-0.0751988 0.0231408 0.00220682 -0.0857428 -0.0297939 -0.0100951 0.044682 0.0160804 0.0208572 0.0676105 0.0110915 -0.0241497 0.0993466 0.0270646 -0.079759 0.0536735 -0.0229458 -0.0522493 -0.0487779 0.0151436 0.0924066 -0.0415206 -0.0481034 -0.0711445 0 -0.0244922 -0.0866753 -0.0865461 0.00503556 -0.0359571 0.0814865 0.0603361 0.0149461 -0.0357145 0.0457677 0.0051266 -0.0160996 -0.0783281 0.0851305 -0.0473996 0.0423069 0.0799471 -0.0859706 0.0519912 0.0551826 0.0735447 -0.0415121 0.0427563 0.051027 -0.0290193 -0.0296997 
-0.0188666 -0.0111773 0.0778791 -0.0135338 0.0351038 -0.00599311 0.0114348 0.0624458 0.0781098 0.00523455 0.00687806 0.052359 -0.0315414 0.0520397 -0.0588782 -0.03108 -0.0900095 0.0884998 0.0765163 -0.0507009 0.0248167 0.025148 -0.0131453 0.0614834 0.0244922 0 -0.042423 0.0824321 0.0829358 -0.077888 0.0167795 0.0373829 0.0350082 -0.0348135 0.0489316 0.0301894 0.0359886 0.061106 -0.00116118 -0.0122353 0.0581426 0.0801526 -0.0305423 -0.00127918 0.0432444 0.0850675 0.0451034 -0.0828943 -0.0750511 -0.0880932 0.0439058 
0.0318884 -0.0482921 -0.03223 0.0463151 0.00874703 -0.0923372 0.0229287 0.0332911 0.0291719 0.0216951 0.0185837 0.0445202 -0.0340121 0.0502964 -0.0915522 0.0935297 0.0128218 -0.000634552 0.0183788 -0.0439032 0.00826318 -0.00323518 -0.0446223 -0.060219 0.0866753 0.042423 0 -0.0251458 -0.0991881 -0.0477096 0.0622042 0.0301588 -0.0413334 0.00378567 0.08665 0.025208 -0.0913605 -0.00990035 -0.0783661 0.0811782 0.0346492 0.0618582 0.00613517 0.0702143 -0.0107232 -0.0616942 0.048247 -0.0371441 -0.0804278 -0.0734875 0.0830183 
0.0352805 0.0410426 0.0564218 0.0714597 0.078215 -0.0768079 -0.0730919 0.0857768 0.0817376 -0.0760439 0.0546315 -0.0597217 0.0199989 0.0885752 -0.0763595 0.0665321 -0.0798576 -0.0861063 -0.0748227 -0.0918103 0.0916843 -0.0588901 -0.0839244 -0.0710255 0.0865461 -0.0824321 0.0251458 0 0.0933918 0.0299344 0.0313518 -0.0227259 0.0754616 -0.021154 -0.0645569 -0.0993054 -0.00319435 0.0456206 -0.0492769 0.0663877 -0.0268006 0.0333803 0.0405576 -0.0683675 0.00116696 0.0858497 0.0267064 0.040373 -0.0424432 -0.0663879 -0.00911063 
0.029291 0.0146329 -0.0240549 -0.0916408 0.0123946 -0.099198 0.0582626 0.0753494 -0.0414355 0.000771182 -0.043427 -0.0487474 -0.033802 -0.0122181 0.052349 0.00579602 0.0549868 0.0248605 -0.0776681 0.00989553 -0.0883994 -0.0190604 -0.00989183 0.0505862 -0.00503556 -0.0829358 0.0991881 -0.0933918 0 -0.090914 0.00200795 -0.0499056 -0.0398316 -0.0202433 -0.0955541 0.0808348 -0.0568769 0.0442914 -0.083067 0.0024806 0.0259512 -0.0250503 0.0653343 0.048301 -0.0298466 0.0671964 0.0779343 0.0287748 0.0331555 0.089329 0.0835591 
-0.0301609 -0.0783047 0.0954908 0.0289733 -0.00528679 0.0945079 -0.0539493 -0.027709 -0.0705199 0.072259 0.0421411 0.0355098 0.0768106 0.0171629 0.00909626 0.0980607 -0.0282124 -0.0932768 -0.0525691 0.0557245 0.0223835 0.0717973 0.0848053 -0.0941923 0.0359571 0.077888 0.0477096 -0.0299344 0.090914 0 0.0260752 0.00080191 0.015969 -0.00449138 0.0249957 0.0562956 -0.0741049 -0.0545642 0.0879631 0.0139103 0.0704245 -0.0497819 0.0699941 0.0438704 0.0898723 -0.0180531 -0.00966945 -0.0289405 0.0208355 0.0785638 0.0786074 
0.0939377 -0.0737945 -0.0665098 0.0191948 -0.00646708 -0.00448537 -0.00199125 -0.0999686 0.0963396 -0.0356359 -0.0686287 -0.00584365 -0.0260856 -0.00401517 0.000482234 -0.0899001 0.0886504 -0.0476764 0.0557449 -0.0186491 -0.0260163 0.0538546 -0.0521793 -0.0716851 -0.0814865 -0.0167795 -0.0622042 -0.0313518 -0.00200795 -0.0260752 0 -0.0890492 0.0178864 -0.00665984 -0.0197339 -0.0212469 0.00104836 0.0378816 -0.0939297 -0.0904199 -0.0411916 -0.0678438 -0.0420513 0.0883495 0.0830137 -0.0608939 -0.0647235 0.0285998 0.0711465 0.0964464 -0.0486427 
-0.00509442 -0.035745 -0.0886113 0.00048304 -0.0213206 0.0909063 0.0378117 -0.0824443 -0.0119796 0.0818595 0.0387638 0.0294898 -0.0306168 0.074988 0.0808603 0.0548114 -0.0971478 0.038443 -0.0326506 -0.0704062 -0.00865958 0.0596484 0.0314946 0.0452568 -0.0603361 -0.0373829 -0.0301588 0.0227259 0.0499056 -0.00080191 0.0890492 0 -0.031043 0.0013675 -0.0799854 -0.0381527 0.0887677 0.0850008 0.00674914 0.0279927 -0.0724264 0.0188302 0.0609303 0.0484505 -0.0706889 0.0934534 -0.0199906 -0.0530919 0.053301 0.0468314 0.0834675 
0.00334644 0.0346794 -0.0800915 -0.0423504 -0.0863506 -0.0434881 0.0937453 -0.0101763 -0.0754535 0.0819377 -0.0592389 0.0667618 0.0382827 -0.0625413 0.0863219 0.0176017 -0.0253807 -0.0087064 0.0505182 -0.0114376 -0.0643586 -0.0794762 -0.0952455 -0.000514152 -0.0149461 -0.0350082 0.0413334 -0.0754616 0.0398316 -0.015969 -0.0178864 0.031043 0 -0.0918098 -0.0973289 -0.0741495 -0.0340938 -0.0418727 0.0226941 0.0570716 0.0980015 -0.0234412 0.00400044 0.0875347 -0.00569634 0.0484081 -0.0328251 0.0139924 -0.00587784 0.0834305 -0.0226099 
-0.0872262 0.000603788 -0.0966635 -0.0723319 -0.0606073 0.0221225 0.00276529 -0.0632574 0.0736531 -0.0210679 0.0388581 -0.026462 0.0354859 0.0385242 0.0943913 0.0629937 0.012576 -0.0806288 0.0584219 -0.0677025 0.00751599 -0.027983 0.0596695 -0.0570103 0.0357145 0.0348135 -0.00378567 0.021154 0.0202433 0.00449138 0.00665984 -0.0013675 0.0918098 0 -0.0715921 0.000243509 -0.00510835 0.0637013 0.0301921 -0.0671933 -0.0388681 0.0582387 -0.00321278 0.0429786 0.099898 -0.0119793 -0.0663264 0.0216954 0.034244 0.00939553 -0.0158174 
0.0185069 0.0131611 0.0243752 -0.00518678 -0.0865177 -0.0196077 0.0623223 -0.00104252 0.0794015 -0.000126756 -0.0518551 -0.00315351 -0.0501967 -0.0348091 0.0886486 0.0374043 0.0323513 0.037742 -0.06986 0.0105812 -0.0935777 -0.0298882 0.0686905 -0.0658157 -0.0457677 -0.0489316 -0.08665 0.0645569 0.0955541 -0.0249957 0.0197339 0.0799854 0.0973289 0.0715921 0 -0.0838535 0.0735404 -0.0387964 -0.015811 -0.0161649 -0.0646438 -0.0493444 0.0710707 0.0753073 -0.0149486 0.09992 -0.0792867 -0.0941246 0.0919065 -0.0121297 -0.0359971 
0.0674666 -0.0430967 0.0350593 0.0948891 0.066158 -0.0471827 -0.0298311 -0.00312483 -0.0558115 -0.0929888 -0.0798566 0.0259271 -0.00170355 0.0906127 0.0202087 -0.0565197 -0.0530278 0.0822866 -0.0955423 -0.0903191 -0.0753167 -0.0693712 0.0309742 -0.0216835 -0.0051266 -0.0301894 -0.025208 0.0993054 -0.0808348 -0.0562956 0.0212469 0.0381527 0.0741495 -0.000243509 0.0838535 0 -0.0696489 -0.0373412 -0.0397015 -0.094291 -0.0870099 0.0195965 6.19187e-05 0.0731026 0.066907 0.0927218 0.0224964 -0.0121956 -0.0391719 0.0122362 0.0415922 
0.0337057 -0.0902201 0.0779825 -0.0227746 0.058243 -0.0649199 -0.0150379 -0.0846792 0.0107343 0.0551952 -0.0607956 0.0265927 0.0850876 -0.0155433 0.0152205 0.0486406 0.0326751 0.0195218 -0.0928815 0.0226312 -0.0163159 0.0582998 0.0614323 -0.0553932 0.0160996 -0.0359886 0.0913605 0.00319435 0.0568769 0.0741049 -0.00104836 -0.0887677 0.0340938 0.00510835 -0.0735404 0.0696489 0 -0.0755811 -0.0741803 -0.0350873 0.0710068 0.0624931 0.0333014 0.0804882 -0.0568979 -0.00677361 0.0799613 0.0444818 0.00467745 0.0658082 0.0201275 
0.0776479 0.015844 -0.0612321 0.0864558 0.0916333 0.0428316 -0.0948556 0.00839372 -0.0364891 -0.025374 0.0418841 0.075546 -0.00331405 0.0533954 0.0822511 0.0978705 -0.0434691 0.0168177 -0.0781441 -0.0611046 -0.0373266 -0.0776597 -0.078481 -0.0801715 0.0783281 -0.061106 0.00990035 -0.0456206 -0.0442914 0.0545642 -0.0378816 -0.0850008 0.0418727 -0.0637013 0.0387964 0.0373412 0.0755811 0 0.0888714 -0.0185606 0.0792634 0.00226572 -0.0152222 0.0394008 -0.000688816 -0.0415422 -0.0529955 -0.0584933 -0.0833356 -0.0446301 0.0666079 
-0.0726564 0.0413861 0.0600146 -0.0699174 -0.0568347 -0.037661 -0.0729785 0.0470452 -0.0110211 0.0744971 -0.043881 0.0862622 -0.0912708 -0.0751259 -0.00455958 0.0298399 -0.0369569 -0.061554 -0.0563393 0.0226029 0.0547951 0.0291952 0.0680242 0.0165097 -0.0851305 0.00116118 0.0783661 0.0492769 0.083067 -0.0879631 0.0939297 -0.00674914 -0.0226941 -0.0301921 0.015811 0.0397015 0.0741803 -0.0888714 0 0.056807 -0.0553992 0.0601512 0.0124631 -0.0741648 -0.095365 -0.0225102 -0.0772557 -0.0693972 0.0989047 0.0676667 -0.0116373 
0.039688 -0.0140301 -0.0875245 -0.0657324 0.0343028 -0.0558756 0.0762378 -0.0597674 0.0903562 0.0516937 -0.0184958 -0.048809 -0.0029242 0.0889483 -0.0354677 -0.0391422 -0.0973164 -0.0703993 -0.0536383 -0.00135141 -0.0361415 -0.00786529 -0.0588656 -0.0238374 0.0473996 0.0122353 -0.0811782 -0.0663877 -0.0024806 -0.0139103 0.0904199 -0.0279927 -0.0570716 0.0671933 0.0161649 0.094291 0.0350873 0.0185606 -0.056807 0 -0.0405175 0.0405867 -0.0303451 -0.039867 -0.0774708 -0.0850507 0.082355 -0.0338971 0.0878786 -0.00823462 -0.0678515 
0.0571392 -0.00173848 -0.00862524 -0.0623625 -0.000917007 0.0266596 -0.0129469 -0.0769111 0.0142437 0.0772684 0.0079852 0.0727949 -0.0439769 -0.0208167 0.0233821 -0.0551128 -0.0558896 0.0695954 -0.0550619 0.0751363 0.07723 -0.0194272 0.0689822 -0.0686292 -0.0423069 -0.0581426 -0.0346492 0.0268006 -0.0259512 -0.0704245 0.0411916 0.0724264 -0.0980015 0.0388681 0.0646438 0.0870099 -0.0710068 -0.0792634 0.0553992 0.0405175 0 -0.00460474 0.0214198 -0.010651 0.0942037 0.0410684 0.0429545 0.0025996 -0.0608785 0.0622633 0.0831703 
