50

16000 4500

30 55 80

6

0 74180 13970 80740 55321 56210 93050 79160 75160 52001 96440 94160 87100 57811 86680 54320 23140 55710 34840 92810 52720 19050 24430 72130 33800 67870 90340 76840 31740 60650 79740 96521 58180 88100 25530 28900 75541 94320 90510 60540 29650 60670 81110 71130 78820 69480 76540 57880 45841 71400 51630 
74330 0 73510 12700 59640 116021 58220 42050 34690 62070 139240 101670 19590 67750 52600 47910 91870 31190 76040 65210 45580 89010 51840 124540 65780 82590 52710 40100 104060 61780 47790 88670 93540 39700 82000 68600 72830 32620 57770 59820 56140 115550 87110 55410 113520 84710 8540 33510 56630 125880 73310 
13870 73320 0 79880 45700 65390 100500 73310 71090 42380 84640 105360 88240 46340 79380 62030 20360 63160 46220 84980 60170 19580 30070 60330 20990 54020 83740 70990 36140 70000 87190 84370 44550 83490 11900 40280 64830 93460 97960 69380 37360 69850 91980 62680 65190 55850 77190 65330 36220 59600 62500 
81260 12800 80440 0 64730 126971 66490 44690 37480 68190 145360 114310 15830 72840 53270 60550 98800 43830 87090 65880 58220 95940 62050 130660 72710 87640 51840 43960 110990 74420 57560 93430 99660 38140 88930 79550 77880 21670 66820 72460 67090 126500 99750 60170 119640 89760 14970 46150 62750 132810 85950 
56030 59510 45480 65420 0 109620 99880 39180 41020 13070 85790 122190 74440 9770 41600 68230 64410 62150 79670 42950 64900 64220 46040 71780 27750 25630 46510 36460 80780 81100 87770 43690 40780 51261 44850 70831 22530 67560 98550 79140 59920 114080 106890 20650 60340 29020 63390 64770 9840 80630 85392 
56280 116250 65530 126850 109161 0 126900 132490 127250 105841 123020 82700 127291 111651 140520 77310 56540 89560 44420 147610 79570 54000 71530 98710 86400 120070 143670 130170 39120 69100 113590 151130 106240 139300 75050 50410 130150 142570 124360 69460 61010 6610 83240 124970 120720 120940 117740 91730 99681 92820 55910 
93020 58531 100500 66620 99400 125910 0 95740 87600 100920 178800 107000 55960 106910 106290 53240 114980 39520 82250 115100 50910 110890 71260 162282 100830 123280 106400 92900 118390 67110 15220 134090 132750 96561 112060 78560 114860 87870 6450 65150 67900 123970 92440 99370 153080 126340 53480 37930 95680 161082 78640 
79260 42261 73410 44630 38951 132250 95410 0 8400 47320 116180 126220 59990 44091 11500 71630 92550 62250 93900 24110 68300 89690 62020 106101 59070 55490 11610 3780 106250 84500 85130 51960 75101 15290 77120 85600 39900 33570 94960 82540 73370 132550 110920 22240 90730 57610 49211 64870 44080 114951 93610 
75200 35540 71110 38250 40720 127761 88530 7890 0 47170 120000 120720 53400 47440 18440 66130 90250 56440 88640 31050 62800 87390 57960 109450 56770 59310 18550 7070 103950 79000 78250 57600 78450 13580 74820 80340 44710 27750 88080 77040 67880 127290 105420 26520 94550 61430 42831 58960 43330 116870 88110 
50500 53860 43220 60420 23730 104090 92940 45770 43700 0 101770 113330 68780 30380 51840 59510 62360 55480 71250 57970 56180 59500 37620 87070 28480 46550 56200 43450 76060 72380 80870 65300 56070 56100 46530 62950 44140 67570 91640 70420 51500 107280 98030 36080 76050 49610 57730 58100 19160 88580 77530 
96610 139360 84880 145720 85770 123510 180320 115760 120130 87490 0 194491 154830 76550 112020 146620 83310 142550 129730 108580 143290 85500 114370 24960 87040 62190 116930 113670 86280 155810 168210 85120 47320 126300 73510 123900 81760 146511 178990 154710 122440 128770 177840 94220 26610 59070 143250 145210 84280 35150 147520 
93340 101980 105241 114530 120980 82620 108370 125210 119320 120854 193953 0 108761 126664 135610 54280 108840 71030 60930 141830 58130 106250 80651 164330 109303 141244 136580 122890 101990 40960 95060 159030 145063 131370 117421 66170 139800 132350 105830 42520 70051 78040 39660 124980 165703 143184 101010 73200 114694 158440 44460 
87090 20160 88590 15690 75770 126661 55770 59200 52530 77500 154670 107751 0 83280 66170 53991 106950 38550 83001 78780 51661 104090 64320 139970 80860 98930 64740 57940 116540 67861 47250 107120 108970 51040 97080 79311 89170 34570 56200 65901 68110 124721 93191 73250 128950 101050 11950 38250 72060 140960 79391 
58560 67390 46080 73370 9930 111440 107760 44141 48170 15600 76430 127392 82320 0 46240 74720 61440 70030 82591 46210 71390 61460 49680 62260 27250 16270 51150 42690 78020 87590 95650 40930 31260 56111 39910 73361 21390 74710 106430 85630 63281 115900 113240 25560 50980 19660 71270 72650 12370 71110 87922 
86470 52701 79190 53600 41850 140060 105850 11480 18840 52490 112740 136470 66960 46380 0 81570 98330 72310 102680 12980 78240 95480 70800 105400 64370 52050 4910 14730 112030 94440 95570 43750 74980 16060 82420 94380 34860 39640 105400 92480 82150 141600 121170 21720 87290 54170 59651 74930 49250 114770 103550 
54180 47700 62200 60250 68520 76870 54090 71970 66080 69190 146350 54170 54481 75000 82260 0 76030 16750 33210 88480 4910 71920 33670 122640 65110 91170 83150 69650 75330 14280 40780 105710 98710 78110 73760 32460 86480 79160 51550 12320 26780 74930 39200 71660 120630 94190 46730 18920 63940 121460 26490 
23140 91690 20460 98250 64200 56540 114850 91680 89460 60880 83120 109010 106610 61990 97750 76020 0 77510 51560 103880 74520 5450 45260 58810 38660 67340 102110 89360 18960 78340 101540 100020 51380 101860 22380 45870 80480 111830 112310 78230 51090 61000 98660 81690 68630 68210 95560 79680 54720 54620 68750 
56600 31200 64080 43750 62610 89490 39700 61760 55460 64340 141510 70580 38590 70120 72160 16820 78560 0 45830 78380 14490 74470 34840 123932 64410 86290 72940 59440 81970 30690 26390 96680 95810 65430 75640 42140 77490 63130 37160 28730 31480 87550 56020 62670 115790 89350 29980 2920 58900 123202 42220 
34710 75620 46600 86400 79441 43980 82790 93750 87910 76121 129540 60930 83181 81931 102930 33200 51630 45450 0 109150 35460 47620 34030 104780 63440 95710 104930 91430 48270 30270 69480 121071 90810 99960 58160 9370 99661 102120 80250 30630 22040 42040 48630 91040 111900 97620 75430 47620 69961 103400 18640 
92890 65301 85500 66200 43320 147650 115870 24080 31440 54170 108710 143540 79560 46030 13270 88120 104200 78830 109280 0 84760 101890 77320 101730 67230 48290 17150 27220 118450 101510 104500 33160 72810 28360 84330 100900 28850 51940 115280 99550 88670 148250 128240 23190 83260 50580 72251 81450 50940 111100 110620 
51720 44970 59740 57520 65240 78920 51360 69240 63350 65910 143070 57650 51751 71720 79530 4550 73680 14020 35260 85750 0 69590 31210 119730 62650 87890 80420 66920 75600 17760 38050 102980 96250 75380 71300 32730 83750 76430 48820 15800 25510 76980 43410 68930 117350 90910 44000 16190 60970 119000 29290 
19050 88870 19690 95430 63571 54000 110760 88860 86640 60251 85130 106470 103790 61870 94930 71910 5450 73420 47590 101060 70430 0 41170 60820 38480 67220 99290 86540 16840 74230 97450 99900 53390 99040 22200 41760 80360 109010 108220 74120 46980 58460 94690 79380 70640 68090 92740 75590 54091 58390 64780 
24170 51510 30190 61500 46070 71240 71210 62010 58010 43800 113950 81140 64170 49610 71190 33050 45620 33870 33980 77410 30880 41530 0 89880 32650 64920 73190 59690 53270 45470 57900 87640 68190 70110 41750 25680 66480 76020 68670 43990 14230 72630 67530 57370 88230 66830 53610 36040 38470 89150 40890 
72440 125210 60710 131570 72170 99340 162251 106381 110410 73340 24520 164980 140140 62600 105360 122470 59140 123290 105150 102270 120300 61340 90200 0 62870 54340 110270 104930 62110 131230 148680 83930 31300 118351 49340 99320 74950 136950 159711 130130 97860 104600 153050 86090 24780 51970 129090 125460 70130 11370 122730 
33350 65780 21000 72340 27560 86360 101170 58590 56780 24240 85100 109681 80700 26880 64140 64870 38620 63830 63440 68000 62490 38590 32600 62630 0 36070 68500 56270 55150 74791 87860 66420 39340 69180 19120 54210 46880 80650 98630 73401 44130 90820 96071 45700 59380 37980 69650 66000 18160 61900 70211 
67870 82650 54040 88030 25590 119970 123850 55610 59980 31770 62480 141892 98390 16380 51870 90890 67160 86100 95520 49040 87560 67180 64680 54000 36310 0 56780 53520 83740 105250 111740 35840 25080 66150 45630 86290 21720 86361 122520 102990 76210 124430 128282 34070 37030 3670 87340 88720 28540 63370 102422 
90390 52731 83530 52530 46630 143380 105980 11610 18970 56830 117620 137660 65600 51260 4910 82760 102670 73380 105030 16900 79430 99810 73150 110280 68710 56930 0 14910 116370 95630 95700 48500 79860 14270 86760 96730 39740 37850 105530 93670 84500 143870 122360 26560 92170 59050 59681 76000 53590 119650 104740 
77160 40660 71310 44370 36100 130150 93650 3020 7790 45220 113930 124120 58520 42380 13970 69530 90450 60150 91800 26220 66200 87590 59920 104390 56970 53240 14200 0 104150 82400 83370 51580 73390 17800 75020 83500 38000 33540 93200 80440 71270 130450 108820 19810 88480 55360 48361 62770 41980 113240 91510 
31290 103430 35840 109990 79721 39210 119080 105010 102790 76401 85410 102160 116290 78020 111080 75400 18570 81740 48280 117210 76900 16430 53320 61100 54630 83370 115440 102690 0 76150 105770 116050 67410 115190 38350 44810 96510 123570 116540 76510 52990 44470 95380 95530 83110 84240 105730 83910 70241 55210 65470 
60460 62170 70110 74720 81170 68720 68560 85350 79460 81840 155910 41010 68951 87650 95750 14470 78250 31220 30210 101970 18320 74140 45410 131110 74512 105330 96720 83030 76120 0 55250 119170 110272 91490 81670 34310 99940 92540 66020 2710 34810 64270 27040 85120 130912 108320 61200 33390 76900 129850 14980 
80070 47851 87550 57320 88510 112960 15580 84280 76920 90240 167910 94050 47150 96020 94830 40290 102030 26570 69300 104210 37960 97940 58310 149090 87880 112390 94940 82220 105440 54160 0 123200 121860 84990 99110 65610 103970 78660 12710 52200 54950 111020 79490 88480 142190 115450 42800 24980 84800 147830 65690 
97770 88540 85160 93260 44170 153110 135420 52550 58420 54810 85060 161370 107370 41730 44570 105950 100520 97440 121991 33460 102620 100540 88000 83650 67430 35600 48980 51890 117100 119340 123310 0 54840 60190 78990 112761 22560 83590 134090 117380 102681 158450 146070 35420 61200 35170 96140 100060 51580 93020 127322 
58240 93910 44580 100270 40870 106460 134280 75081 79110 42040 46960 145861 108840 31300 75000 98950 51480 96550 90590 73100 95910 53670 68640 30990 40270 25170 79910 73630 67900 110971 122170 55070 0 87051 34320 84650 45780 105650 132950 109581 80170 110920 132251 54790 21240 22800 97790 99170 38830 40360 106391 
87960 40111 84180 38620 51461 139371 96411 15260 14230 60240 126960 132330 51690 56601 16200 77740 103320 65960 100250 28510 74410 100460 70250 118611 69840 66270 14410 17960 117020 90610 85830 59950 87611 0 87890 91950 50680 24220 95961 88650 79490 138900 117030 34010 101510 68390 47061 68480 56400 127461 99720 
25740 81930 12080 88490 44730 75210 112370 76460 74650 41410 73210 117870 96850 40270 82010 73900 22450 75030 58090 85470 72040 22420 41940 48900 19300 45620 86370 74140 38980 81870 99060 78300 34280 87050 0 52150 58760 98520 109830 81250 49230 79670 103850 63170 53890 46490 85800 77200 35330 48170 74370 
28720 69040 40610 79640 70251 49210 79210 85510 80070 66931 123660 66880 79601 72741 94690 32580 45850 41870 9410 100910 34080 41740 25790 98900 54250 86520 96690 83190 44780 34330 65900 111881 84820 92120 52170 0 90471 95360 76670 34220 13800 47270 53830 82800 105460 88430 70530 44040 60771 98170 24350 
77130 73540 64610 78670 23420 130990 116420 40770 45870 34170 81680 142200 89410 21180 35720 86950 79970 78440 101171 29510 83620 79990 67250 74260 46880 20820 40630 38680 96550 100340 104310 22310 45340 51310 58440 91931 0 71640 115090 98380 81130 135450 126900 20050 56230 23110 78360 81060 30940 83630 106492 
94200 33560 93380 22190 67510 142671 88240 33340 27960 73960 146790 132970 35260 74230 39530 79150 111740 63610 102790 51840 75820 108880 75700 136240 81420 86100 37740 33160 123930 92020 79310 83260 105240 24800 99470 95250 70810 0 88570 90060 82790 142200 117670 52680 121340 88220 36720 66130 69050 141520 102170 
90540 57991 98020 67460 98860 123430 6540 95200 87060 100380 178260 104520 57290 106370 105750 50760 112500 37040 79770 114560 48430 108410 68780 159802 98350 122740 105860 92360 115910 64630 12410 133550 132210 96021 109580 76080 114320 88800 0 62670 65420 121490 89960 98830 152540 125800 52940 35450 95140 158602 76160 
60130 59640 69180 72190 78640 69220 66030 82820 76930 79310 154500 42500 66421 85120 93220 11940 77920 28690 30710 99440 15790 73810 43890 129700 73122 102080 94190 80500 76620 2610 52720 116640 108882 88960 80740 33980 97410 90010 63490 0 33290 64770 28530 82590 129032 105070 58670 30860 74370 128440 15480 
29490 56100 37510 66700 59900 60741 68480 73080 67480 56763 122300 70540 68150 62573 82260 26740 51090 31140 21620 88480 26990 46980 14190 97500 44090 76360 84260 70760 52950 34870 55170 101283 79630 79530 49070 13320 80303 82420 65940 33580 0 60270 56930 70730 99670 78270 57590 33310 50603 96770 30290 
60780 116100 70030 126700 113661 6640 124740 132540 127100 110341 128340 78100 125131 116151 142070 75150 61040 87400 42260 148300 77410 58500 72730 104030 90900 124570 143840 130220 44440 64580 111430 155710 110740 139150 79550 48260 134730 142420 122200 64940 60860 0 78720 128250 126040 125440 117380 89570 104181 98140 51390 
80820 87310 92100 99860 107160 83240 93700 111390 105500 107830 178380 39620 94091 113640 121790 39610 98090 56360 48860 128010 44310 94080 67780 153580 96432 128373 122760 109070 94770 27140 80390 145210 132192 117550 103660 53730 125980 118530 91160 28700 57180 78790 0 111160 152832 130313 86340 58530 101823 151410 31760 
70920 55110 62750 59830 20570 124510 100320 22360 27030 31420 94310 126000 72970 25370 21520 71100 81450 62590 91120 22870 67770 79920 57490 85350 44480 33620 26430 19840 96480 83970 88210 35090 54350 34160 61580 82820 19240 52880 98990 82010 70850 127700 110700 0 68860 35740 62410 65210 28190 94720 93080 
78880 113200 65220 119560 60430 120000 154150 90420 94790 61330 26170 166851 128130 51130 86680 120070 68660 115850 111480 83240 116290 70850 89570 24480 61200 36850 91590 88330 82770 131961 142040 61180 21160 100960 53860 105290 56420 121171 152820 130571 101100 125260 153241 68880 0 33730 117080 119040 58120 34660 127381 
69340 84760 55500 90140 29050 120900 126470 57600 61970 34210 59150 143511 100630 19840 53860 93330 68090 88720 97130 50920 90000 68110 66290 51340 37920 3640 58770 55510 84670 107690 114360 35130 22420 68140 46560 87900 23600 88351 125140 105690 77820 125360 129901 36060 33700 0 89580 91340 31000 60710 104041 
76520 8620 77050 14930 64230 117421 53430 49500 42230 65960 143130 100610 11490 71740 60050 46850 95410 30020 75860 72660 44520 92550 53750 128430 69320 87390 59860 47640 105970 60720 43000 95690 97430 46720 85540 70000 77630 36270 52980 58760 57540 116950 86050 62430 117410 89510 0 31590 60520 129420 72250 
58660 33240 66140 45790 65310 91550 37870 64460 58110 67040 144510 72640 38190 72820 74860 18880 80620 2810 47890 81080 16550 76530 36900 125992 66470 88990 75640 62140 84030 32750 24560 99420 98510 68080 77700 44200 80190 65630 35330 30790 33540 89610 58080 65370 118790 92050 31330 0 61600 125262 44280 
46440 55820 35890 62180 9830 100030 96080 43770 43440 6510 83680 115272 70750 12320 48990 63740 54820 58460 70471 50570 60410 54630 38200 68980 18360 28490 53350 41450 71190 76610 84080 51030 37980 55840 35460 61241 30050 68350 94850 74650 51161 104490 101662 28270 57960 31520 59700 61080 0 74300 75802 
71400 125830 59670 132390 79560 92950 160311 113771 116830 80390 34830 158590 140750 69990 114480 121430 54300 122250 103010 111390 119260 58030 89160 11470 61830 63460 119390 112320 55720 129940 147001 93050 40420 125741 48300 98280 84070 140700 157771 128840 96820 98210 151900 94300 34850 61090 129700 124420 74310 0 120200 
51150 72310 62430 84810 83763 56410 78700 92210 86320 80443 146870 44150 79091 86253 102610 26120 68830 41360 19600 108830 28860 64820 39790 122100 68892 100833 103580 89890 65510 14330 65390 125393 104652 98370 73990 24060 103983 100530 76160 14690 29190 51960 31130 91980 124802 102773 71340 43530 74283 120600 0 

0 Ciudad_0 0 0 32400 0
1 Ciudad_1 145 3683 18283 290
2 Ciudad_2 433 13926 26175 866
3 Ciudad_3 289 6409 17646 578
4 Ciudad_4 557 2383 6590 1114
5 Ciudad_5 357 3450 10899 714
6 Ciudad_6 652 14066 25421 1304
7 Ciudad_7 427 13843 27223 854
8 Ciudad_8 612 20929 27548 1224
9 Ciudad_9 820 16269 27220 1640
10 Ciudad_10 175 4061 18134 350
11 Ciudad_11 456 9250 18592 912
12 Ciudad_12 252 13709 17824 504
13 Ciudad_13 524 6677 11018 1048
14 Ciudad_14 555 12306 14347 1110
15 Ciudad_15 805 13619 27113 1610
16 Ciudad_16 394 17427 24879 788
17 Ciudad_17 823 10965 24607 1646
18 Ciudad_18 403 18064 23748 806
19 Ciudad_19 819 8934 22540 1638
20 Ciudad_20 814 14908 25015 1628
21 Ciudad_21 699 20085 26668 1398
22 Ciudad_22 762 9692 23681 1524
23 Ciudad_23 612 5845 16311 1224
24 Ciudad_24 368 5446 9058 736
25 Ciudad_25 387 14230 25150 774
26 Ciudad_26 353 4502 14127 706
27 Ciudad_27 678 11800 26154 1356
28 Ciudad_28 666 6519 9538 1332
29 Ciudad_29 814 18486 25541 1628
30 Ciudad_30 201 9436 15908 402
31 Ciudad_31 348 10776 15597 696
32 Ciudad_32 570 7511 19682 1140
33 Ciudad_33 585 4699 19324 1170
34 Ciudad_34 468 23543 25943 936
35 Ciudad_35 791 7307 20113 1582
36 Ciudad_36 658 18755 27100 1316
37 Ciudad_37 735 11379 25939 1470
38 Ciudad_38 621 13656 25067 1242
39 Ciudad_39 404 2966 4967 808
40 Ciudad_40 612 4235 14207 1224
41 Ciudad_41 168 3251 8018 336
42 Ciudad_42 581 12493 17736 1162
43 Ciudad_43 234 20559 25957 468
44 Ciudad_44 589 11077 20954 1178
45 Ciudad_45 756 17231 20084 1512
46 Ciudad_46 288 7212 16743 576
47 Ciudad_47 322 10509 17312 644
48 Ciudad_48 123 14649 17315 246
49 Ciudad_49 724 8836 11922 1448
50 Ciudad_50 653 10629 23816 1306

0 0.00213994 0.00231445 0.0790417 0.0510545 -0.0631296 -0.039751 0.0179578 -0.0266683 0.0109005 -0.00302825 -0.00782275 -0.0899587 0.0478356 0.0213886 0.0830708 0.0537739 -0.00104507 -0.0419868 -0.0167946 -0.0816485 0.0903483 -0.0718276 0.0221806 0.0849237 0.0784444 -0.00605503 -0.0719245 0.0729584 0.0927843 0.0639503 0.0270043 0.0658986 -0.0663941 0.00315605 -0.00697245 0.0964051 0.0580551 -0.0842694 -0.0412536 0.00655073 -0.0170124 0.0478219 0.0299382 -0.0242089 -0.0623133 0.0479423 -0.0299685 -0.00239228 -0.0552666 -0.0529323 
-0.00213994 0 0.0802735 -0.0502112 -0.0334372 -0.0232026 -0.0632527 0.000585003 0.0553405 0.0466269 -0.029746 0.0620301 -0.0414655 0.0887172 -0.0860479 -0.0611331 -0.0921788 -0.0398055 -0.0484272 -0.0044634 -0.049742 -0.0707467 0.0618248 0.0206669 -0.0776384 0.0898835 0.0660756 -0.0628656 -0.056196 0.0969038 0.061171 -0.0878658 0.0350284 0.0422227 0.0416124 -0.013667 -0.0252365 0.00519792 0.0596349 0.0488893 0.000114317 0.0882423 0.0102564 0.0450306 -0.0312904 0.0769825 0.0835829 0.0756059 -0.0501668 0.0373536 -0.0562048 
-0.00231445 -0.0802735 0 0.0544636 0.0847069 0.050916 -0.0281225 0.0777404 0.0375896 -0.0925224 0.000505707 0.0226275 0.0142432 0.097305 -0.0630127 0.0109544 -0.0126151 0.0854707 -0.0682359 0.0639121 0.0856026 0.00202829 -0.0635248 0.0937187 0.0732531 -0.0882925 0.0518222 0.0278405 -0.0996918 -0.0128455 0.0374127 -0.042773 0.0465495 -0.0924487 0.0104189 0.0368062 0.0573543 -0.0506292 0.0613778 -0.00750557 -0.0724481 -0.092631 -0.0386199 0.052526 -0.0574058 -0.0398559 0.0463335 0.0771021 0.0786212 0.014161 0.0809679 
-0.0790417 0.0502112 -0.0544636 0 -0.0189793 0.0321006 0.000385586 -0.00820458 0.0349205 -0.0451916 0.0487449 -0.0541787 -0.0896223 -0.0104207 0.0177367 0.00289654 -0.0267035 -0.0504029 -0.045712 -0.0419311 -0.0170737 -0.0549598 -0.0702974 0.000461865 -0.0864071 0.0554266 -0.0414441 0.0916243 0.00893017 -0.000292378 0.0607851 -0.0781235 -0.0297936 -0.0522587 -0.0551215 0.0137111 -0.0798537 -0.008877 -0.00680656 0.0345491 -0.0731609 0.0502386 0.0450188 -0.0294049 -0.022236 -0.0410879 -0.0513245 -0.0691927 -0.0895547 0.0241706 -0.0546991 
-0.0510545 0.0334372 -0.0847069 0.0189793 0 0.071681 -0.00146607 -0.0662492 0.0834644 0.0690484 -0.0700552 -0.0556716 -0.0517233 0.00320045 -0.0384058 -0.07687 0.0397136 0.0800706 -0.0403243 0.0232723 -0.0154396 -0.00172324 0.0165289 -0.00106932 -0.000763095 0.0569617 -0.0631737 -0.0297422 -0.0655995 0.0250713 -0.05996 -0.0344068 0.0723352 0.0575072 0.0433651 -0.087667 0.0484591 0.0453401 0.00754187 -0.0770014 -0.0748834 -0.0139385 0.0543091 -0.0974748 0.0929775 0.0357358 0.0118028 -0.0691893 -0.0691737 -0.0699501 -0.0158678 
0.0631296 0.0232026 -0.050916 -0.0321006 -0.071681 0 -0.0608383 -0.0635503 -0.069209 0.00730333 0.0758908 -0.0196092 -0.0476783 0.00379736 0.0665492 -0.0217407 -0.0836979 0.0926446 -0.0490312 0.0526993 -0.0813627 0.0521909 -0.0835424 -0.0134756 -0.00641176 -0.0120238 -0.0908552 -0.0761898 -0.092185 0.0527578 -0.0555906 -0.0454851 -0.0577793 0.000658655 0.0291198 -0.00845653 0.0534585 -0.0975974 -0.0592274 -0.0842363 -0.0778577 0.00964529 -0.0257089 0.0723557 0.0753762 0.0938333 -0.0617687 -0.0795624 -0.0607694 -0.0261777 0.0294303 
0.039751 0.0632527 0.0281225 -0.000385586 0.00146607 0.0608383 0 -0.00545575 -0.0854311 -0.0983649 0.0518831 -0.0773523 0.0752723 0.0217783 -0.0136069 -0.0299388 -0.0311969 0.0953634 0.00390758 0.0751263 0.0357802 -0.0146565 -0.0400974 -0.0960944 0.0963907 0.0445516 0.0190866 -0.0470859 0.0370381 -0.00620193 -0.0849523 0.0978795 0.0780407 0.0593467 0.00589763 -0.0484508 0.0817504 -0.0702577 -0.0218618 -0.0847861 0.0174993 0.0405686 -0.0300312 -0.0471384 0.0137464 -0.0791843 -0.0668833 0.0666248 0.0223606 -0.0249778 -0.0832021 
-0.0179578 -0.000585003 -0.0777404 0.00820458 0.0662492 0.0635503 0.00545575 0 0.0387464 0.0490689 0.0170494 0.0672465 -0.000225397 -0.0895252 -0.0770011 -0.0134644 0.069811 -0.0780346 -0.0304627 0.0899841 -0.0604701 -0.0762813 -0.0357008 0.0128836 -0.0895337 0.0756566 -0.0392058 0.0794311 -0.0183582 -0.0500278 -0.0479634 0.0530156 0.0481056 0.0969077 0.0770932 0.0173443 -0.0810177 -0.0824565 0.00799088 -0.0534748 -0.0658164 0.0988852 -0.0956096 -0.00490014 0.0521462 0.0133088 -0.00399399 0.0342757 -0.0436391 0.0197015 0.0825406 
0.0266683 -0.0553405 -0.0375896 -0.0349205 -0.0834644 0.069209 0.0854311 -0.0387464 0 0.0714422 -0.0748511 0.0214109 -0.0164438 0.0803811 -0.0176975 -0.0717973 -0.0693207 -0.0541855 -0.0258497 -0.0382271 0.0857996 -0.0393884 0.0712782 -0.0572289 -0.0530468 -0.0618932 0.0464544 0.00368948 0.0298249 -0.0566445 -0.0328386 0.0727526 -0.0969735 -0.0931884 0.0534526 0.0987276 -0.0212442 0.00496994 -0.0421663 -0.0881895 -0.0522563 -0.0556292 0.016779 0.094203 -0.0332381 -0.0182524 0.03278 -0.0754074 -0.0280578 0.0734799 0.0549542 
-0.0109005 -0.0466269 0.0925224 0.0451916 -0.0690484 -0.00730333 0.0983649 -0.0490689 -0.0714422 0 -0.0683509 -0.0764255 0.0808734 0.0743951 0.0678332 0.0055535 -0.0530155 0.079313 0.0405736 0.0908826 -0.0981436 -0.0775211 0.0867279 0.0751846 0.0508767 0.0213682 -0.0953316 -0.0975016 -0.019071 -0.0321083 0.0960036 -0.0448902 0.0759829 0.0589037 -0.0230574 0.0412534 0.0942031 -0.0499315 0.0687785 -0.0474248 0.00541126 -0.00841268 -0.0251901 -0.0570384 -0.0221192 0.0174992 0.0676336 0.0653311 -0.040395 -0.0104281 -0.0798763 
0.00302825 0.029746 -0.000505707 -0.0487449 0.0700552 -0.0758908 -0.0518831 -0.0170494 0.0748511 0.0683509 0 -0.0429887 0.0738068 -0.0865412 -0.0397079 -0.0380564 -0.0273233 0.0182036 -0.09227 0.0981834 0.0533942 -0.0971671 0.0891919 -0.0308621 -0.0718169 0.0446933 0.0597833 -0.0581707 -0.0522679 0.0133983 0.00626501 0.0968029 -0.0534947 0.031676 0.0470975 -0.0556946 0.000749106 0.0242894 0.0554435 0.0818962 0.0371754 -0.0598032 0.0703006 0.0320117 -0.0207761 -0.00313196 -0.083727 0.0729234 0.0808414 0.0944381 0.0502365 
0.00782275 -0.0620301 -0.0226275 0.0541787 0.0556716 0.0196092 0.0773523 -0.0672465 -0.0214109 0.0764255 0.0429887 0 0.0832529 -0.032578 -0.0426707 0.0737331 0.0256791 0.0631081 -0.072393 -0.0070732 0.096124 -0.070513 0.0747167 -0.0551165 -0.0087157 -0.0930331 0.0642836 -0.0635178 -0.0291704 0.0713374 -0.00153701 -0.0459765 0.0844371 0.0488348 -0.0939296 -0.0809036 0.067599 0.0936051 -0.048157 -0.0578523 0.0202182 0.0782549 0.0856882 0.0190564 -0.042542 -0.0706247 0.0757475 0.0731712 0.0673808 0.0716051 0.0012744 
0.0899587 0.0414655 -0.0142432 0.0896223 0.0517233 0.0476783 -0.0752723 0.000225397 0.0164438 -0.0808734 -0.0738068 -0.0832529 0 0.0183068 0.0112104 0.0480932 0.0745779 -0.00606848 0.0479703 0.00645392 0.0930573 0.0479444 0.0637719 -0.0506204 -0.014681 -0.0840455 -0.0779886 0.0192966 0.00828283 0.00162979 0.0973277 0.0704814 0.0386634 0.0521845 -0.0537855 0.0426274 0.0260429 0.03941 0.0567538 -0.0376148 -0.0352319 -0.0361466 -0.0797412 0.0627957 0.0527774 0.0280301 -0.0556749 -0.0161759 0.0467647 -0.0922666 -0.0602302 
-0.0478356 -0.0887172 -0.097305 0.0104207 -0.00320045 -0.00379736 -0.0217783 0.0895252 -0.0803811 -0.0743951 0.0865412 0.032578 -0.0183068 0 -0.0342332 0.0970559 -0.0307286 -0.0589837 0.00219954 0.0215554 -0.0846971 0.0584075 -0.0948025 -0.0983101 0.0411554 0.0644246 0.00363939 0.0387175 -0.0787694 0.0763304 -0.0340476 0.0184647 0.0309802 0.0960629 -0.0810148 -0.0260285 -0.0362805 0.088117 0.0364115 -0.0346693 -0.0142712 0.054903 -0.0148452 -0.023603 0.0437337 0.076625 -0.0556433 0.0115091 0.0465218 0.0146657 0.0932007 
-0.0213886 0.0860479 0.0630127 -0.0177367 0.0384058 -0.0665492 0.0136069 0.0770011 0.0176975 -0.0678332 0.0397079 0.0426707 -0.0112104 0.0342332 0 -0.0964367 0.0189208 0.0596089 0.0187267 -0.0605742 0.0706501 0.00852143 0.0250676 -0.0577013 0.0170142 0.0914361 -0.0965411 0.0395939 0.0111749 0.0756117 -0.0843401 -0.0219761 -0.0216468 0.0727238 0.019047 -0.0519659 0.0883218 0.0425428 -0.0147616 -0.0803491 0.0118559 -0.0813152 -0.0924208 -0.0949302 0.0620013 0.0460925 0.0824639 0.0534631 -0.0537914 0.0704102 -0.00853781 
-0.0830708 0.0611331 -0.0109544 -0.00289654 0.07687 0.0217407 0.0299388 0.0134644 0.0717973 -0.0055535 0.0380564 -0.0737331 -0.0480932 -0.0970559 0.0964367 0 -0.0687556 -0.0961828 0.0198801 -0.0578312 0.0438899 0.0599976 -0.0474954 0.0830237 -0.00492559 0.0769089 0.0961576 -0.0798248 -0.0410264 -0.0166353 0.0908974 0.000886852 0.0239302 0.00728959 0.0152964 0.0611849 0.085224 -0.0749249 -0.0403067 0.0711646 -0.0687245 0.0469052 0.0546866 0.0577077 0.0905453 0.0167112 0.0468446 0.0246422 0.0372847 -0.0934342 -0.0864264 
-0.0537739 0.0921788 0.0126151 0.0267035 -0.0397136 0.0836979 0.0311969 -0.069811 0.0693207 0.0530155 0.0273233 -0.0256791 -0.0745779 0.0307286 -0.0189208 0.0687556 0 0.0678327 0.0180556 -0.0567332 -0.0128918 0.0829697 -0.0397126 0.0263175 -0.00435087 0.00266607 0.0548785 -0.0122594 0.0110798 -0.0767207 0.0149669 -0.0537292 -0.0490408 0.0850007 0.0749373 0.0156094 -0.0395129 0.0811214 -0.044176 -0.00230046 -0.0657469 -0.0246816 0.060447 -0.016205 -0.0707493 0.025405 0.0737515 -0.0645237 0.0825941 -0.0225443 -0.0833639 
0.00104507 0.0398055 -0.0854707 0.0504029 -0.0800706 -0.0926446 -0.0953634 0.0780346 0.0541855 -0.079313 -0.0182036 -0.0631081 0.00606848 0.0589837 -0.0596089 0.0961828 -0.0678327 0 0.0597762 -0.0112834 0.0816677 0.0974571 0.0993378 -0.0395794 0.0793005 0.062986 0.0747909 0.0362499 0.0562397 0.016793 0.00166152 0.0896982 -0.0538015 -0.0890168 0.0538745 -0.0975853 -0.0366051 0.0088964 0.00970022 0.0137958 -0.0591132 -0.090027 0.0136708 -0.0883021 0.073547 -0.0350015 0.0978696 -0.0874154 0.0603129 0.00385279 0.00132119 
0.0419868 0.0484272 0.0682359 0.045712 0.0403243 0.0490312 -0.00390758 0.0304627 0.0258497 -0.0405736 0.09227 0.072393 -0.0479703 -0.00219954 -0.0187267 -0.0198801 -0.0180556 -0.0597762 0 -0.00918023 0.0308904 -0.0361988 -0.0996445 0.0102823 -0.0309244 -0.0362425 0.0159328 0.0509765 -0.0486261 0.0936459 0.0520673 0.0566972 -0.097637 0.0325119 0.0286172 0.0931141 -0.0656531 -0.00486494 0.0608309 -0.0686972 0.0613374 0.0149257 0.0693486 0.0421757 0.0322973 0.0790754 -0.0973617 0.0305685 0.0971855 -0.0681662 -0.0665068 
0.0167946 0.0044634 -0.0639121 0.0419311 -0.0232723 -0.0526993 -0.0751263 -0.0899841 0.0382271 -0.0908826 -0.0981834 0.0070732 -0.00645392 -0.0215554 0.0605742 0.0578312 0.0567332 0.0112834 0.00918023 0 -0.00989392 0.0503503 -0.0710672 -0.0319598 -0.0707925 -0.00298762 -0.0506436 0.0422921 -0.0518301 0.0875493 0.0482455 -0.0623408 -0.0644773 0.0851202 0.0549544 0.0596398 -0.0510042 0.0516917 0.0985521 0.00492372 0.0190474 -0.00812744 0.0333033 -0.0129971 -0.0890104 0.0131773 0.021743 -0.0386743 -0.0175124 -0.093988 0.0543059 
0.0816485 0.049742 -0.0856026 0.0170737 0.0154396 0.0813627 -0.0357802 0.0604701 -0.0857996 0.0981436 -0.0533942 -0.096124 -0.0930573 0.0846971 -0.0706501 -0.0438899 0.0128918 -0.0816677 -0.0308904 0.00989392 0 -0.0268665 -0.0219399 -0.0225998 -0.00692098 0.0394257 0.0189085 0.081971 0.0748636 -0.0939774 -0.0993872 -0.0483961 0.0477174 -0.0411856 -0.050843 0.088304 0.0447181 -0.0548862 -0.0625404 0.0533104 0.0917413 -0.0466188 -0.0312977 0.0972739 0.0387872 -0.0550969 -0.0711058 0.0993569 -0.063802 -0.0122845 0.0166896 
-0.0903483 0.0707467 -0.00202829 0.0549598 0.00172324 -0.0521909 0.0146565 0.0762813 0.0393884 0.0775211 0.0971671 0.070513 -0.0479444 -0.0584075 -0.00852143 -0.0599976 -0.0829697 -0.0974571 0.0361988 -0.0503503 0.0268665 0 0.00266688 0.0711839 0.0951167 -0.00320619 0.0285461 -0.0251026 0.00210237 -0.034163 -0.0542725 0.0123545 -0.092095 0.0321275 0.0198833 0.0371288 0.0432738 0.00328605 0.014837 0.0458297 0.0535876 0.0181338 0.0417199 0.0604044 -0.0222957 0.0812188 -0.0961725 -0.065305 -0.0344293 0.0023834 -0.0173684 
0.0718276 -0.0618248 0.0635248 0.0702974 -0.0165289 0.0835424 0.0400974 0.0357008 -0.0712782 -0.0867279 -0.0891919 -0.0747167 -0.0637719 0.0948025 -0.0250676 0.0474954 0.0397126 -0.0993378 0.0996445 0.0710672 0.0219399 -0.00266688 0 0.0502874 0.0713105 0.0492228 0.00499059 -0.0863916 0.0280918 0.0943623 0.039309 0.0663851 -0.006365 0.0647104 0.0169617 -0.0910576 0.0296422 0.0968485 -0.06663 -0.0454794 -0.0533886 0.0979587 0.0686322 0.0891557 0.0740705 0.012664 -0.0483576 -0.0186202 0.0464981 0.085961 -0.0938839 
-0.0221806 -0.0206669 -0.0937187 -0.000461865 0.00106932 0.0134756 0.0960944 -0.0128836 0.0572289 -0.0751846 0.0308621 0.0551165 0.0506204 0.0983101 0.0577013 -0.0830237 -0.0263175 0.0395794 -0.0102823 0.0319598 0.0225998 -0.0711839 -0.0502874 0 0.0328281 0.042052 -0.00208609 -0.0143837 0.0932364 0.0367487 -0.0717375 0.0275574 0.0865222 -0.0322484 0.0757211 0.0240148 -0.0851553 0.00983982 0.0805976 0.0911731 -0.0223782 0.0401351 0.0535067 0.023161 0.0138097 -0.0205809 0.0521478 -0.0351846 -0.0288876 -0.0991041 -0.0119404 
-0.0849237 0.0776384 -0.0732531 0.0864071 0.000763095 0.00641176 -0.0963907 0.0895337 0.0530468 -0.0508767 0.0718169 0.0087157 0.014681 -0.0411554 -0.0170142 0.00492559 0.00435087 -0.0793005 0.0309244 0.0707925 0.00692098 -0.0951167 -0.0713105 -0.0328281 0 0.0386669 -0.060913 0.0175916 0.0269417 -0.0960355 0.0268925 -0.0205241 -0.0415217 -0.0746569 -0.00442142 -0.0565782 0.0326029 -0.0814471 -0.086326 -0.0261277 -0.0723932 -0.0783508 0.00647552 0.0794721 0.023969 -0.0999986 -0.0563834 0.0686879 0.0792917 0.0253635 0.0148625 
-0.0784444 -0.0898835 0.0882925 -0.0554266 -0.0569617 0.0120238 -0.0445516 -0.0756566 0.0618932 -0.0213682 -0.0446933 0.0930331 0.0840455 -0.0644246 -0.0914361 -0.0769089 -0.00266607 -0.062986 0.0362425 0.00298762 -0.0394257 0.00320619 -0.0492228 -0.042052 -0.0386669 0 0.0225367 0.0505372 0.0129918 0.000371852 0.0785154 -0.08321 0.0964831 0.0578456 -0.099044 0.0126492 0.00803387 -0.0843191 0.033084 -0.0821994 0.0910417 -0.097402 0.0754066 0.093875 0.0923666 -0.0475303 -0.0373223 0.0344055 -0.084191 0.0686007 -0.0430279 
0.00605503 -0.0660756 -0.0518222 0.0414441 0.0631737 0.0908552 -0.0190866 0.0392058 -0.0464544 0.0953316 -0.0597833 -0.0642836 0.0779886 -0.00363939 0.0965411 -0.0961576 -0.0548785 -0.0747909 -0.0159328 0.0506436 -0.0189085 -0.0285461 -0.00499059 0.00208609 0.060913 -0.0225367 0 -0.0191336 -0.015881 0.0756956 -0.0100438 -0.035466 0.0293821 -0.0357193 -0.0668492 -0.00901961 -0.0711606 -0.0788803 0.0673947 -0.077033 0.0389887 0.0064327 0.0189681 0.057665 0.0523285 0.0436803 0.0455333 0.0617335 0.0558692 -0.0813549 0.0736835 
0.0719245 0.0628656 -0.0278405 -0.0916243 0.0297422 0.0761898 0.0470859 -0.0794311 -0.00368948 0.0975016 0.0581707 0.0635178 -0.0192966 -0.0387175 -0.0395939 0.0798248 0.0122594 -0.0362499 -0.0509765 -0.0422921 -0.081971 0.0251026 0.0863916 0.0143837 -0.0175916 -0.0505372 0.0191336 0 -0.083611 -0.0198136 0.0915714 0.0335131 -0.0750374 0.0232263 -0.0178753 -0.0561003 -0.0567384 0.0213631 -0.0205681 -0.0237629 -0.0864848 0.00769881 -0.0768766 0.0808769 -0.0619896 0.0297824 0.0218107 0.0569003 -0.0318311 -0.0708226 0.0741516 
-0.0729584 0.056196 0.0996918 -0.00893017 0.0655995 0.092185 -0.0370381 0.0183582 -0.0298249 0.019071 0.0522679 0.0291704 -0.00828283 0.0787694 -0.0111749 0.0410264 -0.0110798 -0.0562397 0.0486261 0.0518301 -0.0748636 -0.00210237 -0.0280918 -0.0932364 -0.0269417 -0.0129918 0.015881 0.083611 0 0.0380752 -0.0837437 -0.05155 0.0228048 0.0646943 -0.0117772 0.0822437 0.0119176 -0.0266991 -0.0507008 -0.0159985 -0.0378404 0.0197255 -0.04678 -0.0908423 0.0277899 -0.0482017 0.00587792 -0.0593559 -0.0245429 -0.0744875 0.0846616 
-0.0927843 -0.0969038 0.0128455 0.000292378 -0.0250713 -0.0527578 0.00620193 0.0500278 0.0566445 0.0321083 -0.0133983 -0.0713374 -0.00162979 -0.0763304 -0.0756117 0.0166353 0.0767207 -0.016793 -0.0936459 -0.0875493 0.0939774 0.034163 -0.0943623 -0.0367487 0.0960355 -0.000371852 -0.0756956 0.0198136 -0.0380752 0 0.0393121 -0.0141764 -0.0707394 0.0604033 -0.087473 -0.037517 0.0196265 -0.0307088 0.0379115 0.0283642 -0.00297318 0.0301118 0.0170257 -0.0755136 0.0656809 0.0101562 0.0860235 -0.087749 0.0500324 0.0206927 -0.0325026 
-0.0639503 -0.061171 -0.0374127 -0.0607851 0.05996 0.0555906 0.0849523 0.0479634 0.0328386 -0.0960036 -0.00626501 0.00153701 -0.0973277 0.0340476 0.0843401 -0.0908974 -0.0149669 -0.00166152 -0.0520673 -0.0482455 0.0993872 0.0542725 -0.039309 0.0717375 -0.0268925 -0.0785154 0.0100438 -0.0915714 0.0837437 -0.0393121 0 0.0250454 -0.0245558 0.0339384 0.0256648 0.0933754 -0.0393048 0.0623209 0.0535288 -0.0494238 -0.0720527 0.0176606 0.0403828 -0.0395986 0.0164292 -0.0665476 0.0814644 0.0761827 -0.0719189 -0.0583341 -0.099422 
-0.0270043 0.0878658 0.042773 0.0781235 0.0344068 0.0454851 -0.0978795 -0.0530156 -0.0727526 0.0448902 -0.0968029 0.0459765 -0.0704814 -0.0184647 0.0219761 -0.000886852 0.0537292 -0.0896982 -0.0566972 0.0623408 0.0483961 -0.0123545 -0.0663851 -0.0275574 0.0205241 0.08321 0.035466 -0.0335131 0.05155 0.0141764 -0.0250454 0 -0.0194753 0.063311 -0.0231119 -0.0342304 -0.0759981 0.0373277 -0.0356529 -0.0296231 -0.0208638 0.0622537 -0.0326803 0.0201194 -0.0942825 -0.0247979 0.0361371 -0.0168904 0.0439349 0.0754341 0.0389603 
-0.0658986 -0.0350284 -0.0465495 0.0297936 -0.0723352 0.0577793 -0.0780407 -0.0481056 0.0969735 -0.0759829 0.0534947 -0.0844371 -0.0386634 -0.0309802 0.0216468 -0.0239302 0.0490408 0.0538015 0.097637 0.0644773 -0.0477174 0.092095 0.006365 -0.0865222 0.0415217 -0.0964831 -0.0293821 0.0750374 -0.0228048 0.0707394 0.0245558 0.0194753 0 0.0999299 0.00764483 0.0643774 0.0956694 -0.0630419 -0.0613661 0.0279859 -0.00996253 0.0948633 0.0064618 0.0245582 0.0193875 0.0347238 0.0792572 0.0206717 0.00958979 -0.0694658 -0.00921193 
0.0663941 -0.0422227 0.0924487 0.0522587 -0.0575072 -0.000658655 -0.0593467 -0.0969077 0.0931884 -0.0589037 -0.031676 -0.0488348 -0.0521845 -0.0960629 -0.0727238 -0.00728959 -0.0850007 0.0890168 -0.0325119 -0.0851202 0.0411856 -0.0321275 -0.0647104 0.0322484 0.0746569 -0.0578456 0.0357193 -0.0232263 -0.0646943 -0.0604033 -0.0339384 -0.063311 -0.0999299 0 -0.0747941 0.0274373 -0.00460149 -0.0723245 -0.09072 0.0942749 0.0347686 -0.088715 0.0321403 0.0171179 -0.0959552 0.0160375 0.0495064 0.0997692 -0.0556189 0.0173073 0.0136329 
-0.00315605 -0.0416124 -0.0104189 0.0551215 -0.0433651 -0.0291198 -0.00589763 -0.0770932 -0.0534526 0.0230574 -0.0470975 0.0939296 0.0537855 0.0810148 -0.019047 -0.0152964 -0.0749373 -0.0538745 -0.0286172 -0.0549544 0.050843 -0.0198833 -0.0169617 -0.0757211 0.00442142 0.099044 0.0668492 0.0178753 0.0117772 0.087473 -0.0256648 0.0231119 -0.00764483 0.0747941 0 0.0289277 -0.069548 0.0346055 -0.0388623 -0.00303305 0.00661653 0.0505442 -0.0979652 -0.00452466 0.0126989 -0.0610882 -0.0460435 0.0135045 0.0823319 0.0958596 0.044056 
0.00697245 0.013667 -0.0368062 -0.0137111 0.087667 0.00845653 0.0484508 -0.0173443 -0.0987276 -0.0412534 0.0556946 0.0809036 -0.0426274 0.0260285 0.0519659 -0.0611849 -0.0156094 0.0975853 -0.0931141 -0.0596398 -0.088304 -0.0371288 0.0910576 -0.0240148 0.0565782 -0.0126492 0.00901961 0.0561003 -0.0822437 0.037517 -0.0933754 0.0342304 -0.0643774 -0.0274373 -0.0289277 0 0.0453334 -0.0166123 -0.0510421 -0.0999955 0.0740931 -0.0130949 -0.0506976 0.0912025 0.0878692 -0.0124064 0.00168721 0.0482822 -0.0228586 -0.071246 0.0526032 
-0.0964051 0.0252365 -0.0573543 0.0798537 -0.0484591 -0.0534585 -0.0817504 0.0810177 0.0212442 -0.0942031 -0.000749106 -0.067599 -0.0260429 0.0362805 -0.0883218 -0.085224 0.0395129 0.0366051 0.0656531 0.0510042 -0.0447181 -0.0432738 -0.0296422 0.0851553 -0.0326029 -0.00803387 0.0711606 0.0567384 -0.0119176 -0.0196265 0.0393048 0.0759981 -0.0956694 0.00460149 0.069548 -0.0453334 0 -0.0287914 0.0299233 0.0169501 0.0977096 0.0172038 -0.0486549 -0.00154416 0.0697094 -0.044992 0.00233147 0.0347442 -0.0503976 -0.0212392 0.079023 
-0.0580551 -0.00519792 0.0506292 0.008877 -0.0453401 0.0975974 0.0702577 0.0824565 -0.00496994 0.0499315 -0.0242894 -0.0936051 -0.03941 -0.088117 -0.0425428 0.0749249 -0.0811214 -0.0088964 0.00486494 -0.0516917 0.0548862 -0.00328605 -0.0968485 -0.00983982 0.0814471 0.0843191 0.0788803 -0.0213631 0.0266991 0.0307088 -0.0623209 -0.0373277 0.0630419 0.0723245 -0.0346055 0.0166123 0.0287914 0 0.0695626 -0.0639318 -0.00288289 0.0746252 -0.049458 -0.0659007 -0.0566653 0.0577242 -0.00442291 -0.0763088 -0.0851336 0.0769422 -0.00666338 
0.0842694 -0.0596349 -0.0613778 0.00680656 -0.00754187 0.0592274 0.0218618 -0.00799088 0.0421663 -0.0687785 -0.0554435 0.048157 -0.0567538 -0.0364115 0.0147616 0.0403067 0.044176 -0.00970022 -0.0608309 -0.0985521 0.0625404 -0.014837 0.06663 -0.0805976 0.086326 -0.033084 -0.0673947 0.0205681 0.0507008 -0.0379115 -0.0535288 0.0356529 0.0613661 0.09072 0.0388623 0.0510421 -0.0299233 -0.0695626 0 -0.0218914 -0.00786359 -0.0963268 0.0914172 -0.0827398 0.0680008 0.0310518 -0.0655512 0.0699343 0.0340848 0.086335 0.00203101 
0.0412536 -0.0488893 0.00750557 -0.0345491 0.0770014 0.0842363 0.0847861 0.0534748 0.0881895 0.0474248 -0.0818962 0.0578523 0.0376148 0.0346693 0.0803491 -0.0711646 0.00230046 -0.0137958 0.0686972 -0.00492372 -0.0533104 -0.0458297 0.0454794 -0.0911731 0.0261277 0.0821994 0.077033 0.0237629 0.0159985 -0.0283642 0.0494238 0.0296231 -0.0279859 -0.0942749 0.00303305 0.0999955 -0.0169501 0.0639318 0.0218914 0 0.0485809 0.0731956 0.00305454 0.0813766 -0.0441698 -0.0709826 -0.00312811 -0.0579849 0.0243579 -0.0672193 0.0773565 
-0.00655073 -0.000114317 0.0724481 0.0731609 0.0748834 0.0778577 -0.0174993 0.0658164 0.0522563 -0.00541126 -0.0371754 -0.0202182 0.0352319 0.0142712 -0.0118559 0.0687245 0.0657469 0.0591132 -0.0613374 -0.0190474 -0.0917413 -0.0535876 0.0533886 0.0223782 0.0723932 -0.0910417 -0.0389887 0.0864848 0.0378404 0.00297318 0.0720527 0.0208638 0.00996253 -0.0347686 -0.00661653 -0.0740931 -0.0977096 0.00288289 0.00786359 -0.0485809 0 -0.076697 -0.039553 0.0784718 -0.0189622 0.0866949 0.0128889 -0.00509712 0.0971099 -0.0245269 0.0728448 
