50

16000 4500

30 55 80

6

0 41341 20260 30411 94190 52100 12210 97990 38040 52401 70580 25540 30100 19790 38840 48220 19400 52620 49610 66860 31250 43860 43570 29040 18540 46641 79870 81000 70130 53300 41420 38320 14990 51250 17590 78640 62470 29910 89542 49370 76540 49721 13330 40770 71611 47341 41040 61280 80060 87560 52290 
41151 0 59721 12610 127600 28800 51371 133950 77501 19920 112502 48720 50700 59001 71610 82380 47920 69240 35590 108570 62900 60480 45400 63100 54550 9960 121720 122922 102900 53260 58040 54940 42970 83470 30950 112050 95240 37060 130433 82140 110570 14820 31300 21400 31620 12440 73810 101851 121910 122730 92861 
20100 59661 0 48731 77390 64820 15210 81190 22250 70721 55170 28560 33270 8900 22560 30310 20940 56350 62261 51780 15910 47590 50900 20210 20090 64961 64790 65590 53920 60630 45150 42050 26730 35040 32720 61840 46260 40460 72610 33160 63370 65820 30740 53490 93190 63440 24830 45390 64980 70760 36840 
29741 13290 48311 0 119270 36440 39961 125620 66091 22580 99881 41850 45250 47591 63280 74050 39590 65450 24890 96161 54570 56690 45810 51190 42640 17130 109171 110572 94570 54930 54250 51150 31060 75140 24380 103720 86910 34190 118083 73810 97320 24170 22380 26930 38820 21790 65480 89331 109361 114400 80341 
93870 128390 77710 120530 0 132750 86320 12920 59460 142520 48250 90830 96300 78200 58840 51590 83740 114610 131221 48920 69430 105720 116690 82370 86110 136340 59240 58680 27860 127700 104740 106670 96460 56210 100540 17440 60850 108110 65700 57300 60270 134170 99410 121140 165320 131530 56950 33920 60750 12930 42490 
51830 28830 64890 36340 131720 0 62360 138070 84700 48240 118020 49910 46940 69410 75670 86440 51490 65480 61160 114300 66470 56720 27431 78990 68490 38280 127310 128441 107020 24690 54280 51180 65100 87040 36540 116170 99300 30120 135952 86200 125890 22380 42480 12050 59940 21750 77870 108720 127500 126850 99730 
12240 51731 14580 40801 85720 62150 0 89520 29570 59840 62110 30190 34750 9820 34680 42370 23970 57270 48291 58240 27190 48510 50300 18740 8240 57031 71390 72530 66040 60030 46070 42970 12760 47160 27640 70170 58380 39250 79550 45280 66250 59780 23380 50820 82401 57400 36950 52810 71580 79090 43820 
97980 134620 81820 126760 13440 138980 90430 0 63570 148750 52360 97060 102530 82310 65070 57820 89970 126370 135570 53030 75660 117480 122920 86480 90220 142570 63350 62790 34790 133930 116000 112900 100570 67810 106770 25680 73070 114340 69810 63790 64380 140400 105640 127370 171550 137760 63180 38030 64860 12610 46600 
37540 77101 22260 66171 59100 84680 29990 62900 0 88161 35530 48420 53130 21870 23600 19040 40800 76210 75271 32821 31540 67450 70760 27520 30160 82401 45801 45950 39940 80490 65010 61910 40510 35160 52580 43550 46890 60320 52970 30850 44381 85080 48680 73350 276909 82700 23400 26230 45991 52470 17200 
52161 19750 70731 22650 141690 48030 59900 148040 88380 0 118630 64270 67670 68690 85700 96470 62010 87580 24090 114000 76990 78820 64630 68530 59980 15960 127150 128950 116990 72470 76380 73280 48400 97560 46650 126140 109330 56290 135970 96230 113210 34030 44800 40630 38080 31650 87900 111230 126630 136820 102240 
69100 110991 54330 98921 47590 116700 61550 51390 34690 117720 0 80350 85060 53040 47410 38470 72800 108140 98770 6940 59260 99380 102690 53450 59020 115970 13020 12650 28430 112510 96940 93840 69370 57440 84270 32040 68500 92250 19670 54170 15410 117610 80240 105280 279999 115230 46970 15270 14530 40960 17720 
25400 49020 28700 42270 89820 50090 30650 96170 48510 64260 81440 0 6940 34090 34670 44830 10970 30940 63380 77920 22460 22180 26660 45670 36370 57610 90930 91870 65120 36390 19740 16640 38440 43030 19850 74270 55480 21180 98890 42880 89510 52950 23220 38760 83870 50570 36030 67100 91120 84950 63100 
30030 51920 33410 46010 95280 48520 35280 101630 53220 68000 86140 7020 0 38720 40130 50290 16430 28620 67120 82630 27920 19860 24340 50300 41000 60810 95640 96760 70580 34070 17420 14320 43070 48490 23590 79730 60940 18860 104282 48340 94220 52940 26960 37190 84240 51150 41490 72560 95830 90410 67810 
19820 59381 8860 48451 78100 69480 10310 81900 21950 68960 54040 34040 38710 0 28970 36000 26490 61780 57411 49410 23450 53020 55560 14120 14160 64681 62560 64360 58940 65290 50580 47480 21880 41450 35220 62550 52670 45120 71380 39570 61140 67360 30960 58150 270800 64980 31240 45190 62750 71470 36200 
38810 71510 22510 63650 58320 75590 35270 64670 23570 85640 48220 34660 40130 28730 0 11640 27570 64800 82081 46200 13260 56000 60520 39460 40120 79460 58950 58650 33620 70250 53600 50500 46550 15800 43660 42770 27530 51230 65670 13920 57960 76760 42530 64260 105660 74380 4220 33880 59570 53450 32490 
48020 82250 30260 74390 51510 86330 42890 57860 18820 96380 39080 44860 50330 35870 11610 0 37770 74630 89991 37220 23460 65190 70720 43510 46030 90200 49970 49510 26810 80450 63660 60700 54460 20500 54400 35960 32130 61970 56530 17530 48980 87500 53270 75000 117830 85120 11170 24740 50590 46640 23530 
19330 47930 20710 40070 82740 51570 24480 89090 40520 62060 73440 10950 16420 26710 27590 37750 0 40210 61160 70110 15380 31450 35930 38540 29790 55880 83120 84060 58040 45660 29010 25910 32370 35950 20080 67190 48400 26730 91762 35800 81700 53180 18950 40240 81670 50800 28950 60020 83310 77870 55110 
52780 69500 56500 65620 114110 66100 58030 125400 76310 88130 109440 30770 27200 61810 64140 74300 40270 0 89560 105720 51930 14640 41920 73390 63840 78390 118730 119861 93380 51650 14780 15410 65820 59080 44680 102770 66970 36440 127372 64990 117310 70520 49400 54770 107960 68730 63640 96750 118920 114180 91150 
49650 35760 61801 25310 131011 61230 48311 135200 75251 24090 99720 63200 66600 57101 81791 89651 60940 88750 0 92970 74301 79990 70600 54670 47361 34370 102890 109260 111851 79720 77550 74450 35561 94271 45730 115461 105491 58980 116280 92391 89770 47740 43620 51720 255885 45360 84061 98101 101130 124381 89111 
66050 107941 51550 95871 48700 113650 58340 52500 32890 113990 7700 77300 82010 49310 46070 37720 69750 105090 92970 0 57920 96330 99640 49470 55290 112240 13800 16440 29540 109460 93890 90790 65640 56020 81220 33150 67650 89200 23460 52750 12380 114560 77190 102230 276969 112180 45630 16380 13990 42070 16140 
31200 62990 16160 55130 68510 66630 28000 74860 31450 77120 60130 22550 28020 23310 13360 23520 15460 52690 74811 58110 0 43930 48410 34040 32850 70940 70860 70560 43810 58140 41490 38390 39280 22320 35140 52960 34770 41790 77580 22170 69870 68240 34010 55300 96730 65860 14720 45790 71480 63640 44180 
43920 60640 47640 56760 105290 57240 49170 116040 67450 79270 100580 21910 18340 52950 55280 65120 31410 14580 80700 96860 43070 0 33060 64530 54980 69530 109870 111001 84560 42790 3140 7160 56960 50260 35820 93930 58150 27580 118512 56170 108450 61660 40540 45910 93200 59870 54280 87390 110060 104820 82291 
43610 45370 51310 45650 115060 27411 51490 121410 71120 64780 104251 26540 22970 55840 59910 70070 36040 41510 70470 100530 47700 32750 0 67340 57300 54820 113540 114671 90360 10170 30310 27210 56920 68270 31920 99510 80720 14160 122182 68120 112120 43750 37460 26710 85030 41960 61270 92340 113730 110190 85960 
28520 62930 20240 52320 82290 78430 19010 86090 27530 68470 54440 45840 50400 14100 39700 43580 38440 73470 54750 49470 34180 64710 66580 0 12420 66720 62960 64760 63130 76310 62270 59170 20630 52180 43920 66740 63400 55530 71780 50300 49770 74750 39660 67100 257390 72370 41970 49150 62130 75660 40830 
17890 54370 19640 43760 85840 67800 8380 89640 30080 59910 59940 35840 40400 14050 40030 46030 29620 62920 47391 55310 32540 54160 55950 12340 0 58160 68460 70260 66680 65680 51720 48620 12070 52510 33290 70290 63730 44900 77280 50630 59840 65430 29030 56470 260090 63050 42300 52930 68650 79210 43940 
46141 9730 64711 16630 135510 38010 56361 141860 82491 16670 116830 57320 59300 63991 79520 90290 55830 77840 34460 112200 70810 69080 54610 66730 58180 0 125350 127150 110810 62450 66640 63540 46600 91380 38860 119960 103150 46270 134170 90050 114200 24010 38780 30610 24550 21630 81720 106841 125540 130640 97851 
78870 120761 64370 108691 59210 126470 71200 63010 45710 126850 12530 90120 94830 62170 58870 50090 82570 117910 102900 13730 70720 109150 112460 62580 68150 125100 0 7130 40050 122280 106710 103610 78500 68820 94040 43660 80120 102020 11010 65550 13930 127380 90010 115050 271516 125000 58430 26890 4780 52580 28940 
80380 122661 65610 110591 58470 128370 72830 62270 45970 128750 11600 92020 96730 64070 58290 49350 84400 119810 109350 16530 70140 111050 114360 64480 70050 127000 7220 0 39310 124180 108610 105510 80400 68320 95940 42920 79380 103920 8920 65050 19890 129280 91910 116950 275856 126900 57850 26150 11310 51840 29000 
70570 103270 54270 95410 27510 107630 67030 34490 40350 117400 29140 65710 71180 59090 33720 26470 58620 93540 112111 29810 44310 84650 91570 63260 67000 111220 40130 39570 0 102580 83670 81550 77350 35510 75420 11960 42280 82990 46590 32440 41160 109050 74290 96020 140200 106410 31830 14810 41640 23270 23380 
53260 53220 60920 54830 125930 24690 61100 132280 80730 72340 114050 36150 32580 65450 69520 79680 45650 51120 79650 110330 57310 42360 10200 76950 66910 62380 123340 124471 101230 0 39920 36820 66570 77880 41730 110380 90330 23970 131982 77730 121920 44460 47270 35290 84040 43830 70880 103210 123530 121060 95760 
41500 58220 45220 54340 104310 54820 46750 114360 65030 76850 98160 19490 15920 50530 52860 63020 28990 14820 78280 94440 40650 3080 30640 62110 52560 67110 107450 108581 83230 40370 0 4740 54540 49280 33400 92380 57170 25160 116092 54681 106030 59240 38120 43490 90780 57450 52730 85290 107640 103140 79620 
38430 55150 42150 51270 104940 51750 43680 111290 61960 73780 95090 16420 12850 47460 49790 59950 25920 15450 75210 91370 37580 7150 27570 59040 49490 64040 104380 105511 80240 37300 4710 0 51470 53350 30330 89390 61240 22090 113022 58000 102960 56170 35050 40420 87710 54380 51150 82220 104570 100070 76550 
15250 42810 26390 32200 96390 65170 12900 100190 40630 48350 70490 38750 43310 21690 46380 54240 32610 65830 35561 65860 38890 57070 56760 20780 12230 46600 79010 80810 77230 66490 54630 51530 0 58860 29620 80840 70080 43100 87830 56980 67510 54630 25450 53840 261470 52250 48650 63480 79200 89760 54490 
51380 83570 35080 75710 56260 87210 47840 67440 35160 97700 57880 43130 48600 41300 15920 20400 36040 59140 94651 55860 22290 50250 68990 52030 52690 91520 68610 68310 35530 78720 49270 53370 59120 0 55720 44920 12990 62370 75330 6820 67620 88820 54590 75880 118360 86440 13770 43540 69230 56220 42170 
17300 30920 32780 24420 99740 36550 27830 106090 52590 46900 85290 19620 23020 34880 43750 54520 20060 44230 46000 81570 35040 35470 31840 44460 33960 38870 94580 96130 75040 41580 33030 29930 29570 55610 0 84190 67380 18170 103652 54280 91960 36280 6950 25220 60560 33900 45950 75730 94770 94870 67000 
77980 112500 61820 104640 17040 116860 70430 25320 43570 126630 32360 74940 80410 62310 42950 35700 67850 102820 115331 33030 53540 93930 100800 66480 70220 120450 43350 42790 11970 111810 92950 90780 80570 44790 84650 0 51560 92220 49810 41670 44380 118280 83520 105250 149430 115640 41060 18030 44860 14020 26600 
61460 94160 45160 86300 61010 98230 57920 72800 45840 108290 67640 54150 59410 51380 26640 31030 47060 63780 104731 66490 33310 54890 79980 62110 62770 102110 78630 78070 40880 89710 53910 58010 69200 11450 66310 50270 0 73390 85090 16920 78250 99410 65180 86900 131090 97030 24490 53310 79860 62010 52800 
29760 37450 40610 34160 107380 30130 39890 113730 60420 56670 93550 20750 17180 45140 51390 62160 26830 35720 58980 89830 41810 26960 14170 56200 45700 46780 102840 103971 82680 23910 24520 21420 43070 62380 18270 91830 74830 0 111482 61920 101420 35840 23610 18800 68440 34050 53590 83710 103030 102510 75010 
87450 129831 72680 117761 65540 135540 79900 69340 53040 135820 18670 99090 103800 71140 65360 56420 91470 126980 116420 23600 77210 118220 121530 71550 77120 134070 10980 8910 46380 131350 115780 112680 87470 75390 103250 49990 86450 111090 0 72120 24220 136450 99270 124120 275876 134070 64920 33220 15070 58910 36070 
49210 81910 32910 74050 57050 85990 45670 63400 30830 96040 54890 43150 48620 39130 13750 17150 36060 65180 92481 52870 22190 56290 69010 49860 50520 89860 65620 65320 32350 78740 54821 58921 56950 6770 54060 41500 18360 61630 72340 0 64630 87160 52930 74660 117110 84780 11600 40550 66240 52180 39180 
76010 110390 63000 98450 60020 125100 66500 63820 44340 113210 16170 88750 93460 60800 57560 49210 81200 116540 89780 12360 69410 107780 111090 49760 59910 114180 13770 19860 40860 120910 105340 102240 67500 67510 91410 44470 79140 100650 24080 64240 0 122940 87150 113680 265289 120560 57120 27700 13070 53390 27630 
49441 15140 65880 23040 133370 22390 59661 139720 85500 34260 118820 52720 51400 67250 76850 87620 53160 69940 47910 115100 68140 61180 43830 74210 65660 24300 128110 129241 108670 44470 58740 55640 54080 88710 36320 117820 100480 35890 136752 87380 122400 0 38690 19830 45960 3640 79050 109521 128300 128500 100530 
12970 31340 30810 22900 98650 42440 23500 105000 48790 44890 81330 23530 27010 30540 42660 53430 18970 49160 43720 77610 33950 40400 37390 40120 29620 39130 90620 92420 73950 47130 37960 34860 25360 54520 6890 83100 66290 23470 100292 53190 87620 38730 0 31110 60820 36350 44860 72030 90810 93780 63040 
40490 21420 53550 26820 120320 12050 51020 126670 73360 40830 106490 38570 35600 58070 64330 75100 40150 54140 51640 102770 55130 45380 26720 67650 57150 30870 115780 116911 95620 35240 42940 39840 53760 75700 25200 104770 87960 18780 124422 74860 114360 19800 31140 0 52530 18010 66530 97190 115970 115450 88201 
275889 292414 278339 281524 334275 317884 268249 337995 275998 280304 279648 295709 300269 269859 299509 307479 289349 325099 254904 275898 292019 314669 317049 256469 258999 291024 270615 275365 311175 326969 312229 309129 260059 311989 293159 314785 323809 305919 274955 310109 264298 304394 286089 308374 0 302014 301779 291238 268685 327155 286358 
47061 12760 63500 20660 130520 21760 57281 136870 83120 31880 116441 50340 49610 64870 74470 85240 50780 68150 45530 112720 65760 59390 42040 71830 63280 21920 125730 126861 105820 43840 56950 53850 51700 86330 33940 114970 98100 34100 134372 85000 120020 3640 36310 18040 43580 0 76670 107140 125920 125650 98151 
41510 74210 25210 66350 55450 78290 37970 61800 23300 88340 47700 36390 41860 31430 4370 11090 29300 63720 84781 45680 14990 54280 62250 42160 42820 82160 58430 58130 30750 71980 52750 52230 49250 13700 46360 39900 25430 53930 65150 11820 57440 79460 45230 66960 108360 77080 0 33360 59050 50580 31970 
60710 102601 45280 89341 33770 108310 53160 37570 26300 111140 15750 66890 72360 45040 33640 24620 59800 96660 98061 16420 45490 87220 92750 49210 52950 107901 26740 26180 14610 103760 85690 82730 63300 43590 75600 18220 54680 83530 33200 40320 27770 109220 71850 96890 292359 106840 33200 0 28250 27140 9330 
79010 120901 64510 108831 60500 126610 71340 64300 45850 126990 14000 90260 94970 62310 59070 50720 82710 118050 101050 13870 70920 109290 112600 62050 68290 125240 4790 11240 41340 122420 106850 103750 78640 69020 94180 44950 80650 102160 15120 65750 12950 127520 90150 115190 269646 125140 58630 28180 0 53870 29140 
87290 123260 71130 115400 12930 127620 79740 12220 52880 137390 41670 85700 91170 71620 53710 46460 78610 115010 124641 42340 64300 106120 111560 75790 79530 131210 52660 52100 23430 122570 104640 101540 89880 56450 95410 13580 63570 102980 59120 52430 53690 129040 94280 116010 160190 126400 51820 27340 54170 0 35910 
51750 93641 36870 80381 42380 99350 44200 46180 17230 102180 18540 63000 67710 36080 32110 23930 55410 90790 89101 16170 43960 82030 85340 40850 43990 98941 28920 28960 23220 95160 79590 76490 54340 42230 66920 26830 53860 74900 35980 38940 27930 100260 62890 87930 287259 97880 31670 9240 29540 35750 0 

0 Ciudad_0 0 0 32400 0
1 Ciudad_1 380 10545 25145 760
2 Ciudad_2 626 14967 27216 1252
3 Ciudad_3 250 14210 25447 500
4 Ciudad_4 265 4186 8393 530
5 Ciudad_5 540 20566 28015 1080
6 Ciudad_6 796 2857 14212 1592
7 Ciudad_7 578 8115 21495 1156
8 Ciudad_8 697 5509 12128 1394
9 Ciudad_9 806 11177 22128 1612
10 Ciudad_10 276 5403 19476 552
11 Ciudad_11 683 1333 10675 1366
12 Ciudad_12 260 22073 26188 520
13 Ciudad_13 688 9124 13465 1376
14 Ciudad_14 387 8796 10837 774
15 Ciudad_15 813 10825 24319 1626
16 Ciudad_16 570 12810 20262 1140
17 Ciudad_17 456 13144 26786 912
18 Ciudad_18 426 15160 20844 852
19 Ciudad_19 316 10968 24574 632
20 Ciudad_20 597 3487 13594 1194
21 Ciudad_21 299 19286 25869 598
22 Ciudad_22 720 6532 20521 1440
23 Ciudad_23 811 15817 26283 1622
24 Ciudad_24 501 7795 11407 1002
25 Ciudad_25 709 16063 26983 1418
26 Ciudad_26 562 8013 17638 1124
27 Ciudad_27 736 10914 25268 1472
28 Ciudad_28 283 12320 15339 566
29 Ciudad_29 480 8412 15467 960
30 Ciudad_30 700 8773 15245 1400
31 Ciudad_31 403 9438 14259 806
32 Ciudad_32 713 7927 20098 1426
33 Ciudad_33 583 12878 27503 1166
34 Ciudad_34 276 2405 4805 552
35 Ciudad_35 267 4670 17476 534
36 Ciudad_36 379 11317 19662 758
37 Ciudad_37 156 9355 23915 312
38 Ciudad_38 613 11159 22570 1226
39 Ciudad_39 465 27214 29215 930
40 Ciudad_40 109 14623 24595 218
41 Ciudad_41 143 12429 17196 286
42 Ciudad_42 114 20747 25990 228
43 Ciudad_43 489 5787 11185 978
44 Ciudad_44 818 7954 17831 1636
45 Ciudad_45 352 2329 5182 704
46 Ciudad_46 224 18032 27563 448
47 Ciudad_47 176 9810 16613 352
48 Ciudad_48 562 21646 24312 1124
49 Ciudad_49 250 19800 22886 500
50 Ciudad_50 186 14269 27456 372

0 0.0802042 0.0960176 -0.0803918 -0.0817176 0.0723453 0.034596 -0.0784629 -0.0783075 -0.0666551 -0.0809337 -0.0681793 -0.0554761 0.0179753 -0.0334089 0.00263814 0.0538582 -0.0731915 -0.0752427 -0.0248176 -0.0242013 0.099769 -0.0855982 0.0423541 0.00732979 -0.0815294 -0.0330242 0.023251 0.0922115 0.0036879 0.0054202 0.0591747 -0.0607685 -0.0360171 0.075549 0.0904034 -0.00484326 0.0896887 -0.0730283 0.0954834 -0.0124201 0.0896233 -0.0326049 0.0785341 0.0270021 0.084778 0.0160442 -0.0445999 0.0519655 -0.0783574 -0.00483877 
-0.0802042 0 0.0975051 0.0557475 -0.0733009 -0.0898956 -0.0945823 0.0337052 -0.0785186 0.0757389 0.0601869 -0.0264523 -0.0653377 -0.0942144 -0.0631554 0.0193005 -0.0996684 0.0904059 0.0589694 0.039438 -0.0757151 -0.0750311 -0.00169283 -0.0932798 0.0137172 0.0669374 -0.0223851 -0.0224592 -0.0408718 0.0696565 -0.00292832 -0.055879 0.00934577 0.0429158 -0.0937408 0.0535815 -0.0849664 -0.0444416 0.0521534 -0.0257089 0.0622713 -0.0947802 -0.0176052 -0.0726516 -0.0156981 0.0532869 0.0154712 -0.0566364 -0.0687292 -0.0957991 -0.00393032 
-0.0960176 -0.0975051 0 -0.0288235 -0.0675437 0.0721674 -0.0174748 0.0473308 -0.0972014 -0.0893879 0.0369571 -0.021336 -0.0424243 0.0439511 0.0303308 0.0335401 0.0518489 -0.0489526 -0.0361568 -0.0876306 -0.0181694 0.0656185 0.0656978 -0.020152 0.046771 -0.0258542 0.0214185 0.04032 0.0168154 0.0251594 0.0597633 -0.0824325 0.044992 0.0154769 -0.0311041 -0.0175526 0.0446918 0.0231168 0.0906046 0.0750119 -0.0615877 -0.0140928 4.19486e-05 0.0963779 0.085074 -0.0549264 0.0169905 0.0758771 0.050565 0.0385496 0.011932 
0.0803918 -0.0557475 0.0288235 0 -0.0564351 -0.0669492 0.0923023 0.00299409 0.0229335 -0.00958412 0.0168078 0.0326716 -0.00524082 0.000137861 -0.0864935 -0.0358748 0.0214094 0.0882335 0.0103922 -0.00887119 -0.0224594 0.0975508 -0.0683776 -0.0282766 0.0476736 0.0690194 0.02692 0.022089 0.0215549 0.0504457 -0.0720055 0.0750022 -0.0298437 -0.067858 -0.0578096 0.0801609 -0.0412228 0.0927805 -0.0168811 0.0256676 0.01479 0.052446 0.0425045 -0.00993004 -0.0773467 -0.0790193 0.0378113 -0.0203607 0.0400577 -0.0460338 0.051543 
0.0817176 0.0733009 0.0675437 0.0564351 0 0.0468341 0.0729314 0.0383244 -0.068516 0.069848 0.0212316 -0.0852521 -0.00157165 0.075379 0.0289315 -0.0388232 0.0762375 -0.00107398 -0.0600188 -0.0618279 -0.0547108 0.00857047 0.0106862 -0.0967191 -0.0157953 -0.00288544 -0.0238097 0.0492181 0.00163299 0.0596481 0.06916 0.0958529 0.0457919 -0.0763792 0.00468266 -0.0476084 0.098049 -0.0688204 0.0184852 0.0428587 -0.0409149 0.0286816 -0.0088231 0.0637568 -0.0218432 -0.070845 -0.0341341 0.0655898 -0.0526891 0.0449886 -0.0869682 
-0.0723453 0.0898956 -0.0721674 0.0669492 -0.0468341 0 -0.0289336 -0.099993 0.04271 0.0487543 0.0862292 -0.0685939 0.0648437 -0.0761972 -0.0923455 0.0396591 0.065181 -0.0503594 -0.0619153 0.0403662 -0.00741297 0.0900293 -0.0130838 0.069815 0.0525562 0.00283857 -0.00319199 -0.0252807 0.0154275 0.0978801 -0.0193865 0.0883424 -0.0153699 0.0252029 0.0772617 0.082269 -0.0277806 0.0684572 -0.0190167 0.0746905 -0.0326817 0.0556177 0.013463 0.0254524 0.0226062 0.00211785 0.0424553 0.0617923 0.0808099 -0.046355 -0.0294748 
-0.034596 0.0945823 0.0174748 -0.0923023 -0.0729314 0.0289336 0 0.0636979 -0.0824989 0.0649385 -0.0183374 0.0183114 -0.0767891 -0.0155648 0.0689327 -0.0826589 0.0325118 -0.0188275 0.0461528 0.0335619 0.0379663 0.0930518 -0.0353063 0.0287374 -0.0592838 0.0569987 -0.0401191 0.0990972 -0.0750372 -0.0733374 0.0123608 -0.0574204 0.0500759 0.0816256 0.0735514 0.0293654 -0.0412416 -0.0664033 -0.0698235 -0.0184101 -0.0518144 0.0409852 -0.090818 0.039943 0.0318182 0.0787974 0.0225248 0.0064795 0.0614848 -0.0270981 -0.0808112 
0.0784629 -0.0337052 -0.0473308 -0.00299409 -0.0383244 0.099993 -0.0636979 0 0.00625481 0.0475619 0.0633986 0.0464973 -0.0554543 0.0404668 0.0553991 0.0705476 -0.0791076 0.0519961 -0.0778149 0.0176989 -0.0812712 -0.0631458 0.0802444 -0.0668546 -0.0706587 0.0421926 0.0307765 -0.040441 -0.0650487 0.0817058 0.0898221 -0.0366576 -0.0144985 -0.0746648 -0.0829135 0.072914 -0.00296942 0.0141361 0.0704899 -0.0936304 -0.0146493 -0.056037 -0.0539411 -0.0299044 -0.0890836 0.0270569 -0.0121394 -0.0618009 -0.0509743 0.0879266 0.0555711 
0.0783075 0.0785186 0.0972014 -0.0229335 0.068516 -0.04271 0.0824989 -0.00625481 0 -0.0385279 0.0015259 0.0173817 -0.0267923 0.0187646 0.0308631 0.087404 -0.0272512 -0.0703468 -0.0362867 0.0479242 0.0874212 -0.0673742 -0.0493268 -0.0998531 -0.0616416 0.0884764 -0.0201404 0.0759455 -0.0469192 0.0910368 0.062138 0.00772633 0.0797686 0.0742718 0.0877735 0.0704605 -0.0217857 0.0940262 -0.0641936 -0.03472 0.0139208 -0.0624597 0.0125323 0.0325035 0.0936599 0.00131053 0.0280204 -0.0307942 0.00329699 0.0567387 0.034408 
0.0666551 -0.0757389 0.0893879 0.00958412 -0.069848 -0.0487543 -0.0649385 -0.0475619 0.0385279 0 0.0361222 -0.0750873 -0.032305 -0.00319832 0.0382938 -0.047061 0.0743501 0.0178429 -0.0734128 -0.026507 -0.0382262 0.0772998 -0.0632576 -0.058847 -0.0687461 0.0487895 0.0288295 -0.0422241 -0.0262303 0.0947642 -0.0352613 -0.0112281 -0.0434834 -0.0220058 -0.0542544 0.0329175 0.0533585 0.0502565 -0.0537567 0.0653781 0.0213164 -0.0682952 0.0767824 -0.0895962 -0.0671293 -0.0874457 -0.0282563 -0.0137181 0.0239652 0.0795604 0.00883712 
0.0809337 -0.0601869 -0.0369571 -0.0168078 -0.0212316 -0.0862292 0.0183374 -0.0633986 -0.0015259 -0.0361222 0 0.0141511 0.0677945 -0.0187811 0.0684067 -0.0524115 -0.0795424 -0.0109351 0.0329513 -0.0893752 0.0887515 -0.000760426 -0.000254783 0.0591175 -0.0658693 -0.0516 0.00746762 -0.0279272 -0.0493541 0.061119 0.0403635 0.075477 -0.00644398 -0.0835566 -0.035292 0.0113985 0.0306836 0.0430602 0.00237347 -0.0838187 -0.0664125 0.0450605 0.0127192 -0.0200547 0.0120646 -0.0176652 0.0520766 -0.0107647 0.0732387 0.0227113 0.0339902 
0.0681793 0.0264523 0.021336 -0.0326716 0.0852521 0.0685939 -0.0183114 -0.0464973 -0.0173817 0.0750873 -0.0141511 0 0.0556846 0.0886168 -0.0897477 0.00924843 -0.038975 -0.0667148 -0.0722161 0.0824584 0.0269873 -0.0993647 0.0941854 0.0636903 0.0224116 -0.0559284 -0.061381 0.030418 0.0852082 0.000867143 -0.0939495 -0.0918748 -0.0413218 0.0966192 0.00387494 0.0397112 0.0791332 0.0345815 0.00804558 -0.0529986 0.0559487 0.0149934 0.0361475 -0.0362789 -0.0513811 0.0782313 -0.0537516 0.0946481 -0.0941138 -0.0490767 0.0453884 
0.0554761 0.0653377 0.0424243 0.00524082 0.00157165 -0.0648437 0.0767891 0.0554543 0.0267923 0.032305 -0.0677945 -0.0556846 0 0.0605263 0.0899749 -0.0163781 0.00689432 0.050575 0.00581056 0.0870726 -0.0765837 -0.0458804 -0.0713507 0.0155635 -0.00124298 -0.0284314 -0.055823 -0.0655873 0.0606998 0.0887567 0.0140516 -0.00372841 0.0198352 0.0339137 -0.0536555 -0.0177876 0.0030752 0.0568727 -0.0934878 0.0841712 -0.0291297 0.0454667 0.0260052 -0.00600962 0.00307514 -0.017409 -0.0110036 -0.0413716 0.0516605 0.0919829 0.0890153 
-0.0179753 0.0942144 -0.0439511 -0.000137861 -0.075379 0.0761972 0.0155648 -0.0404668 -0.0187646 0.00319832 0.0187811 -0.0886168 -0.0605263 0 -0.0326846 -0.0235856 0.00377363 -0.0149355 -0.0709912 -0.0305578 -0.0852467 0.0248459 0.0935638 0.0961385 0.0323528 -0.00924268 0.0179785 0.0123169 -0.040459 -0.0731569 0.0240297 0.0523837 -0.0872766 -0.00252624 0.0896911 -0.0540111 0.00270189 -0.0331122 -0.063873 0.0300737 -0.087392 -0.0849484 -0.0851227 0.0654524 0.0871935 -0.0767707 0.0178715 -0.0141153 0.0813933 0.0715415 -0.094892 
0.0334089 0.0631554 -0.0303308 0.0864935 -0.0289315 0.0923455 -0.0689327 -0.0553991 -0.0308631 -0.0382938 -0.0684067 0.0897477 -0.0899749 0.0326846 0 -0.0483779 0.0700665 -0.0146251 0.0173488 0.00255392 -0.0209447 -0.076003 -0.063395 -0.075777 0.048653 0.0205546 -0.0439975 -0.033133 -0.0946358 -0.0529859 0.0189442 0.0673269 0.0658074 -0.0474574 0.0203573 -0.00577164 -0.0600077 -0.000564602 0.0845319 0.0396464 -0.0394272 0.0212868 0.0473659 0.0570074 -0.0191712 0.0800191 0.0668458 -0.0724003 0.0878186 0.000384312 0.0648278 
-0.00263814 -0.0193005 -0.0335401 0.0358748 0.0388232 -0.0396591 0.0826589 -0.0705476 -0.087404 0.047061 0.0524115 -0.00924843 0.0163781 0.0235856 0.0483779 0 0.0296635 0.0651614 0.0542778 -0.0277166 -0.0223367 0.00961437 0.0911421 0.0368334 0.0281242 0.00152124 0.0189738 0.0175444 -0.0293513 -0.0532066 0.0240874 0.0540088 -0.0528623 0.0508642 0.0897432 0.0950236 -0.0621714 -0.00490018 -0.0281953 -0.0372331 0.0742687 0.0249988 -0.00638586 0.067153 0.0641361 0.0513917 0.0819496 -0.0970709 -0.0381151 -0.0823357 -0.0822416 
-0.0538582 0.0996684 -0.0518489 -0.0214094 -0.0762375 -0.065181 -0.0325118 0.0791076 0.0272512 -0.0743501 0.0795424 0.038975 -0.00689432 -0.00377363 -0.0700665 -0.0296635 0 -0.0897935 -0.0182441 0.0190698 -0.0223037 0.0436373 0.0814622 0.0114461 -0.0510652 0.0986403 -0.048972 0.0870345 -0.0847068 0.0618295 -0.0796071 0.0496337 0.0587293 -0.0849335 0.044111 -0.0820804 -0.055662 -0.0710728 0.0300663 -0.0176771 -0.0235987 -0.0925688 0.0773413 -0.0218383 -0.0539116 -0.0706419 -0.000399197 0.058517 -0.028831 0.0500891 0.0760569 
0.0731915 -0.0904059 0.0489526 -0.0882335 0.00107398 0.0503594 0.0188275 -0.0519961 0.0703468 -0.0178429 0.0109351 0.0667148 -0.050575 0.0149355 0.0146251 -0.0651614 0.0897935 0 0.0914334 -0.0581081 -0.0050492 0.0701838 0.0698731 -0.0841161 -0.0903342 0.0167974 -0.0506027 0.0289891 0.0580047 0.0403936 -0.00602505 0.0320237 -0.0216258 0.0444312 -0.0197512 -0.0872447 -0.0770785 -0.0190695 0.00888065 0.0421434 -0.00489356 -0.0441941 -0.0122026 0.0634854 0.000346897 -0.0237615 -0.0428625 -0.0145761 0.0763419 -0.0024004 -0.0348091 
0.0752427 -0.0589694 0.0361568 -0.0103922 0.0600188 0.0619153 -0.0461528 0.0778149 0.0362867 0.0734128 -0.0329513 0.0722161 -0.00581056 0.0709912 -0.0173488 -0.0542778 0.0182441 -0.0914334 0 -0.0742268 -0.0153408 0.0933513 -0.0765568 0.0249677 0.0502886 -0.0903158 0.0774049 -0.0123311 -0.0601307 0.0785503 -0.0996248 -0.0194642 -0.0556241 0.0632923 -0.0788687 -0.0256081 -0.0586399 0.00852802 -0.0204957 -0.0760055 0.0449333 -0.0382903 0.0642179 -0.0585375 -0.00492078 -0.0967435 0.0928686 0.00424111 -0.0589766 -0.0845268 -0.0315325 
0.0248176 -0.039438 0.0876306 0.00887119 0.0618279 -0.0403662 -0.0335619 -0.0176989 -0.0479242 0.026507 0.0893752 -0.0824584 -0.0870726 0.0305578 -0.00255392 0.0277166 -0.0190698 0.0581081 0.0742268 0 0.092822 -0.00252289 -0.0243573 -0.0706772 0.00397937 -0.0680022 -0.0222521 -0.0526316 0.0333045 -0.0769186 0.0690264 -0.0757414 0.0170585 -0.0153021 0.0936885 0.0896866 0.00912368 -0.074724 0.0291444 0.0498268 0.0516346 -0.0608816 -0.088583 -0.0341805 -0.0442579 -0.0871642 -0.0200448 0.081946 0.0523891 -0.0776637 -0.0856194 
0.0242013 0.0757151 0.0181694 0.0224594 0.0547108 0.00741297 -0.0379663 0.0812712 -0.0874212 0.0382262 -0.0887515 -0.0269873 0.0765837 0.0852467 0.0209447 0.0223367 0.0223037 0.0050492 0.0153408 -0.092822 0 -0.0513958 0.0165367 0.0330986 -0.00554609 -0.00807962 -0.0991658 -0.0570059 -0.0832127 0.0861401 0.00756663 0.00825096 -0.0724858 -0.0716213 -0.0629891 -0.0673915 0.0655268 0.0517493 -0.0907369 0.0863571 0.0695399 -0.0676703 -0.0597005 -0.0529421 -0.062956 0.0266831 0.0184033 -0.023706 0.0833929 0.0555088 0.0962493 
-0.099769 0.0750311 -0.0656185 -0.0975508 -0.00857047 -0.0900293 -0.0930518 0.0631458 0.0673742 -0.0772998 0.000760426 0.0993647 0.0458804 -0.0248459 0.076003 -0.00961437 -0.0436373 -0.0701838 -0.0933513 0.00252289 0.0513958 0 -0.0938157 -0.0270135 0.0253201 -0.0480592 -0.0071146 0.0575372 0.00675664 -0.0460585 -0.0316067 -0.0235876 0.0750526 0.0829279 0.0828764 0.0914346 0.0264256 -0.0149301 0.016389 -0.0662385 -0.0855476 -0.0184949 -0.038326 0.0837784 0.0961798 -0.0489429 0.00166133 -0.0863076 -0.00664244 0.091638 0.0367125 
0.0855982 0.00169283 -0.0656978 0.0683776 -0.0106862 0.0130838 0.0353063 -0.0802444 0.0493268 0.0632576 0.000254783 -0.0941854 0.0713507 -0.0935638 0.063395 -0.0911421 -0.0814622 -0.0698731 0.0765568 0.0243573 -0.0165367 0.0938157 0 0.0168282 -0.0943613 0.00242719 0.0988188 0.0760965 -0.016051 -0.00461122 0.0756466 -0.0298271 -0.0882601 0.0796164 0.059578 0.0782197 -0.0957062 -0.0127987 -0.0687038 0.0183423 0.0983587 -0.0210344 0.0612549 -0.00248494 -0.0202057 -0.0738055 -0.0763631 -0.0924831 -0.0709276 -0.0769004 -0.0864997 
-0.0423541 0.0932798 0.020152 0.0282766 0.0967191 -0.069815 -0.0287374 0.0668546 0.0998531 0.058847 -0.0591175 -0.0636903 -0.0155635 -0.0961385 0.075777 -0.0368334 -0.0114461 0.0841161 -0.0249677 0.0706772 -0.0330986 0.0270135 -0.0168282 0 -0.024561 0.0198506 0.0170643 0.0846429 -0.0088744 -0.0481536 0.0862018 -0.0696007 0.035704 0.0453198 -0.0605971 0.087227 0.0117248 0.0496253 0.0912333 -0.00628212 -0.0546833 0.0636198 -0.067338 0.04344 0.0487028 0.0936677 0.0798984 -0.0483544 0.0520601 -0.0101256 0.0274479 
-0.00732979 -0.0137172 -0.046771 -0.0476736 0.0157953 -0.0525562 0.0592838 0.0706587 0.0616416 0.0687461 0.0658693 -0.0224116 0.00124298 -0.0323528 -0.048653 -0.0281242 0.0510652 0.0903342 -0.0502886 -0.00397937 0.00554609 -0.0253201 0.0943613 0.024561 0 0.0414816 -0.0622206 0.083539 0.0572055 0.0473458 -0.0214691 0.0531059 0.0599988 -0.0894719 -0.0220644 -0.083698 -0.0329399 -0.0795412 0.0361617 0.0615309 0.0795378 0.0378069 0.0068402 -0.0982033 0.00795266 0.0411671 0.0215976 -0.060633 0.0243014 -0.0719403 -0.0879964 
0.0815294 -0.0669374 0.0258542 -0.0690194 0.00288544 -0.00283857 -0.0569987 -0.0421926 -0.0884764 -0.0487895 0.0516 0.0559284 0.0284314 0.00924268 -0.0205546 -0.00152124 -0.0986403 -0.0167974 0.0903158 0.0680022 0.00807962 0.0480592 -0.00242719 -0.0198506 -0.0414816 0 0.0782004 -0.0640641 -0.0969224 0.0877359 -0.0480282 -0.0797893 0.0271371 -0.022745 -0.0908127 0.0435625 0.0331359 -0.0700738 -0.0436436 -0.0744064 0.000996566 -0.0541771 -0.0276006 0.0962835 -0.0965464 0.0610207 0.0571583 0.0352743 0.0173232 -0.0310948 -0.069716 
0.0330242 0.0223851 -0.0214185 -0.02692 0.0238097 0.00319199 0.0401191 -0.0307765 0.0201404 -0.0288295 -0.00746762 0.061381 0.055823 -0.0179785 0.0439975 -0.0189738 0.048972 0.0506027 -0.0774049 0.0222521 0.0991658 0.0071146 -0.0988188 -0.0170643 0.0622206 -0.0782004 0 -0.0408262 0.0528421 0.0415194 -0.0573922 0.0333254 0.0723537 -0.067534 -0.0459165 -0.0800785 -0.0638472 0.00121063 -0.0598263 0.0939502 -0.0426948 0.0301795 -0.0766556 -0.0391941 0.0909241 0.0401983 -0.0834596 0.0807496 0.0118774 0.0824662 0.0838185 
-0.023251 0.0224592 -0.04032 -0.022089 -0.0492181 0.0252807 -0.0990972 0.040441 -0.0759455 0.0422241 0.0279272 -0.030418 0.0655873 -0.0123169 0.033133 -0.0175444 -0.0870345 -0.0289891 0.0123311 0.0526316 0.0570059 -0.0575372 -0.0760965 -0.0846429 -0.083539 0.0640641 0.0408262 0 0.0469369 0.0146438 0.0308742 0.0141796 0.0915574 0.0377331 -0.0320609 -0.0653258 -0.0440241 -0.0913897 0.0254359 0.0854162 0.0359812 -0.0381601 0.0630119 0.0289783 -0.0880092 -0.0989999 -0.0593844 0.0253184 0.0900037 0.00536634 -0.0657277 
-0.0922115 0.0408718 -0.0168154 -0.0215549 -0.00163299 -0.0154275 0.0750372 0.0650487 0.0469192 0.0262303 0.0493541 -0.0852082 -0.0606998 0.040459 0.0946358 0.0293513 0.0847068 -0.0580047 0.0601307 -0.0333045 0.0832127 -0.00675664 0.016051 0.0088744 -0.0572055 0.0969224 -0.0528421 -0.0469369 0 0.0488058 -0.056603 -0.0175654 -0.0756768 0.0215239 -0.0267951 -0.0337789 -0.00650146 -0.0657562 0.0177962 -0.0875225 -0.0502671 -0.0319963 -0.0444232 -0.0854612 -0.0990495 0.0159578 -0.0600215 -0.096743 -0.0598787 -0.0592841 0.0347355 
-0.0036879 -0.0696565 -0.0251594 -0.0504457 -0.0596481 -0.0978801 0.0733374 -0.0817058 -0.0910368 -0.0947642 -0.061119 -0.000867143 -0.0887567 0.0731569 0.0529859 0.0532066 -0.0618295 -0.0403936 -0.0785503 0.0769186 -0.0861401 0.0460585 0.00461122 0.0481536 -0.0473458 -0.0877359 -0.0415194 -0.0146438 -0.0488058 0 -0.0492204 0.0440181 0.0471822 0.0423538 0.0612995 0.0645846 -0.0376618 0.026655 -0.00548655 0.0764774 -0.00285263 0.0136266 0.0269687 -0.0585986 -0.0878924 0.0297891 -0.0380949 0.000158576 -0.0346021 -0.0984103 -0.0414307 
-0.0054202 0.00292832 -0.0597633 0.0720055 -0.06916 0.0193865 -0.0123608 -0.0898221 -0.062138 0.0352613 -0.0403635 0.0939495 -0.0140516 -0.0240297 -0.0189442 -0.0240874 0.0796071 0.00602505 0.0996248 -0.0690264 -0.00756663 0.0316067 -0.0756466 -0.0862018 0.0214691 0.0480282 0.0573922 -0.0308742 0.056603 0.0492204 0 -0.0015268 0.0075927 -0.0678764 0.0378123 0.0312726 -0.0888331 -0.0391138 -0.0481598 -0.00575605 -0.0363397 0.0820893 0.0241492 -0.0767519 -0.0186443 -0.0794963 -0.00125392 0.0312172 0.0939946 0.0725636 -0.0660757 
-0.0591747 0.055879 0.0824325 -0.0750022 -0.0958529 -0.0883424 0.0574204 0.0366576 -0.00772633 0.0112281 -0.075477 0.0918748 0.00372841 -0.0523837 -0.0673269 -0.0540088 -0.0496337 -0.0320237 0.0194642 0.0757414 -0.00825096 0.0235876 0.0298271 0.0696007 -0.0531059 0.0797893 -0.0333254 -0.0141796 0.0175654 -0.0440181 0.0015268 0 0.028941 -0.0842295 0.040981 -0.0881791 0.0932603 -0.0631429 -0.0595943 -0.0907064 0.0934295 0.00373932 0.076662 0.0787341 -0.0349468 -0.0332561 0.092764 0.051179 -0.0230436 0.0986194 0.0874599 
0.0607685 -0.00934577 -0.044992 0.0298437 -0.0457919 0.0153699 -0.0500759 0.0144985 -0.0797686 0.0434834 0.00644398 0.0413218 -0.0198352 0.0872766 -0.0658074 0.0528623 -0.0587293 0.0216258 0.0556241 -0.0170585 0.0724858 -0.0750526 0.0882601 -0.035704 -0.0599988 -0.0271371 -0.0723537 -0.0915574 0.0756768 -0.0471822 -0.0075927 -0.028941 0 -0.0272007 0.054479 -0.0138885 0.0974128 0.0845401 0.0878468 -0.00378467 -0.0741375 0.0900641 -0.000479763 -0.0773741 0.00454869 0.010792 0.0774047 0.0516949 -0.0703842 0.0844562 0.0990354 
0.0360171 -0.0429158 -0.0154769 0.067858 0.0763792 -0.0252029 -0.0816256 0.0746648 -0.0742718 0.0220058 0.0835566 -0.0966192 -0.0339137 0.00252624 0.0474574 -0.0508642 0.0849335 -0.0444312 -0.0632923 0.0153021 0.0716213 -0.0829279 -0.0796164 -0.0453198 0.0894719 0.022745 0.067534 -0.0377331 -0.0215239 -0.0423538 0.0678764 0.0842295 0.0272007 0 -0.0164292 -0.0283067 0.0688964 -0.0388981 0.0668101 -0.00993733 -0.0564659 0.0778121 0.0750035 -0.096979 0.0519527 0.0455647 0.06715 0.0775048 0.0222789 -0.0574452 -0.0284309 
-0.075549 0.0937408 0.0311041 0.0578096 -0.00468266 -0.0772617 -0.0735514 0.0829135 -0.0877735 0.0542544 0.035292 -0.00387494 0.0536555 -0.0896911 -0.0203573 -0.0897432 -0.044111 0.0197512 0.0788687 -0.0936885 0.0629891 -0.0828764 -0.059578 0.0605971 0.0220644 0.0908127 0.0459165 0.0320609 0.0267951 -0.0612995 -0.0378123 -0.040981 -0.054479 0.0164292 0 0.0509043 0.0723705 0.0576235 -0.0478396 0.0611969 0.0698018 0.0405144 -0.0355012 -0.0666621 -0.0953503 -0.0644957 -0.00259466 -0.0669937 0.0598438 -0.0355044 -0.0459791 
-0.0904034 -0.0535815 0.0175526 -0.0801609 0.0476084 -0.082269 -0.0293654 -0.072914 -0.0704605 -0.0329175 -0.0113985 -0.0397112 0.0177876 0.0540111 0.00577164 -0.0950236 0.0820804 0.0872447 0.0256081 -0.0896866 0.0673915 -0.0914346 -0.0782197 -0.087227 0.083698 -0.0435625 0.0800785 0.0653258 0.0337789 -0.0645846 -0.0312726 0.0881791 0.0138885 0.0283067 -0.0509043 0 0.0278455 0.0828536 -0.00317661 -0.0768579 -0.00477722 0.0981014 0.0316525 -0.0420645 0.028128 0.0847839 -0.0432354 -0.0636323 -0.00147082 0.0811678 0.0976218 
0.00484326 0.0849664 -0.0446918 0.0412228 -0.098049 0.0277806 0.0412416 0.00296942 0.0217857 -0.0533585 -0.0306836 -0.0791332 -0.0030752 -0.00270189 0.0600077 0.0621714 0.055662 0.0770785 0.0586399 -0.00912368 -0.0655268 -0.0264256 0.0957062 -0.0117248 0.0329399 -0.0331359 0.0638472 0.0440241 0.00650146 0.0376618 0.0888331 -0.0932603 -0.0974128 -0.0688964 -0.0723705 -0.0278455 0 -0.069584 0.0632857 -0.0829567 0.00961016 -0.0145534 0.0234611 0.0763103 0.0743073 0.0623049 0.00334891 -0.0125328 -0.0368869 -0.0331755 -0.0684571 
-0.0896887 0.0444416 -0.0231168 -0.0927805 0.0688204 -0.0684572 0.0664033 -0.0141361 -0.0940262 -0.0502565 -0.0430602 -0.0345815 -0.0568727 0.0331122 0.000564602 0.00490018 0.0710728 0.0190695 -0.00852802 0.074724 -0.0517493 0.0149301 0.0127987 -0.0496253 0.0795412 0.0700738 -0.00121063 0.0913897 0.0657562 -0.026655 0.0391138 0.0631429 -0.0845401 0.0388981 -0.0576235 -0.0828536 0.069584 0 -0.0785435 -0.0657462 0.0124329 -0.000616657 0.0538336 0.0397893 -0.0934438 0.0332659 0.013563 -0.0169345 0.0365372 0.0732159 -0.0512477 
0.0730283 -0.0521534 -0.0906046 0.0168811 -0.0184852 0.0190167 0.0698235 -0.0704899 0.0641936 0.0537567 -0.00237347 -0.00804558 0.0934878 0.063873 -0.0845319 0.0281953 -0.0300663 -0.00888065 0.0204957 -0.0291444 0.0907369 -0.016389 0.0687038 -0.0912333 -0.0361617 0.0436436 0.0598263 -0.0254359 -0.0177962 0.00548655 0.0481598 0.0595943 -0.0878468 -0.0668101 0.0478396 0.00317661 -0.0632857 0.0785435 0 0.0555658 -0.0470392 -0.0979676 -0.0813127 -0.0790247 -0.0343506 -0.0402899 -0.0296827 -0.0564769 -0.024878 0.0719247 0.0615363 
-0.0954834 0.0257089 -0.0750119 -0.0256676 -0.0428587 -0.0746905 0.0184101 0.0936304 0.03472 -0.0653781 0.0838187 0.0529986 -0.0841712 -0.0300737 -0.0396464 0.0372331 0.0176771 -0.0421434 0.0760055 -0.0498268 -0.0863571 0.0662385 -0.0183423 0.00628212 -0.0615309 0.0744064 -0.0939502 -0.0854162 0.0875225 -0.0764774 0.00575605 0.0907064 0.00378467 0.00993733 -0.0611969 0.0768579 0.0829567 0.0657462 -0.0555658 0 -0.0417526 0.0910814 0.0195714 0.0254949 -0.00874159 -0.00737866 0.027235 -0.00716961 -0.0629649 -0.0656675 0.0209459 
0.0124201 -0.0622713 0.0615877 -0.01479 0.0409149 0.0326817 0.0518144 0.0146493 -0.0139208 -0.0213164 0.0664125 -0.0559487 0.0291297 0.087392 0.0394272 -0.0742687 0.0235987 0.00489356 -0.0449333 -0.0516346 -0.0695399 0.0855476 -0.0983587 0.0546833 -0.0795378 -0.000996566 0.0426948 -0.0359812 0.0502671 0.00285263 0.0363397 -0.0934295 0.0741375 0.0564659 -0.0698018 0.00477722 -0.00961016 -0.0124329 0.0470392 0.0417526 0 -0.0987246 0.0759083 -0.00347519 -0.0872618 -0.0416568 -0.0280718 0.0541206 0.0721084 -0.0150313 -0.0247111 
-0.0896233 0.0947802 0.0140928 -0.052446 -0.0286816 -0.0556177 -0.0409852 0.056037 0.0624597 0.0682952 -0.0450605 -0.0149934 -0.0454667 0.0849484 -0.0212868 -0.0249988 0.0925688 0.0441941 0.0382903 0.0608816 0.0676703 0.0184949 0.0210344 -0.0636198 -0.0378069 0.0541771 -0.0301795 0.0381601 0.0319963 -0.0136266 -0.0820893 -0.00373932 -0.0900641 -0.0778121 -0.0405144 -0.0981014 0.0145534 0.000616657 0.0979676 -0.0910814 0.0987246 0 -0.0143086 -0.0808827 -0.0475002 -0.0812971 -0.048571 -0.043952 0.0863941 0.0555544 -0.0916888 
