20

16000 4500

30 55 80

3

0 73580 54970 86460 72800 58740 48530 92520 64760 56700 27490 90690 26970 84122 59310 83710 46740 63880 92060 84130 61590 
72680 0 111220 114470 28870 87630 55410 150452 43991 78770 57630 46510 92290 131440 128220 138612 84900 48201 28700 30810 29951 
54900 112600 0 58660 104040 44700 67860 42010 87030 109450 55420 113280 32150 35550 50651 31340 92970 83520 124470 113361 94000 
86700 114920 58750 0 98170 28320 60000 70240 73390 134030 69740 91810 78240 45280 108361 62030 130751 69880 111900 98040 89450 
66050 28530 99070 102170 0 75330 43110 138302 32000 76310 46070 49610 81260 119290 121620 126462 80720 36210 42260 35740 16840 
58880 87780 44710 28390 75350 0 32750 75080 50570 105980 41920 73550 51320 51620 94331 63240 102701 47060 91410 77550 66540 
48800 55660 68010 60160 43650 33050 0 102220 19840 83650 23020 47780 57470 81360 100750 90380 86471 18020 62190 48330 34420 
92140 152001 42110 70260 143441 74980 102120 0 121110 146440 94970 147360 69140 29860 64660 12770 129960 117600 163871 150870 133401 
65070 44621 86580 73130 25900 50460 19830 120790 0 85300 39250 30120 75160 99930 118440 108950 89630 5200 43370 29510 17550 
57030 78780 109400 135160 84610 106260 83610 146650 84780 0 66980 109820 82130 140090 91550 137840 19100 85750 101730 95750 74440 
27970 58220 55480 69830 51430 42110 22870 94920 39220 66580 0 67610 39070 76200 82350 83540 63741 38140 71390 62870 40920 
91010 47070 112860 92070 34210 74180 47750 147070 30320 109570 67820 0 104271 124800 147551 135230 113980 32490 28950 16010 36080 
27020 93450 32060 77880 87830 51340 57580 69310 75310 81620 38900 104410 0 64772 45360 60500 66540 74230 107250 99330 76780 
83631 132962 35570 44950 123990 51220 81430 30000 100420 139021 76122 123790 64421 0 82481 20240 125491 96910 141650 127790 114190 
59550 128890 50970 108080 129540 94220 100360 65210 118090 91660 81590 147190 45740 82280 0 66730 72940 117010 148340 140680 119370 
83720 139871 31320 61820 131311 62850 89990 12780 108980 138020 83031 135230 60720 20210 66400 0 121540 105470 151741 136820 121271 
46200 84090 92830 131120 88600 102040 85780 130080 88770 19530 63650 113810 66290 125932 73000 121270 0 89740 105720 99740 78430 
64040 48841 83320 69840 30120 47200 18210 117530 5340 86630 38220 32460 74070 96670 117350 105690 90960 0 47590 33730 21770 
91620 28770 124090 112280 30890 91990 62310 163322 43640 102460 71440 28830 106830 141940 147770 151482 106870 47920 0 14290 34790 
84040 31060 112651 98300 21160 77700 48290 150301 29350 96500 62530 16920 99080 127650 140590 136670 100910 33630 15080 0 25100 
61150 30740 93620 89270 13640 66420 34200 132852 17600 74470 40970 36020 76360 113840 118560 121012 78880 21810 34870 25210 0 

0 Ciudad_0 0 0 32400 0
1 Ciudad_1 493 3945 18545 986
2 Ciudad_2 788 4019 16268 1576
3 Ciudad_3 828 15284 26521 1656
4 Ciudad_4 313 7424 11631 626
5 Ciudad_5 590 7460 14909 1180
6 Ciudad_6 170 18480 29835 340
7 Ciudad_7 147 14640 28020 294
8 Ciudad_8 807 3492 10111 1614
9 Ciudad_9 794 6897 17848 1588
10 Ciudad_10 578 5879 19952 1156
11 Ciudad_11 435 4540 13882 870
12 Ciudad_12 456 21019 25134 912
13 Ciudad_13 278 6467 10808 556
14 Ciudad_14 763 24848 26889 1526
15 Ciudad_15 616 6803 20297 1232
16 Ciudad_16 733 9915 17367 1466
17 Ciudad_17 419 11657 25299 838
18 Ciudad_18 325 19939 25623 650
19 Ciudad_19 187 3847 17453 374
20 Ciudad_20 317 16114 26221 634

0 0.0767071 0.0531371 0.00367643 -0.0255849 0.0575948 -0.0853463 0.0354538 0.0745339 -0.0791411 0.0599316 -0.0218502 -0.0331598 -0.00472116 -0.030566 -0.0117288 0.0267553 0.0576395 0.0840156 -0.079289 -0.0272032 
-0.0767071 0 -0.0322502 -0.0849287 -0.0293146 0.0253405 0.084778 -0.0240381 0.0972338 0.0785753 0.0831615 0.0844694 -0.0647755 -0.0766078 -0.0129336 0.0607908 0.0485035 0.0411875 0.0532528 -0.0748543 0.0817851 
-0.0531371 0.0322502 0 0.0279177 0.0632844 -0.087953 0.0476197 0.0603317 -0.0979341 -0.014102 0.0709623 -0.0975632 -0.0579654 0.0378154 -0.0111183 -0.0733442 0.0446619 -0.0371478 -0.0462219 -0.082611 0.0737403 
-0.00367643 0.0849287 -0.0279177 0 0.0704565 -0.0993779 0.0123819 -0.00525894 -0.035098 -0.0580255 0.0909662 0.050255 -0.0573959 -0.00625729 0.0156021 -0.0170346 -0.00812268 -0.0984947 0.0874014 -0.0697539 0.0838679 
0.0255849 0.0293146 -0.0632844 -0.0704565 0 0.076307 0.00548844 0.0168511 0.0504844 0.0543272 -0.00987397 0.0503302 0.00534406 0.0642996 0.0987807 -0.044623 -0.0436722 -0.0440867 -0.0799024 0.0809343 0.0990683 
-0.0575948 -0.0253405 0.087953 0.0993779 -0.076307 0 -0.0922438 0.0209539 0.0466952 0.043439 0.078296 -0.0566226 -0.0043172 0.0160083 0.0953638 -0.0322307 0.0404216 0.0770818 0.0202778 -0.0054552 -0.0292788 
0.0853463 -0.084778 -0.0476197 -0.0123819 -0.00548844 0.0922438 0 0.0285048 -0.0279794 0.0849719 -0.072238 0.06793 -0.0173806 0.0498524 0.0694574 -0.0181361 0.0199735 0.0185531 0.000251297 0.00989343 -0.0970285 
-0.0354538 0.0240381 -0.0603317 0.00525894 -0.0168511 -0.0209539 -0.0285048 0 -0.058509 -0.095714 0.0620375 -0.0201361 -0.00691837 -0.0233428 -0.0649344 -0.0782223 -0.0502358 -0.00762961 -0.0901037 -0.0175159 0.0227349 
-0.0745339 -0.0972338 0.0979341 0.035098 -0.0504844 -0.0466952 0.0279794 0.058509 0 0.09143 -0.0312007 -0.0959679 0.0829812 0.0939047 0.0819718 -0.0791726 0.0192287 0.0297461 0.0852192 0.0954148 0.0261146 
0.0791411 -0.0785753 0.014102 0.0580255 -0.0543272 -0.043439 -0.0849719 0.095714 -0.09143 0 -0.00493885 0.00439861 0.0301121 -0.0064899 -0.047815 -0.0754475 0.0645007 -0.0160974 0.0805407 -0.0638114 -0.0030849 
-0.0599316 -0.0831615 -0.0709623 -0.0909662 0.00987397 -0.078296 0.072238 -0.0620375 0.0312007 0.00493885 0 0.0207881 0.0951412 -0.00188812 -0.0149995 -0.0657779 -0.0528615 0.0898853 0.0558803 -0.0744344 0.0305148 
0.0218502 -0.0844694 0.0975632 -0.050255 -0.0503302 0.0566226 -0.06793 0.0201361 0.0959679 -0.00439861 -0.0207881 0 0.00361744 -0.0895748 -0.0313656 0.0195654 -0.000279692 0.0955566 -0.0323172 0.0145411 -0.0132047 
0.0331598 0.0647755 0.0579654 0.0573959 -0.00534406 0.0043172 0.0173806 0.00691837 -0.0829812 -0.0301121 -0.0951412 -0.00361744 0 0.0537372 0.00110793 -0.033198 0.0126564 -0.0261576 -0.0554952 0.0369605 -0.00683151 
0.00472116 0.0766078 -0.0378154 0.00625729 -0.0642996 -0.0160083 -0.0498524 0.0233428 -0.0939047 0.0064899 0.00188812 0.0895748 -0.0537372 0 -0.0539873 -0.0504087 0.0944417 0.0288106 -0.0650921 0.0444917 0.0279437 
0.030566 0.0129336 0.0111183 -0.0156021 -0.0987807 -0.0953638 -0.0694574 0.0649344 -0.0819718 0.047815 0.0149995 0.0313656 -0.00110793 0.0539873 0 -0.0173576 -0.0343568 -0.0814278 -0.0122144 0.0783655 -0.0842555 
0.0117288 -0.0607908 0.0733442 0.0170346 0.044623 0.0322307 0.0181361 0.0782223 0.0791726 0.0754475 0.0657779 -0.0195654 0.033198 0.0504087 0.0173576 0 0.0237509 0.00832967 0.0913622 0.0744751 -0.0151551 
-0.0267553 -0.0485035 -0.0446619 0.00812268 0.0436722 -0.0404216 -0.0199735 0.0502358 -0.0192287 -0.0645007 0.0528615 0.000279692 -0.0126564 -0.0944417 0.0343568 -0.0237509 0 -0.0427949 0.0452685 -0.072414 0.0950994 
-0.0576395 -0.0411875 0.0371478 0.0984947 0.0440867 -0.0770818 -0.0185531 0.00762961 -0.0297461 0.0160974 -0.0898853 -0.0955566 0.0261576 -0.0288106 0.0814278 -0.00832967 0.0427949 0 -0.00249908 -0.0796898 -0.000633354 
-0.0840156 -0.0532528 0.0462219 -0.0874014 0.0799024 -0.0202778 -0.000251297 0.0901037 -0.0852192 -0.0805407 -0.0558803 0.0323172 0.0554952 0.0650921 0.0122144 -0.0913622 -0.0452685 0.00249908 0 -0.0760851 -0.0544054 
0.079289 0.0748543 0.082611 0.0697539 -0.0809343 0.0054552 -0.00989343 0.0175159 -0.0954148 0.0638114 0.0744344 -0.0145411 -0.0369605 -0.0444917 -0.0783655 -0.0744751 0.072414 0.0796898 0.0760851 0 0.0361503 
0.0272032 -0.0817851 -0.0737403 -0.0838679 -0.0990683 0.0292788 0.0970285 -0.0227349 -0.0261146 0.0030849 -0.0305148 0.0132047 0.00683151 -0.0279437 0.0842555 0.0151551 -0.0950994 0.000633354 0.0544054 -0.0361503 0 
