20

16000 4500

30 55 80

3

0 62171 92452 57421 64530 83950 78750 85250 59471 84610 19010 29771 64550 84820 86411 71881 97251 59971 82010 82330 47461 
61561 0 133691 86720 10030 56020 51210 140491 77950 36770 69380 69180 55550 27970 29310 82730 111790 15360 62051 137571 85620 
93382 135421 0 72921 134161 175961 170161 181702 90862 166011 81961 64881 114584 150781 164921 100091 108741 138171 134325 178782 58072 
57471 87220 73471 0 85510 128870 123670 142331 20270 119260 46050 34080 53910 100910 116530 28720 44780 91770 72730 139411 22030 
64870 10380 132811 85600 0 66400 61440 144621 74480 47150 69530 68300 50010 24110 39690 79260 106250 24710 54771 141701 84740 
83870 56050 173551 128350 66080 0 6540 134180 121920 24890 101130 108920 105460 78030 42680 127300 157480 43350 118101 120390 125880 
78760 51460 168441 123240 61350 6610 0 129861 116810 22370 96020 103810 100350 73820 39550 122190 152200 37780 112920 117550 120770 
85300 140871 179452 142081 145120 134380 129751 0 144131 143031 100160 113751 149120 168280 157161 156981 182911 128371 167280 35540 131441 
58741 78120 90911 20240 74450 122370 117170 143601 0 110160 47320 40150 37940 89710 107430 12500 40020 83320 56620 140681 37420 
84630 36910 163701 118500 46940 24910 22410 143131 110210 0 96300 99100 89490 55090 18650 115080 144970 28410 98961 135890 116060 
18980 69530 80691 45660 69050 101570 96370 99890 47710 96980 0 18010 61460 85670 95580 60120 85490 69140 81010 98190 35700 
29621 70480 64241 32730 69240 109020 103820 113551 39310 100680 18200 0 56370 85750 99280 51720 75600 72840 75920 110631 20560 
65380 55420 115182 54560 49900 105120 99920 149660 38620 88860 61600 56080 0 59610 84730 37110 61860 64330 20680 146740 60121 
85100 27940 150131 100900 24080 77980 73620 169610 89540 55030 86110 84760 60200 0 40860 92890 118450 40480 54580 166690 101750 
85821 29300 162851 116020 39330 42800 39490 157131 107250 18660 95420 98220 84850 40850 0 112030 141090 28200 89560 150470 114920 
71311 83200 100751 28900 79160 127650 122450 156321 12670 115240 59890 52720 36550 92810 112510 0 31740 88400 54080 153401 48350 
97341 110290 108751 44810 105010 157650 152050 182711 40060 144110 85920 76900 60930 117210 139600 31290 0 117650 69700 179791 64980 
59451 15340 136111 91250 24500 43280 37670 128511 83290 28580 69050 71850 64630 40380 28290 88160 117890 0 76070 125651 88810 
82760 61451 133952 71890 54391 117471 112661 168200 55940 98221 80290 74770 19890 54870 89140 53330 70800 76100 0 165280 78891 
82270 137330 176422 138531 141570 120210 118760 35730 140581 135930 98170 110721 145570 164730 150390 153431 179361 125371 163730 0 128411 
48551 85590 57541 21790 84330 126160 120960 132481 36860 116900 37130 21900 59462 100840 114900 47940 64660 89060 79203 129561 0 

0 Ciudad_0 0 0 32400 0
1 Ciudad_1 763 6658 21258 1526
2 Ciudad_2 632 5756 18005 1264
3 Ciudad_3 585 13579 24816 1170
4 Ciudad_4 736 13135 17342 1472
5 Ciudad_5 376 9581 17030 752
6 Ciudad_6 700 10832 22187 1400
7 Ciudad_7 472 7832 21212 944
8 Ciudad_8 632 8573 15192 1264
9 Ciudad_9 189 13876 24827 378
10 Ciudad_10 200 15330 29403 400
11 Ciudad_11 749 18900 28242 1498
12 Ciudad_12 409 15950 20065 818
13 Ciudad_13 379 19419 23760 758
14 Ciudad_14 508 20368 22409 1016
15 Ciudad_15 649 6654 20148 1298
16 Ciudad_16 729 8644 16096 1458
17 Ciudad_17 442 6811 20453 884
18 Ciudad_18 359 14788 20472 718
19 Ciudad_19 780 4197 17803 1560
20 Ciudad_20 635 18353 28460 1270

0 -0.0650359 -0.0720706 -0.02398 -0.022202 0.0752283 -0.0916301 -0.0204454 -0.0888707 0.0532581 0.0172493 -0.0183717 0.0561846 -0.0935476 -0.0905593 -0.037948 0.0800833 0.0418402 0.098069 -0.0819595 0.0392969 
0.0650359 0 0.0554233 0.0967954 -0.0903854 0.0782705 -0.021141 0.0993371 0.0491314 -0.0158173 0.0123514 -0.0173664 -0.0252945 -0.0324208 -0.0188006 0.0306269 0.0500232 0.0858933 -0.0774561 0.0803885 -0.0545906 
0.0720706 -0.0554233 0 0.0149793 -0.0137887 -0.0341202 0.0931049 -0.011397 -0.0367995 -0.00438634 0.0254531 -0.0621133 -0.0427695 -0.00977022 0.0820495 -0.0292779 -0.0914574 -0.0350438 0.0425855 -0.0356216 0.0549805 
0.02398 -0.0967954 -0.0149793 0 -0.0401016 -0.0146907 -0.0189107 -0.093923 -0.00704055 -0.0243049 0.00617722 0.0411647 0.0102799 -0.0977441 0.0929577 -0.0820296 0.0101618 -0.0130336 0.0764069 -0.00791322 -0.0385863 
0.022202 0.0903854 0.0137887 0.0401016 0 -0.0442375 -0.0652672 0.03948 -0.0563664 -0.0365423 -0.0846474 -0.0235391 0.0753261 0.0453544 -0.0801948 0.0643216 0.0945207 0.0656229 0.0633254 0.0205729 -0.0622078 
-0.0752283 -0.0782705 0.0341202 0.0146907 0.0442375 0 0.0872361 -0.0962029 -0.020167 -0.00582728 0.0661063 -0.0481971 -0.0394207 -0.0728753 0.0213333 -0.0679343 0.072324 0.0768026 0.0661884 -0.0523428 0.00784297 
0.0916301 0.021141 -0.0931049 0.0189107 0.0652672 -0.0872361 0 0.049046 0.0935051 0.0785536 0.0379884 0.00620948 0.000594521 0.0264978 -0.0943559 -0.0686755 -0.095579 -0.0987445 -0.0444766 -0.0344256 -0.0616219 
0.0204454 -0.0993371 0.011397 0.093923 -0.03948 0.0962029 -0.049046 0 -0.0517481 -0.098392 0.0450787 -0.0798601 0.0262565 -0.0379451 -0.0393908 -0.0855108 0.0844219 -0.0457617 -0.0757074 0.0511229 0.0198002 
0.0888707 -0.0491314 0.0367995 0.00704055 0.0563664 0.020167 -0.0935051 0.0517481 0 0.0641449 0.0897117 -0.0175578 0.0900598 0.0985855 0.0881636 0.0635618 -0.00459438 -0.0978861 -0.0946323 -0.0813633 0.0493338 
-0.0532581 0.0158173 0.00438634 0.0243049 0.0365423 0.00582728 -0.0785536 0.098392 -0.0641449 0 -0.0324116 0.0193018 -0.0614001 0.0278277 -0.00451367 -0.0938994 -0.0698993 0.0780571 -0.0225063 -0.0975477 -0.00484617 
-0.0172493 -0.0123514 -0.0254531 -0.00617722 0.0846474 -0.0661063 -0.0379884 -0.0450787 -0.0897117 0.0324116 0 0.00509407 0.0410993 0.0423263 -0.0205662 0.0720676 -0.0791121 -0.0263545 0.0456873 0.00768738 0.0012398 
0.0183717 0.0173664 0.0621133 -0.0411647 0.0235391 0.0481971 -0.00620948 0.0798601 0.0175578 -0.0193018 -0.00509407 0 0.0214123 0.0230494 0.0531397 0.00133477 0.0170454 -0.00397222 -0.0426381 -0.0656103 0.0967995 
-0.0561846 0.0252945 0.0427695 -0.0102799 -0.0753261 0.0394207 -0.000594521 -0.0262565 -0.0900598 0.0614001 -0.0410993 -0.0214123 0 0.0440441 0.0854252 0.0602962 -0.062339 -0.0892618 -0.065086 -0.0356747 -0.0278972 
0.0935476 0.0324208 0.00977022 0.0977441 -0.0453544 0.0728753 -0.0264978 0.0379451 -0.0985855 -0.0278277 -0.0423263 -0.0230494 -0.0440441 0 -0.0752214 0.0593106 -0.0377454 -0.0131084 -0.00771284 0.0248168 -0.086117 
0.0905593 0.0188006 -0.0820495 -0.0929577 0.0801948 -0.0213333 0.0943559 0.0393908 -0.0881636 0.00451367 0.0205662 -0.0531397 -0.0854252 0.0752214 0 -0.035897 -0.0800583 0.0214059 -0.0609544 0.0379371 0.0532436 
0.037948 -0.0306269 0.0292779 0.0820296 -0.0643216 0.0679343 0.0686755 0.0855108 -0.0635618 0.0938994 -0.0720676 -0.00133477 -0.0602962 -0.0593106 0.035897 0 -0.0829819 -0.0860522 0.00175079 -0.0232689 0.0494379 
-0.0800833 -0.0500232 0.0914574 -0.0101618 -0.0945207 -0.072324 0.095579 -0.0844219 0.00459438 0.0698993 0.0791121 -0.0170454 0.062339 0.0377454 0.0800583 0.0829819 0 -0.0697903 0.0688923 0.0289924 0.0459289 
-0.0418402 -0.0858933 0.0350438 0.0130336 -0.0656229 -0.0768026 0.0987445 0.0457617 0.0978861 -0.0780571 0.0263545 0.00397222 0.0892618 0.0131084 -0.0214059 0.0860522 0.0697903 0 0.0853564 -0.0175005 0.0486268 
-0.098069 0.0774561 -0.0425855 -0.0764069 -0.0633254 -0.0661884 0.0444766 0.0757074 0.0946323 0.0225063 -0.0456873 0.0426381 0.065086 0.00771284 0.0609544 -0.00175079 -0.0688923 -0.0853564 0 0.0715558 -0.0727133 
0.0819595 -0.0803885 0.0356216 0.00791322 -0.0205729 0.0523428 0.0344256 -0.0511229 0.0813633 0.0975477 -0.00768738 0.0656103 0.0356747 -0.0248168 -0.0379371 0.0232689 -0.0289924 0.0175005 -0.0715558 0 0.041594 
-0.0392969 0.0545906 -0.0549805 0.0385863 0.0622078 -0.00784297 0.0616219 -0.0198002 -0.0493338 0.00484617 -0.0012398 -0.0967995 0.0278972 0.086117 -0.0532436 -0.0494379 -0.0459289 -0.0486268 0.0727133 -0.041594 0 
