20

16000 4500

30 55 80

3

0 27750 72720 22790 95570 88800 44600 51610 98920 24520 70780 31310 37340 90220 29770 64160 45840 44390 71750 30830 38750 
27750 0 52190 45540 113980 103060 63890 29440 78340 38070 51350 51420 16490 94070 41390 43630 54460 23860 94430 49660 60300 
72560 51980 0 90500 139431 109560 97470 33620 38360 66620 14590 85470 51710 65120 62600 12340 61950 28880 141970 84040 98310 
22840 45820 91030 0 96450 100130 47720 67600 117230 41960 88850 35000 47260 108660 48150 82230 64280 62460 51640 34520 39500 
95390 114470 139491 96550 0 67150 51680 133611 181791 78861 130081 65090 127880 119070 82401 140211 93931 122621 109550 69590 59860 
88660 103160 109470 99830 67120 0 60681 116760 139610 65680 97730 67951 115620 60100 63130 115920 70090 105210 133421 71630 71521 
44630 63290 97220 47600 51850 61471 0 82221 128411 32660 88540 13700 76490 90230 37090 91911 52400 72061 76310 18200 13880 
51220 29420 34700 68310 131951 116710 81861 0 52790 55521 38400 69861 22450 88520 54580 22530 61070 15100 116530 68431 81460 
98761 77981 37981 116701 181922 139880 128052 52350 0 98961 49320 116052 74460 89971 96851 37011 97561 56661 411462 114622 128571 
24450 38290 66750 41920 77931 65750 32670 55960 99720 0 59040 20820 50750 68690 8110 62980 24310 44410 88530 20270 34430 
70660 51510 14620 88450 129891 97860 88580 37420 49230 58730 0 76760 53430 55950 53060 21180 52410 29240 139210 76150 90340 
31250 51240 86010 34710 65570 68631 14000 71091 117281 21190 77070 0 64590 81320 25620 80781 40930 60931 71280 4750 14540 
37280 16490 51450 47810 127180 115710 77090 22730 74580 50720 52880 64770 0 101660 53810 42890 63420 24780 95980 63010 73650 
90450 94210 65300 108630 118740 59120 90440 87310 90141 68730 55620 81000 101620 0 61250 73870 53040 77430 151050 81870 94310 
30140 41360 62440 48160 81241 63130 36910 54790 97510 8190 53030 25090 53800 61270 0 60520 16890 43240 95080 25960 38670 
64090 43510 12420 81880 140061 116190 91801 21550 37140 62540 21230 79801 43150 74240 60430 0 62580 20410 133350 78371 92220 
46090 54560 61790 64270 93721 70160 52410 61520 97690 24370 52380 40590 63430 53030 16890 62510 0 48870 110580 41460 54170 
44700 24120 28740 62490 121301 105090 72081 14760 56540 43960 28730 60081 25390 77800 42960 20180 48750 0 111560 58651 72030 
71460 94510 142490 51640 109680 133571 76390 116860 187561 88130 139600 71440 95680 152390 95010 133690 110400 112120 0 70960 64360 
30900 49550 84060 34360 69680 71630 18110 69061 115251 20520 76350 4750 62900 81650 25950 78751 41260 58901 70930 0 16410 
38870 60200 98550 39610 60070 71371 13870 81770 129060 34360 90240 14310 73550 94350 38790 92250 54100 71990 64350 16640 0 

0 Ciudad_0 0 0 32400 0
1 Ciudad_1 655 11228 25828 1310
2 Ciudad_2 216 11932 24181 432
3 Ciudad_3 488 17060 28297 976
4 Ciudad_4 283 11421 15628 566
5 Ciudad_5 710 17959 25408 1420
6 Ciudad_6 448 11584 22939 896
7 Ciudad_7 580 10622 24002 1160
8 Ciudad_8 636 8970 15589 1272
9 Ciudad_9 688 3725 14676 1376
10 Ciudad_10 581 7286 21359 1162
11 Ciudad_11 562 11812 21154 1124
12 Ciudad_12 801 6958 11073 1602
13 Ciudad_13 809 13221 17562 1618
14 Ciudad_14 292 22266 24307 584
15 Ciudad_15 670 11105 24599 1340
16 Ciudad_16 457 12521 19973 914
17 Ciudad_17 252 3839 17481 504
18 Ciudad_18 603 13889 19573 1206
19 Ciudad_19 522 1327 14933 1044
20 Ciudad_20 365 17377 27484 730

0 -0.0423372 0.0106456 -0.0976572 -0.0871932 -0.0955602 -0.0513793 0.0220745 0.0615117 0.0392281 -0.027346 0.0993903 0.059997 -0.0435527 0.0938834 0.0131449 0.00421937 0.021527 -0.0562194 0.0644668 0.0393427 
0.0423372 0 -0.0675738 -0.0351577 -0.0696136 0.0166944 0.00527201 0.016909 -0.0890445 -0.0945784 0.014788 -0.0713549 0.0457679 0.0179375 -0.0434944 -0.0886822 -0.0536302 0.0047476 0.0848744 -0.0861704 0.0945622 
-0.0106456 0.0675738 0 -0.0320018 0.0308973 -0.0199948 0.0381702 -0.0219531 -0.0408135 0.06748 -0.0272619 0.0915117 0.0482992 -0.081993 -0.0595198 0.0766721 0.0562233 0.0978907 -0.0614433 -0.0163827 0.0232517 
0.0976572 0.0351577 0.0320018 0 0.0517123 -0.0931889 0.0523135 -0.0942967 0.030299 -0.0840356 -0.0313329 -0.0693642 -0.0978701 0.0483518 0.00853494 0.0495854 0.088024 0.0653961 -0.0107109 0.0886518 -0.0469368 
0.0871932 0.0696136 -0.0308973 -0.0517123 0 -0.0764006 0.0360176 -0.0195823 -0.0460689 -0.022404 0.0187409 -0.040319 -0.0234802 -0.0671389 -0.0776948 -0.0525118 -0.0774878 -0.0749836 -0.0328516 0.0599402 -0.0441159 
0.0955602 -0.0166944 0.0199948 0.0931889 0.0764006 0 0.00775928 -0.0714733 0.0551516 0.0259814 -0.0778496 -0.00868392 0.0809859 0.0221919 -0.00916371 0.000743134 0.0086996 0.0442181 -0.0797887 -0.00797285 0.0581065 
0.0513793 -0.00527201 -0.0381702 -0.0523135 -0.0360176 -0.00775928 0 0.0765537 -0.0523374 -0.020977 -0.000395788 -0.00257394 0.0728857 -0.042052 0.0787927 -0.0303284 0.0974276 -0.0409194 -0.0527213 0.016084 -0.00101371 
-0.0220745 -0.016909 0.0219531 0.0942967 0.0195823 0.0714733 -0.0765537 0 -0.000281323 0.0786279 -0.0858036 -0.0256753 -0.0944934 0.0956905 -0.0593868 0.0025776 0.0514043 0.0506235 0.0870501 0.0456817 0.0810125 
-0.0615117 0.0890445 0.0408135 -0.030299 0.0460689 -0.0551516 0.0523374 0.000281323 0 -0.0363121 0.0710311 -0.0285467 0.0420078 0.0942719 -0.0366956 0.096633 -0.00764024 -0.0422835 -0.0993267 -0.09801 -0.0222802 
-0.0392281 0.0945784 -0.06748 0.0840356 0.022404 -0.0259814 0.020977 -0.0786279 0.0363121 0 0.0778987 0.074575 -0.00826903 0.016585 -0.0478971 0.0116418 0.055443 -0.0403965 -0.0834062 -0.0657523 0.0822718 
0.027346 -0.014788 0.0272619 0.0313329 -0.0187409 0.0778496 0.000395788 0.0858036 -0.0710311 -0.0778987 0 0.0876247 0.0218722 -0.0195764 -0.0511895 0.0438248 -0.0818829 0.0135843 -0.0588248 -0.0650806 -0.0323916 
-0.0993903 0.0713549 -0.0915117 0.0693642 0.040319 0.00868392 0.00257394 0.0256753 0.0285467 -0.074575 -0.0876247 0 -0.00440396 -0.0981325 -0.0666151 -0.0142826 -0.0362785 -0.0243905 -0.0701931 0.0206052 -0.0391408 
-0.059997 -0.0457679 -0.0482992 0.0978701 0.0234802 -0.0809859 -0.0728857 0.0944934 -0.0420078 0.00826903 -0.0218722 0.00440396 0 0.0815198 0.044111 0.0256934 0.092348 -0.0137051 0.0099248 0.0400275 0.0931864 
0.0435527 -0.0179375 0.081993 -0.0483518 0.0671389 -0.0221919 0.042052 -0.0956905 -0.0942719 -0.016585 0.0195764 0.0981325 -0.0815198 0 -0.000942787 -0.0457957 0.0571785 -0.0553439 -0.0223195 0.0871439 -0.0274047 
-0.0938834 0.0434944 0.0595198 -0.00853494 0.0776948 0.00916371 -0.0787927 0.0593868 0.0366956 0.0478971 0.0511895 0.0666151 -0.044111 0.000942787 0 0.0772601 0.0238738 -0.059851 0.025178 0.0918792 0.0020973 
-0.0131449 0.0886822 -0.0766721 -0.0495854 0.0525118 -0.000743134 0.0303284 -0.0025776 -0.096633 -0.0116418 -0.0438248 0.0142826 -0.0256934 0.0457957 -0.0772601 0 -0.0470188 -0.0871131 0.0975413 -0.0994063 -0.0180945 
-0.00421937 0.0536302 -0.0562233 -0.088024 0.0774878 -0.0086996 -0.0974276 -0.0514043 0.00764024 -0.055443 0.0818829 0.0362785 -0.092348 -0.0571785 -0.0238738 0.0470188 0 -0.0536689 -0.00935111 -0.0788148 -0.0778671 
-0.021527 -0.0047476 -0.0978907 -0.0653961 0.0749836 -0.0442181 0.0409194 -0.0506235 0.0422835 0.0403965 -0.0135843 0.0243905 0.0137051 0.0553439 0.059851 0.0871131 0.0536689 0 0.0726353 0.0608156 0.0292623 
0.0562194 -0.0848744 0.0614433 0.0107109 0.0328516 0.0797887 0.0527213 -0.0870501 0.0993267 0.0834062 0.0588248 0.0701931 -0.0099248 0.0223195 -0.025178 -0.0975413 0.00935111 -0.0726353 0 0.0720127 -0.0410343 
-0.0644668 0.0861704 0.0163827 -0.0886518 -0.0599402 0.00797285 -0.016084 -0.0456817 0.09801 0.0657523 0.0650806 -0.0206052 -0.0400275 -0.0871439 -0.0918792 0.0994063 0.0788148 -0.0608156 -0.0720127 0 0.024517 
-0.0393427 -0.0945622 -0.0232517 0.0469368 0.0441159 -0.0581065 0.00101371 -0.0810125 0.0222802 -0.0822718 0.0323916 0.0391408 -0.0931864 0.0274047 -0.0020973 0.0180945 0.0778671 -0.0292623 0.0410343 -0.024517 0 
