20

16000 4500

30 55 80

2

0 70240 94190 92310 93560 92520 82860 96480 56490 96010 77580 39310 49370 51070 58530 86350 32220 49680 40750 59960 92860 
70020 0 27870 78820 28110 52630 93710 66410 70440 56460 13140 101500 29130 32270 63260 118950 67190 105420 74350 66710 131260 
94410 27860 0 96431 11250 60361 100200 78321 79160 42750 23380 118220 44830 59330 70890 146290 83910 132480 101410 93770 158600 
92450 79250 96602 0 87770 40620 156350 24490 130450 133920 77740 126910 96780 54720 125570 73660 114790 84790 59740 37020 88150 
93360 28100 11720 87770 0 52290 105810 70250 84770 51161 16180 121890 48500 53680 76500 140640 87580 126830 95760 86020 152950 
92070 52520 60282 41170 52191 0 139850 21190 113950 99540 44620 129840 79350 44340 109070 107500 110590 105450 74380 52910 121990 
82610 94250 98950 156700 104570 140430 0 148930 27630 72850 104440 85060 66350 101460 32410 161610 50890 123550 120840 133750 168120 
95750 66460 78732 25230 70010 21140 151430 0 125530 116160 59980 133250 89750 50360 120650 93031 118090 101380 74210 50780 107521 
56440 70800 79410 130970 85030 114700 26590 123200 0 65800 82320 58890 42020 75730 10120 135440 24720 97380 94670 107850 141950 
96040 56220 42610 136602 51071 99130 73390 118072 67770 0 54920 119850 50310 86520 59500 166780 85410 143450 122020 123130 183800 
77400 13150 23400 77410 16200 44430 104920 60130 82260 55140 0 113730 40340 37720 74470 124400 79420 110870 79800 72120 136710 
38920 101480 118320 127260 121960 130270 84640 133240 58070 120140 113720 0 73500 88820 62600 97240 35710 60570 70950 90760 103750 
49580 29100 44820 96080 48460 79170 66480 89400 41920 50100 40300 73390 0 41930 35480 117290 39080 96460 72530 77960 129600 
50940 32680 59710 54370 54030 44530 101240 50340 75390 86770 38050 88710 42280 0 70510 87160 69460 73630 42560 36250 99470 
58530 64440 70780 125930 76400 109660 32520 118160 10760 59440 74990 62300 35500 70690 0 138190 27470 100130 91300 102810 144700 
85600 119220 146530 73250 140850 107010 161890 92651 135520 166680 124590 97300 117920 87600 138140 0 111250 36890 48470 58320 15820 
32270 67010 83850 114690 87490 110840 51110 118860 24740 85260 79250 35380 39030 69540 27360 111270 0 73210 72170 87480 117780 
48960 105360 132390 85050 126710 105120 123890 101250 97520 143190 110730 60660 96550 73740 100140 36930 73250 0 31480 53330 43440 
40730 74270 101300 60110 95620 74030 121030 74270 94660 121760 79640 70900 73000 42650 91410 48560 71830 31460 0 23610 60420 
59970 66600 93630 37390 86050 52840 133710 50790 107630 123250 71970 90740 78270 36210 102750 58070 87260 53350 23570 0 72560 
92160 131560 158870 87780 153190 121540 168450 107181 142080 181990 136930 103860 130260 99940 144700 15850 117810 43450 60690 72850 0 

0 Ciudad_0 0 0 32400 0
1 Ciudad_1 144 8184 22784 288
2 Ciudad_2 796 5838 18087 1592
3 Ciudad_3 276 11734 22971 552
4 Ciudad_4 346 9283 13490 692
5 Ciudad_5 232 3861 11310 464
6 Ciudad_6 662 16038 27393 1324
7 Ciudad_7 377 4203 17583 754
8 Ciudad_8 139 14461 21080 278
9 Ciudad_9 228 6489 17440 456
10 Ciudad_10 295 9193 23266 590
11 Ciudad_11 416 2542 11884 832
12 Ciudad_12 725 3847 7962 1450
13 Ciudad_13 250 18759 23100 500
14 Ciudad_14 155 10245 12286 310
15 Ciudad_15 506 8761 22255 1012
16 Ciudad_16 641 17770 25222 1282
17 Ciudad_17 390 13025 26667 780
18 Ciudad_18 467 22263 27947 934
19 Ciudad_19 468 9178 22784 936
20 Ciudad_20 604 4647 14754 1208

0 0.0133901 0.0605974 0.0343711 -0.0822769 0.00545865 -0.0105279 -0.066016 -0.0514534 -0.0630053 -0.0332153 -0.0924979 -0.0559827 -0.0919703 0.0971755 0.0677717 -0.00122195 -0.0265023 -0.0803977 -0.0347005 -0.0679698 
-0.0133901 0 0.0845237 -0.0846459 -0.0798637 0.0899727 0.0592007 -0.0475052 0.0661177 -0.0991002 0.0812292 0.0376171 -0.0739072 0.0950878 -0.00197346 -0.0755067 0.0386615 -0.0912795 0.0681087 0.06422 0.0873777 
-0.0605974 -0.0845237 0 -0.0959923 0.0141558 -0.0491587 -0.0848731 0.0222992 -0.082686 -0.0373243 0.0127728 -0.0112229 -0.0172207 0.0885825 0.0549152 -0.0069659 -0.0380307 0.0310539 0.0907471 0.0481434 -0.0303356 
-0.0343711 0.0846459 0.0959923 0 0.0569562 0.0755628 0.0474738 -0.0624614 0.0955315 -0.0403461 0.0401687 0.0753125 -0.00538044 -0.0138652 0.0616764 0.0604275 -0.00784457 -0.0539715 -0.010718 -0.0971661 0.0809503 
0.0822769 0.0798637 -0.0141558 -0.0569562 0 0.0822819 0.0310309 0.0575213 0.0220447 -0.0645363 0.0514814 -0.0429423 0.0284499 -0.0420443 -0.0110417 0.0489793 -0.0759408 0.00348822 -0.0813311 0.0662153 0.0151265 
-0.00545865 -0.0899727 0.0491587 -0.0755628 -0.0822819 0 0.0502272 -0.00403518 -0.0836038 -0.0853142 0.0717382 -0.00304483 0.0494674 0.0219031 -0.0436731 0.0126773 -0.0407724 -0.070883 -0.0745162 -0.0987274 -0.00494453 
0.0105279 -0.0592007 0.0848731 -0.0474738 -0.0310309 -0.0502272 0 -0.0821976 -0.018205 0.0781918 0.0194434 -0.056976 0.0291777 -0.0974598 0.00321022 -0.00237218 0.036579 -0.0978936 0.0579197 -0.0616062 0.00519842 
0.066016 0.0475052 -0.0222992 0.0624614 -0.0575213 0.00403518 0.0821976 0 0.0283541 -0.0398451 0.0424646 0.0102698 0.017617 0.0148361 0.0461781 -0.0787488 0.0568647 0.0883035 0.0761178 -0.0628836 -0.0562049 
0.0514534 -0.0661177 0.082686 -0.0955315 -0.0220447 0.0836038 0.018205 -0.0283541 0 -0.0156803 0.067629 -0.0945674 0.0854742 -0.0428514 0.088717 0.0994544 -0.0274662 -0.0305221 0.0948888 -0.0689743 -0.00749197 
0.0630053 0.0991002 0.0373243 0.0403461 0.0645363 0.0853142 -0.0781918 0.0398451 0.0156803 0 0.0792735 -0.0679023 -0.0071462 -0.037787 0.00268716 0.0505 0.0252845 0.0870816 0.0769719 0.0246409 -0.00777209 
0.0332153 -0.0812292 -0.0127728 -0.0401687 -0.0514814 -0.0717382 -0.0194434 -0.0424646 -0.067629 -0.0792735 0 -0.0792741 -0.0441631 0.050322 0.0760485 -0.0643144 0.0214362 -0.0154592 -0.0755854 -0.0989348 0.0327247 
0.0924979 -0.0376171 0.0112229 -0.0753125 0.0429423 0.00304483 0.056976 -0.0102698 0.0945674 0.0679023 0.0792741 0 -0.01722 0.0997543 0.083774 0.0629779 0.0814508 -0.0429267 0.0125 -0.0991173 -0.0754829 
0.0559827 0.0739072 0.0172207 0.00538044 -0.0284499 -0.0494674 -0.0291777 -0.017617 -0.0854742 0.0071462 0.0441631 0.01722 0 -0.0498746 -0.0622496 -0.0813189 0.0396241 -0.00297711 0.0338628 0.0215091 0.00216755 
0.0919703 -0.0950878 -0.0885825 0.0138652 0.0420443 -0.0219031 0.0974598 -0.0148361 0.0428514 0.037787 -0.050322 -0.0997543 0.0498746 0 0.0296428 0.0110774 -0.0930706 -0.0725152 -0.00477667 0.0798431 -0.0120515 
-0.0971755 0.00197346 -0.0549152 -0.0616764 0.0110417 0.0436731 -0.00321022 -0.0461781 -0.088717 -0.00268716 -0.0760485 -0.083774 0.0622496 -0.0296428 0 0.0388464 0.0978763 -0.00626023 -0.0238644 -0.0712343 0.065318 
-0.0677717 0.0755067 0.0069659 -0.0604275 -0.0489793 -0.0126773 0.00237218 0.0787488 -0.0994544 -0.0505 0.0643144 -0.0629779 0.0813189 -0.0110774 -0.0388464 0 -0.0674772 0.00714473 0.0367103 0.014232 0.0910348 
0.00122195 -0.0386615 0.0380307 0.00784457 0.0759408 0.0407724 -0.036579 -0.0568647 0.0274662 -0.0252845 -0.0214362 -0.0814508 -0.0396241 0.0930706 -0.0978763 0.0674772 0 -0.028705 -0.0836032 -0.0858426 -0.0420573 
0.0265023 0.0912795 -0.0310539 0.0539715 -0.00348822 0.070883 0.0978936 -0.0883035 0.0305221 -0.0870816 0.0154592 0.0429267 0.00297711 0.0725152 0.00626023 -0.00714473 0.028705 0 -0.0702901 0.0650834 0.0239392 
0.0803977 -0.0681087 -0.0907471 0.010718 0.0813311 0.0745162 -0.0579197 -0.0761178 -0.0948888 -0.0769719 0.0755854 -0.0125 -0.0338628 0.00477667 0.0238644 -0.0367103 0.0836032 0.0702901 0 0.0234437 -0.0775062 
0.0347005 -0.06422 -0.0481434 0.0971661 -0.0662153 0.0987274 0.0616062 0.0628836 0.0689743 -0.0246409 0.0989348 0.0991173 -0.0215091 -0.0798431 0.0712343 -0.014232 0.0858426 -0.0650834 -0.0234437 0 0.0977468 
0.0679698 -0.0873777 0.0303356 -0.0809503 -0.0151265 0.00494453 -0.00519842 0.0562049 0.00749197 0.00777209 -0.0327247 0.0754829 -0.00216755 0.0120515 -0.065318 -0.0910348 0.0420573 -0.0239392 0.0775062 -0.0977468 0 
