20

16000 4500

30 55 80

3

0 7040 49980 23890 90450 62491 57890 41560 59020 73400 64050 74223 76080 70500 88790 96660 41360 64730 65911 26210 38640 
6950 0 55470 30370 95940 67981 62140 46790 64510 76550 67200 79713 81570 76170 94280 102150 47840 67880 71401 32690 44310 
49960 55750 0 36170 84921 67331 66460 76170 56461 83330 77640 38760 70551 68580 86231 94101 18270 73840 63851 32720 30550 
23900 30610 36100 0 96160 68201 50130 41070 64730 67000 61310 66931 81790 52250 94500 102370 19890 57510 71621 4460 16950 
90180 95970 85110 96270 0 58290 145241 128911 43110 159791 150441 47770 19220 151570 41190 54850 98200 151121 49790 95930 111270 
61421 67211 66350 67511 57740 0 114422 98092 21140 128972 119622 67930 43370 116671 48110 50250 73621 120302 16120 67171 82681 
57770 61760 65820 50300 142781 114822 0 16500 111351 18950 13260 103390 128411 16800 141121 148991 51760 9460 118242 52860 36620 
41670 46940 75480 40870 126811 98852 16740 0 95381 34080 24820 106361 112441 32820 125151 133021 59750 24960 102272 44870 48900 
58940 64730 56830 65030 42910 21190 111941 95611 0 126491 117141 58410 28770 120150 33970 40240 69920 117821 10140 64690 80200 
73790 77130 82640 67120 158151 130192 19280 34080 126721 0 10090 120260 143781 24210 156491 164361 68580 11750 133612 69680 53440 
64530 67870 76760 61240 148891 120932 13400 24820 117461 10130 0 114330 134521 21210 147231 155101 62700 8750 124352 63800 47560 
73842 79632 38220 66860 47750 69510 103720 106580 58080 120590 114900 0 49170 105840 84200 95720 55290 111100 65470 66040 67570 
75650 81440 70580 81740 19090 43760 130711 114381 28810 145261 135911 48950 0 135010 39770 52350 83670 136591 36020 81400 95950 
70440 76550 68070 52550 151370 117661 17510 33020 120210 23990 21120 105640 134771 0 150470 158340 54010 13490 124521 55110 38870 
88570 94360 86460 94660 41530 47850 143631 127301 33950 158181 148831 84380 39940 150240 0 14400 99550 149511 32280 94320 109830 
96470 102260 94360 102560 54800 50130 151531 135201 40480 166081 156731 95940 52630 158140 13760 0 107450 157411 34560 102220 117730 
41200 47910 17950 19960 97940 74271 52100 59900 69480 68970 63280 55370 83570 54220 99250 107120 0 59480 76870 16340 16190 
64400 67740 72850 57330 148761 120802 9490 24730 117331 12010 8830 110420 134391 13580 147101 154971 58790 0 124222 59890 43650 
65251 71041 63860 71341 49930 16070 118252 101922 10010 132802 123452 65440 36330 125051 32290 34430 76950 124132 0 71001 86511 
26010 32720 32340 4450 95940 67981 52940 45060 64510 69810 64120 66161 81570 55060 94280 102150 16220 60320 71401 0 16620 
38330 44440 30190 16940 111111 83671 36720 48800 80200 53590 47900 67610 95810 38840 109970 117840 16130 44100 87091 16620 0 

0 Ciudad_0 0 0 32400 0
1 Ciudad_1 361 9599 24199 722
2 Ciudad_2 467 16037 28286 934
3 Ciudad_3 646 13283 24520 1292
4 Ciudad_4 440 23232 27439 880
5 Ciudad_5 760 18562 26011 1520
6 Ciudad_6 192 6827 18182 384
7 Ciudad_7 688 9108 22488 1376
8 Ciudad_8 111 12381 19000 222
9 Ciudad_9 520 4169 15120 1040
10 Ciudad_10 797 14038 28111 1594
11 Ciudad_11 603 17600 26942 1206
12 Ciudad_12 766 10766 14881 1532
13 Ciudad_13 436 23088 27429 872
14 Ciudad_14 634 9515 11556 1268
15 Ciudad_15 320 7495 20989 640
16 Ciudad_16 305 7117 14569 610
17 Ciudad_17 792 12339 25981 1584
18 Ciudad_18 248 18315 23999 496
19 Ciudad_19 491 4080 17686 982
20 Ciudad_20 462 17420 27527 924

0 -0.0691003 -0.0923533 -0.0013905 0.0318209 0.0235142 -0.0600128 -0.0132561 -0.0820553 0.0901317 -0.0850282 -0.0254813 0.0983712 -0.0177731 0.00747224 -0.0388537 0.00158864 -0.0809266 -0.0853075 0.0340525 -0.02093 
0.0691003 0 -0.0635287 -0.036287 -0.0941403 0.0715437 -0.0517934 0.046693 0.0560777 0.0965248 0.0432524 -0.0127308 -0.0194406 0.0902124 -0.00933734 0.0540377 0.0706289 -0.0671194 0.0818789 -0.0996278 -0.0167384 
0.0923533 0.0635287 0 -0.074235 0.0415452 -0.0745401 -0.0992134 0.0105094 0.0835518 -0.026064 0.0629342 -0.0259414 -0.0564722 0.00300651 -0.0995876 -0.0310218 0.0485995 -0.0203401 -0.0497274 0.0156347 0.0746463 
0.0013905 0.036287 0.074235 0 0.0171603 0.0375276 0.0808479 0.0754614 -0.0648031 0.0634543 -0.056348 0.00760494 0.0111415 0.0420764 0.0722729 -0.0531055 0.0435712 -0.00402103 0.0692525 0.019606 -0.0493778 
-0.0318209 0.0941403 -0.0415452 -0.0171603 0 -0.085382 -0.0179213 0.0868768 -0.0462141 -0.00509277 -0.0529951 -0.00104037 -0.0853859 0.0532268 0.0750375 0.0287808 0.0685867 0.0701812 -0.0301559 -0.0233725 -0.0881949 
-0.0235142 -0.0715437 0.0745401 -0.0375276 0.085382 0 -0.00663423 -0.0648995 -0.00846859 0.0455497 -0.00063833 -0.0838786 0.00745066 -0.0229044 -0.0919875 0.0118222 -0.000643561 0.0145391 -0.0720273 -0.0293068 -0.0851753 
0.0600128 0.0517934 0.0992134 -0.0808479 0.0179213 0.00663423 0 0.0941995 -0.0686151 -0.0920122 -0.0339798 0.0546186 -0.0678371 -0.0422814 0.0622331 -0.0878612 0.00196481 0.0646767 -0.0340066 -0.00989522 -0.0478606 
0.0132561 -0.046693 -0.0105094 -0.0754614 -0.0868768 0.0648995 -0.0941995 0 -0.0832027 -0.0519208 -0.0487438 -0.053866 0.0994424 -0.0327916 0.0956261 -0.0769672 0.0183111 -0.0262066 0.0259277 0.0768995 -0.0728156 
0.0820553 -0.0560777 -0.0835518 0.0648031 0.0462141 0.00846859 0.0686151 0.0832027 0 -0.0516853 0.0989773 0.0117597 0.00918507 0.0282165 -0.0383226 0.0998608 -0.0445026 -0.0301887 -0.0800223 0.0643501 -0.0786861 
-0.0901317 -0.0965248 0.026064 -0.0634543 0.00509277 -0.0455497 0.0920122 0.0519208 0.0516853 0 -0.0675355 0.0859575 -0.0859034 0.00293498 0.0348199 -0.0617423 0.0144465 0.0066043 -0.0191013 0.0121975 0.08555 
0.0850282 -0.0432524 -0.0629342 0.056348 0.0529951 0.00063833 0.0339798 0.0487438 -0.0989773 0.0675355 0 -0.0434767 -0.055393 -0.0638198 0.0249733 0.0178128 -0.0669792 -0.0375579 -0.0829487 -0.0459635 0.0731402 
0.0254813 0.0127308 0.0259414 -0.00760494 0.00104037 0.0838786 -0.0546186 0.053866 -0.0117597 -0.0859575 0.0434767 0 0.0876365 0.0245389 0.0811307 -0.0267434 0.0119851 -0.0144468 -0.053272 0.00183957 -0.0325077 
-0.0983712 0.0194406 0.0564722 -0.0111415 0.0853859 -0.00745066 0.0678371 -0.0994424 -0.00918507 0.0859034 0.055393 -0.0876365 0 0.0109806 -0.0703851 0.054405 0.0340371 -0.0465937 0.062449 -0.0785452 -0.000759126 
0.0177731 -0.0902124 -0.00300651 -0.0420764 -0.0532268 0.0229044 0.0422814 0.0327916 -0.0282165 -0.00293498 0.0638198 -0.0245389 -0.0109806 0 0.0887457 8.25244e-05 -0.045349 0.0482616 0.0688069 -0.00658254 0.0152166 
-0.00747224 0.00933734 0.0995876 -0.0722729 -0.0750375 0.0919875 -0.0622331 -0.0956261 0.0383226 -0.0348199 -0.0249733 -0.0811307 0.0703851 -0.0887457 0 0.0584408 0.0414302 0.0956414 -0.0142961 -0.073938 -0.0474258 
0.0388537 -0.0540377 0.0310218 0.0531055 -0.0287808 -0.0118222 0.0878612 0.0769672 -0.0998608 0.0617423 -0.0178128 0.0267434 -0.054405 -8.25244e-05 -0.0584408 0 -0.0261511 -0.0324865 0.0324854 0.090625 0.0614568 
-0.00158864 -0.0706289 -0.0485995 -0.0435712 -0.0685867 0.000643561 -0.00196481 -0.0183111 0.0445026 -0.0144465 0.0669792 -0.0119851 -0.0340371 0.045349 -0.0414302 0.0261511 0 -0.0807345 -0.0131194 -0.0133533 0.0406271 
0.0809266 0.0671194 0.0203401 0.00402103 -0.0701812 -0.0145391 -0.0646767 0.0262066 0.0301887 -0.0066043 0.0375579 0.0144468 0.0465937 -0.0482616 -0.0956414 0.0324865 0.0807345 0 -0.081238 -0.0230764 0.098909 
0.0853075 -0.0818789 0.0497274 -0.0692525 0.0301559 0.0720273 0.0340066 -0.0259277 0.0800223 0.0191013 0.0829487 0.053272 -0.062449 -0.0688069 0.0142961 -0.0324854 0.0131194 0.081238 0 0.0273974 -0.0162728 
-0.0340525 0.0996278 -0.0156347 -0.019606 0.0233725 0.0293068 0.00989522 -0.0768995 -0.0643501 -0.0121975 0.0459635 -0.00183957 0.0785452 0.00658254 0.073938 -0.090625 0.0133533 0.0230764 -0.0273974 0 -0.0454401 
0.02093 0.0167384 -0.0746463 0.0493778 0.0881949 0.0851753 0.0478606 0.0728156 0.0786861 -0.08555 -0.0731402 0.0325077 0.000759126 -0.0152166 0.0474258 -0.0614568 -0.0406271 -0.098909 0.0162728 0.0454401 0 
