20

16000 4500

30 55 80

3

0 83960 54730 37250 99620 92120 88451 26160 65260 34130 82861 52980 19920 62170 60750 46990 76190 75810 42570 74880 68210 
83970 0 116670 68050 38050 105950 81340 76880 71570 55610 84080 129420 74080 129721 64330 75740 43980 34040 68181 44570 89080 
54590 116630 0 51070 139291 69760 84450 79220 118320 65060 76150 95570 44880 105600 113810 48090 118760 115921 95630 94940 59630 
37480 68110 50710 0 96310 63130 56241 52020 84990 14750 50651 87840 17600 97310 80480 16220 77550 73700 60670 49370 37420 
99450 37940 139361 95940 0 142550 117940 79550 56200 81680 120680 132170 95001 120010 52220 104410 30220 23600 68240 81170 119700 
91770 105920 69750 62890 142640 0 28840 111230 141280 72340 22460 142130 71890 151600 136770 47290 128120 122140 116960 62310 27520 
88681 81370 84190 56491 118090 28740 0 100460 129540 64320 9410 139131 68811 148601 124210 44440 109730 103030 105220 37760 28320 
26240 77090 79370 52730 79950 111900 100790 0 39890 40720 96690 53670 43520 60021 35380 65650 54100 56570 16670 76270 86190 
65700 70850 118830 85320 56250 141280 129610 40300 0 72710 125510 78280 78220 63960 8560 97090 29580 41070 24670 99260 115570 
33690 55520 64670 14750 82020 72370 64410 40110 72650 0 59431 80771 22370 88191 68140 27670 63260 59410 48330 43600 46660 
82971 84000 76110 50781 120720 22350 9620 96270 125350 59651 0 133421 63101 142891 120840 38730 109100 103120 101030 40390 21820 
52970 129280 95830 87830 133210 142700 139161 53220 78230 81360 133571 0 70950 34900 79710 97570 101740 107370 64450 120610 118790 
19880 74130 44840 17320 95041 72190 68541 43510 78190 22790 62951 70860 0 80050 73680 27060 74510 71671 53870 62330 48280 
61630 129441 105220 96490 120260 151360 147821 59941 64190 88851 142231 34750 79610 0 70590 106230 92770 104260 62550 128101 127450 
61150 63520 114280 80770 52270 136730 123940 35750 8470 68160 120920 79760 73670 70470 0 92540 23470 34960 20120 91940 111020 
46870 75920 47960 16210 104880 47460 44460 64930 97150 27660 38870 97230 26990 106700 92640 0 86120 82270 72830 46600 21790 
76070 43750 119110 77280 30490 128030 109800 54010 29320 63020 109070 101430 74750 92310 23100 85750 0 12160 38380 73030 104230 
75640 33800 115851 73300 23820 122030 102540 56490 41170 59040 103070 107030 71491 104160 34930 81770 12220 0 45391 65770 99030 
42350 68241 95480 61030 68690 116990 105320 16740 24660 48420 101220 64210 53930 62960 20150 72800 38870 45451 0 77560 91280 
75000 44550 93490 49010 81270 62280 37670 76030 99270 43610 40410 120820 63410 128211 92030 46590 72910 66210 77810 0 47060 
68070 89170 59760 37390 119710 27560 28280 85730 115780 46840 21670 118430 48190 127900 111270 21790 104750 99320 91460 47120 0 

0 Ciudad_0 0 0 32400 0
1 Ciudad_1 392 13632 28232 784
2 Ciudad_2 636 10848 23097 1272
3 Ciudad_3 675 7399 18636 1350
4 Ciudad_4 108 16933 21140 216
5 Ciudad_5 695 11266 18715 1390
6 Ciudad_6 469 12437 23792 938
7 Ciudad_7 435 12076 25456 870
8 Ciudad_8 665 14803 21422 1330
9 Ciudad_9 396 9574 20525 792
10 Ciudad_10 360 13706 27779 720
11 Ciudad_11 629 17303 26645 1258
12 Ciudad_12 815 4599 8714 1630
13 Ciudad_13 253 14958 19299 506
14 Ciudad_14 758 21111 23152 1516
15 Ciudad_15 672 10260 23754 1344
16 Ciudad_16 566 15587 23039 1132
17 Ciudad_17 222 12198 25840 444
18 Ciudad_18 106 4945 10629 212
19 Ciudad_19 770 9363 22969 1540
20 Ciudad_20 349 8438 18545 698

0 -0.0309594 0.0398264 -0.0764121 -0.0222433 -0.0366687 -0.0669844 -0.0100695 -0.0278988 -0.0204585 0.0880002 0.0425723 0.0146715 -0.0561247 0.0345705 -0.0450445 0.0882854 0.0576617 0.0955032 0.0523377 -0.0125687 
0.0309594 0 0.0308329 -0.0583222 0.0927025 0.0603639 0.0545501 0.0180438 0.089703 0.0527422 -0.0313278 0.00112892 0.0481488 0.078422 0.0479561 -0.0124298 0.0588279 0.0282665 -0.0185722 0.0179664 -0.0192249 
-0.0398264 -0.0308329 0 0.0932212 0.0227052 -0.0546814 -0.0428778 0.0105908 0.0351275 0.0191189 0.0785284 -0.0586893 -0.0165454 -0.00133393 -0.0803306 -0.0967101 -0.0894971 0.0813492 0.0399141 -0.0117729 0.0579459 
0.0764121 0.0583222 -0.0932212 0 0.0224413 -0.0166637 0.0599714 -0.0867912 -0.0422786 -0.0127888 0.0141854 -0.077206 -0.0800376 -0.0168008 -0.0537707 0.0852514 0.0156954 -0.038184 0.0498255 0.0993685 -0.0412371 
0.0222433 -0.0927025 -0.0227052 -0.0224413 0 -0.05023 -0.0377562 0.0340411 -0.0340805 0.0602677 0.047349 -0.0343388 0.0553554 0.0108414 -0.0369325 0.0631607 -0.0273953 0.036017 0.0271842 0.00097186 0.0808957 
0.0366687 -0.0603639 0.0546814 0.0166637 0.05023 0 -0.0412885 0.0576736 -0.0714913 0.0108059 -0.00354241 0.0815537 0.00765144 0.0210526 0.0518953 -0.0632938 -0.0792955 0.0656766 0.0447165 0.0833581 0.0093301 
0.0669844 -0.0545501 0.0428778 -0.0599714 0.0377562 0.0412885 0 0.0681392 -0.0248907 0.0343495 -0.0153669 -0.0585623 -0.0346254 0.0177126 -0.0396553 -0.01793 0.0250029 -0.0577333 0.0141798 0.0124437 -0.0510789 
0.0100695 -0.0180438 -0.0105908 0.0867912 -0.0340411 -0.0576736 -0.0681392 0 0.0510844 0.0220433 0.0216424 -0.0698904 0.0127505 0.0958245 -0.0768929 -0.0748036 0.0219862 -0.0797866 -0.0310329 0.0724915 0.0230445 
0.0278988 -0.089703 -0.0351275 0.0422786 0.0340805 0.0714913 0.0248907 -0.0510844 0 0.00231624 -0.0931941 0.0901986 -0.097359 -0.000545765 0.0159282 -0.0782314 0.0541378 0.0637459 0.0534912 -0.0505065 -0.0519897 
0.0204585 -0.0527422 -0.0191189 0.0127888 -0.0602677 -0.0108059 -0.0343495 -0.0220433 -0.00231624 0 -0.0212824 -0.0744832 0.0328378 0.0890324 0.041509 -0.0531286 0.0239335 -0.0195735 -0.045401 0.0286629 0.0291386 
-0.0880002 0.0313278 -0.0785284 -0.0141854 -0.047349 0.00354241 0.0153669 -0.0216424 0.0931941 0.0212824 0 -0.0729989 0.0280142 0.0697935 -0.00860317 -0.045011 0.0710107 -0.0999385 -0.0261379 -0.0452409 -0.057514 
-0.0425723 -0.00112892 0.0586893 0.077206 0.0343388 -0.0815537 0.0585623 0.0698904 -0.0901986 0.0744832 0.0729989 0 -0.0945315 0.0394584 -0.0967743 -0.0576415 -0.076767 0.0477175 -0.0264891 -0.0894647 0.0405983 
-0.0146715 -0.0481488 0.0165454 0.0800376 -0.0553554 -0.00765144 0.0346254 -0.0127505 0.097359 -0.0328378 -0.0280142 0.0945315 0 -0.0774655 0.0776919 -0.0167541 0.0976084 -0.0334317 -0.0119893 0.0870849 0.0459829 
0.0561247 -0.078422 0.00133393 0.0168008 -0.0108414 -0.0210526 -0.0177126 -0.0958245 0.000545765 -0.0890324 -0.0697935 -0.0394584 0.0774655 0 0.0834393 -0.0668419 0.0142917 0.0257497 -0.0614583 0.0497956 -0.030447 
-0.0345705 -0.0479561 0.0803306 0.0537707 0.0369325 -0.0518953 0.0396553 0.0768929 -0.0159282 -0.041509 0.00860317 0.0967743 -0.0776919 -0.0834393 0 0.0351767 0.0462387 -0.0653455 0.0892875 0.0161479 0.0692054 
0.0450445 0.0124298 0.0967101 -0.0852514 -0.0631607 0.0632938 0.01793 0.0748036 0.0782314 0.0531286 0.045011 0.0576415 0.0167541 0.0668419 -0.0351767 0 -0.0919331 -0.0659284 0.0016805 -0.0922286 -0.00309511 
-0.0882854 -0.0588279 0.0894971 -0.0156954 0.0273953 0.0792955 -0.0250029 -0.0219862 -0.0541378 -0.0239335 -0.0710107 0.076767 -0.0976084 -0.0142917 -0.0462387 0.0919331 0 0.0437 -0.00736945 0.00790183 -0.0427262 
-0.0576617 -0.0282665 -0.0813492 0.038184 -0.036017 -0.0656766 0.0577333 0.0797866 -0.0637459 0.0195735 0.0999385 -0.0477175 0.0334317 -0.0257497 0.0653455 0.0659284 -0.0437 0 -0.0621311 -0.0774775 0.0890489 
-0.0955032 0.0185722 -0.0399141 -0.0498255 -0.0271842 -0.0447165 -0.0141798 0.0310329 -0.0534912 0.045401 0.0261379 0.0264891 0.0119893 0.0614583 -0.0892875 -0.0016805 0.00736945 0.0621311 0 -0.0829876 -0.0187646 
-0.0523377 -0.0179664 0.0117729 -0.0993685 -0.00097186 -0.0833581 -0.0124437 -0.0724915 0.0505065 -0.0286629 0.0452409 0.0894647 -0.0870849 -0.0497956 -0.0161479 0.0922286 -0.00790183 0.0774775 0.0829876 0 -0.017536 
0.0125687 0.0192249 -0.0579459 0.0412371 -0.0808957 -0.0093301 0.0510789 -0.0230445 0.0519897 -0.0291386 0.057514 -0.0405983 -0.0459829 0.030447 -0.0692054 0.00309511 0.0427262 -0.0890489 0.0187646 0.017536 0 
