20

16000 4500

30 55 80

3

0 48730 97000 51700 95800 90220 83860 64420 53080 80800 96900 77430 69560 34510 84791 55280 94640 99610 95640 97400 92530 
49510 0 57420 299915 58471 51410 41320 21630 34460 38010 57320 38780 26770 16670 46141 16630 55830 56820 56060 54610 56361 
96730 57620 0 304670 30360 9600 20830 50580 63390 50100 3780 23230 55720 64270 25310 42280 9930 33310 8930 29140 30560 
315554 296154 300749 0 274189 291859 306139 307144 261774 323014 300839 291219 312284 285434 281019 286654 294479 326349 301109 322179 273379 
95670 58931 30660 277390 0 21770 36170 59230 51661 63980 30750 25210 64370 63210 14070 42701 24300 56150 31570 51980 4560 
89510 50870 9670 295230 20920 0 17470 45790 56150 46740 9760 13940 50930 57050 15870 35060 5720 36990 10730 32820 21120 
83940 41590 20760 310760 36130 17350 0 31820 53790 29270 20660 18580 35390 51480 24790 28970 22240 22880 19400 19290 34920 
64720 21920 50440 311035 59350 46080 31700 0 45530 21760 50340 36310 6400 31880 47061 20660 50780 44211 49080 42040 57281 
53090 34370 63300 262815 51581 56520 53890 45360 0 61230 63200 43620 50500 24090 49650 25310 60940 73410 61940 70600 48311 
81080 38280 50010 326665 63890 46600 29240 21750 61160 0 49910 42480 21940 48240 51830 36340 51490 25061 48130 27431 62360 
96720 57610 3780 304760 30450 9690 20820 50570 63380 50090 0 23220 55710 64260 25400 42270 10970 30830 6110 26660 30650 
77350 39130 23440 295160 25020 14550 18480 36350 43720 42440 23530 0 41490 44890 12970 22900 18970 40980 22350 37390 23500 
69830 27030 55550 316145 64460 51190 35230 6370 50640 21930 55450 41420 0 36990 52171 25770 55890 44381 54190 45570 62391 
34490 15960 64370 289155 63170 57590 51230 31650 24090 48030 64270 44800 36790 0 52161 22650 62010 66840 63010 64630 59900 
84861 46641 25450 284790 14270 16560 25000 47341 49610 52100 25540 13330 52481 52401 0 30411 19400 47420 25810 43570 12210 
55040 17130 41950 289905 42071 35170 29100 21790 24890 36440 41850 22380 26930 22580 29741 0 39590 48620 40590 45810 39961 
94520 55880 9870 298180 23870 5910 22300 50800 61160 51570 10950 18950 55940 62060 19330 40070 0 40100 13650 35930 24480 
99870 57070 32410 330580 56170 37070 22930 44191 73320 25051 30590 41090 44381 67030 47240 48500 40090 0 28210 4470 55540 
95970 56860 8920 305580 31270 10730 20070 49820 62630 48110 6120 22470 54310 63510 25850 41520 13660 28100 0 23930 31100 
97620 54820 28360 326430 52120 33020 19300 41960 70470 27411 26540 37460 45510 64780 43610 45650 36040 4460 24160 0 51490 
92300 57031 30100 276950 4300 21210 34340 57400 48291 62150 30190 23380 62540 59840 12240 40801 23970 54470 30460 50300 0 

0 Ciudad_0 0 0 32400 0
1 Ciudad_1 542 14247 28847 1084
2 Ciudad_2 165 8611 20860 330
3 Ciudad_3 311 7384 18621 622
4 Ciudad_4 556 13821 18028 1112
5 Ciudad_5 684 13487 20936 1368
6 Ciudad_6 560 16168 27523 1120
7 Ciudad_7 473 9844 23224 946
8 Ciudad_8 529 21166 27785 1058
9 Ciudad_9 541 11711 22662 1082
10 Ciudad_10 471 11828 25901 942
11 Ciudad_11 716 12353 21695 1432
12 Ciudad_12 407 14906 19021 814
13 Ciudad_13 527 22939 27280 1054
14 Ciudad_14 820 15817 17858 1640
15 Ciudad_15 409 7325 20819 818
16 Ciudad_16 334 15725 23177 668
17 Ciudad_17 140 12512 26154 280
18 Ciudad_18 115 9258 14942 230
19 Ciudad_19 454 9238 22844 908
20 Ciudad_20 528 9242 19349 1056

0 0.0670105 -0.0774445 -0.0971518 0.0314602 -0.0076717 0.068682 -0.0699533 0.0763901 -0.072528 -0.0472926 0.0247561 0.0185545 0.0373373 0.00310606 -0.0659711 -0.0532872 0.0467608 -0.0288799 0.0974711 0.075994 
-0.0670105 0 -0.0900559 0.0822041 -0.0682407 0.0166925 -0.0630419 -0.00891999 0.0424538 0.0355999 -0.0492523 0.0412522 -0.0190032 0.0465537 -0.0971746 -0.0494695 -0.0312652 0.022445 0.086212 0.0839937 -0.0651118 
0.0774445 0.0900559 0 0.00172205 0.0148154 0.0546677 -0.00698331 0.0585241 -0.0106586 -0.0904493 -0.00482902 0.0436233 -0.0680685 0.0137751 -0.000854522 0.0820459 0.0970476 0.0778799 0.0178563 -0.0690406 -0.0163006 
0.0971518 -0.0822041 -0.00172205 0 -0.0655799 0.0332344 -0.0298839 -0.0413992 0.0702764 0.0804072 0.0070317 0.00382543 0.0975738 -0.0265832 -0.0914433 -0.0810596 -0.0553725 0.0229445 0.0105852 0.0867746 0.0770798 
-0.0314602 0.0682407 -0.0148154 0.0655799 0 -0.0240077 0.0358559 -0.0393753 0.0393485 0.0984352 0.0830356 0.0393642 -0.00477096 0.0812577 0.0247654 0.041679 -0.0557254 0.0224536 0.0438451 -0.0427834 0.0285946 
0.0076717 -0.0166925 -0.0546677 -0.0332344 0.0240077 0 0.0691873 -0.0573802 0.0640539 0.0288919 0.0895671 0.0405307 -0.0851235 0.0212785 0.0917341 0.0862679 -0.0399975 -0.00174187 0.0322187 -0.0878613 -0.0597056 
-0.068682 0.0630419 0.00698331 0.0298839 -0.0358559 -0.0691873 0 0.0300294 -0.0783376 0.0745601 -0.0551948 0.0456068 0.0200237 -0.0332838 -0.0367226 -0.000892863 0.0614779 -0.0268639 -0.000926602 0.0191759 -0.00384586 
0.0699533 0.00891999 -0.0585241 0.0413992 0.0393753 0.0573802 -0.0300294 0 -0.0859173 0.0767939 0.0580403 0.0650229 -0.0864423 -0.00240023 -0.0238959 0.050208 -0.00100763 -0.0244708 0.0505016 0.00550469 0.0530573 
-0.0763901 -0.0424538 0.0106586 -0.0702764 -0.0393485 -0.0640539 0.0783376 0.0859173 0 0.0130083 0.0384748 -0.037787 -0.0892715 -0.0684747 -0.000285422 0.0663021 0.0407492 0.0964268 0.0293116 0.0913756 0.0639698 
0.072528 -0.0355999 0.0904493 -0.0804072 -0.0984352 -0.0288919 -0.0745601 -0.0767939 -0.0130083 0 -0.0966934 -0.0822138 -0.0517494 0.0674348 -0.0487124 -0.0605731 -0.0741503 -0.00613412 0.00218142 0.0225344 0.00349129 
0.0472926 0.0492523 0.00482902 -0.0070317 -0.0830356 -0.0895671 0.0551948 -0.0580403 -0.0384748 0.0966934 0 0.0642805 0.00952514 0.0330403 0.0867061 -0.0879668 0.0063166 -0.00484467 0.0836627 -0.0325377 0.0663059 
-0.0247561 -0.0412522 -0.0436233 -0.00382543 -0.0393642 -0.0405307 -0.0456068 -0.0650229 0.037787 0.0822138 -0.0642805 0 -0.0899388 -0.0728416 -0.0178569 -0.020406 -0.0899328 -0.00123679 0.0498281 -0.0178609 0.0248411 
-0.0185545 0.0190032 0.0680685 -0.0975738 0.00477096 0.0851235 -0.0200237 0.0864423 0.0892715 0.0517494 -0.00952514 0.0899388 0 0.0257889 -0.0887268 -0.0807591 0.00807065 -0.0341029 -0.0168853 0.0532869 0.0384134 
-0.0373373 -0.0465537 -0.0137751 0.0265832 -0.0812577 -0.0212785 0.0332838 0.00240023 0.0684747 -0.0674348 -0.0330403 0.0728416 -0.0257889 0 -0.0373024 -0.0412414 -0.0407187 0.075917 -0.0313002 0.0412011 -0.0528565 
-0.00310606 0.0971746 0.000854522 0.0914433 -0.0247654 -0.0917341 0.0367226 0.0238959 0.000285422 0.0487124 -0.0867061 0.0178569 0.0887268 0.0373024 0 -0.0702188 0.0292224 -0.0270137 -0.0252834 -0.0505618 -0.0280958 
0.0659711 0.0494695 -0.0820459 0.0810596 -0.041679 -0.0862679 0.000892863 -0.050208 -0.0663021 0.0605731 0.0879668 0.020406 0.0807591 0.0412414 0.0702188 0 0.0252405 0.0694483 0.00971862 -0.017068 -0.095953 
0.0532872 0.0312652 -0.0970476 0.0553725 0.0557254 0.0399975 -0.0614779 0.00100763 -0.0407492 0.0741503 -0.0063166 0.0899328 -0.00807065 0.0407187 -0.0292224 -0.0252405 0 -0.0139974 0.0967384 0.0113605 -0.0897198 
-0.0467608 -0.022445 -0.0778799 -0.0229445 -0.0224536 0.00174187 0.0268639 0.0244708 -0.0964268 0.00613412 0.00484467 0.00123679 0.0341029 -0.075917 0.0270137 -0.0694483 0.0139974 0 0.0261315 -0.0733393 -0.00286695 
0.0288799 -0.086212 -0.0178563 -0.0105852 -0.0438451 -0.0322187 0.000926602 -0.0505016 -0.0293116 -0.00218142 -0.0836627 -0.0498281 0.0168853 0.0313002 0.0252834 -0.00971862 -0.0967384 -0.0261315 0 -0.0839541 -0.0748071 
-0.0974711 -0.0839937 0.0690406 -0.0867746 0.0427834 0.0878613 -0.0191759 -0.00550469 -0.0913756 -0.0225344 0.0325377 0.0178609 -0.0532869 -0.0412011 0.0505618 0.017068 -0.0113605 0.0733393 0.0839541 0 -0.0739203 
-0.075994 0.0651118 0.0163006 -0.0770798 -0.0285946 0.0597056 0.00384586 -0.0530573 -0.0639698 -0.00349129 -0.0663059 -0.0248411 -0.0384134 0.0528565 0.0280958 0.095953 0.0897198 0.00286695 0.0748071 0.0739203 0 
