20

16000 4500

30 55 80

2

0 60460 98050 62620 55280 78600 5050 46860 99060 54460 58800 71500 53370 22710 31451 48550 71860 36250 27840 99620 30540 
60610 0 51730 116850 31190 32620 59110 105210 105770 47910 114540 59080 24290 56630 53440 90880 79270 26430 64790 64560 89230 
97480 51870 0 141660 48750 76340 95980 144270 153550 62470 142190 109350 74800 96550 94790 131010 126070 66280 89840 102510 127850 
61960 115920 141360 0 95240 136060 59600 43400 152250 88880 6830 130930 111720 82731 90881 90510 126560 91930 53560 159560 43990 
55730 31200 48480 96010 0 63130 52202 100020 115270 16820 96540 79520 45370 58900 57230 93150 87790 28720 44190 92440 83320 
79770 33560 76690 136720 63610 0 78980 120980 90830 79150 134410 43460 27250 69050 61630 95350 71450 44720 88820 32760 105890 
4420 59010 96430 60240 51070 79150 0 49960 100121 50250 56420 72430 54300 24231 32381 51360 72921 35020 23640 100550 33260 
46910 105360 145340 43670 99220 120390 50000 0 115110 98090 37250 105350 95160 54950 65640 51210 90780 81050 57620 140290 17840 
99561 105491 154300 152530 115490 90490 101151 115310 0 124000 145940 50000 82240 76280 67710 65530 28340 85580 120510 81510 109120 
54820 47700 62870 88700 16750 79160 51040 98140 124300 0 90090 89620 58010 63940 63950 96780 96820 38690 41770 106240 81440 
58940 114870 142550 6830 96430 135010 56960 36990 145640 90310 0 128290 110160 77220 86500 84100 120150 90880 54750 156840 37580 
71820 59021 113060 132140 79630 43620 73400 105460 50370 88890 128320 0 36700 56160 45890 67870 31330 51110 90440 47810 95300 
54410 24570 75211 112490 45590 26710 54180 95630 82710 58220 109610 36710 0 43700 36460 73810 57140 21140 65100 50590 80540 
23570 55820 96850 83630 58460 68350 25650 55050 76700 63740 77210 55970 43120 0 11120 35320 49500 30010 45301 87700 41210 
32191 53340 95800 92511 57570 61710 33781 65710 68050 63650 87010 45720 36480 11110 0 38920 40850 28790 53131 80250 51870 
49680 90700 132960 90770 93340 95321 51760 51200 65240 97170 84350 67580 73210 35620 38790 0 45630 64890 74560 108210 49420 
73011 78930 126640 126930 87830 70610 74601 91060 28490 96340 120510 30360 56370 49730 41160 45850 0 59030 92810 76780 83730 
36070 26000 67070 92310 28860 44530 34570 80550 86350 38520 90000 51410 20740 30500 28590 64750 59150 0 44860 69780 64690 
27420 64340 89260 54060 43140 89040 23640 57690 120630 41750 54590 90940 64860 44801 52951 74360 92880 44950 0 112990 41000 
101050 64800 102420 160610 91970 32710 102140 140960 81770 105280 157840 47800 49980 88410 80160 108640 77090 69670 113060 0 125870 
30370 89050 128140 44180 82420 105150 33200 17830 108590 81290 37760 95570 79920 40740 51430 48930 83180 64840 40880 125050 0 

0 Ciudad_0 0 0 32400 0
1 Ciudad_1 142 8782 23382 284
2 Ciudad_2 626 8656 20905 1252
3 Ciudad_3 196 8357 19594 392
4 Ciudad_4 464 13012 17219 928
5 Ciudad_5 346 17197 24646 692
6 Ciudad_6 195 5584 16939 390
7 Ciudad_7 223 13607 26987 446
8 Ciudad_8 599 19729 26348 1198
9 Ciudad_9 817 2469 13420 1634
10 Ciudad_10 732 13225 27298 1464
11 Ciudad_11 487 10487 19829 974
12 Ciudad_12 547 18591 22706 1094
13 Ciudad_13 507 2931 7272 1014
14 Ciudad_14 297 19362 21403 594
15 Ciudad_15 218 6951 20445 436
16 Ciudad_16 176 3963 11415 352
17 Ciudad_17 427 10828 24470 854
18 Ciudad_18 138 18884 24568 276
19 Ciudad_19 787 8042 21648 1574
20 Ciudad_20 612 14666 24773 1224

0 -0.01874 0.0140125 -0.0811827 0.0753464 -0.011135 -0.034912 -0.0911898 0.0137735 -0.0804242 0.0857221 -0.0253058 0.0892309 -0.0619051 0.0108873 0.0273555 -0.0157026 -0.0228228 0.0909024 -0.0032977 0.0564945 
0.01874 0 -0.000560992 -0.0161423 0.0752472 0.00661635 0.0318926 -0.0417429 -0.00112889 0.0778854 0.0300597 0.0282946 -0.0685385 -0.0278265 0.0644298 -0.0851116 0.0186711 -0.0462038 -0.0553945 -0.0187472 0.0908505 
-0.0140125 0.000560992 0 -0.095775 0.0725431 0.0741451 -0.0486655 -0.00554567 -0.0226306 0.0748292 0.0799726 0.0986368 -0.0312255 -0.00663306 -0.00912265 0.00152326 -0.0828274 0.039253 -0.093439 -0.083449 -0.0739721 
0.0811827 0.0161423 0.095775 0 -0.0610843 0.0243668 0.0982119 0.0359251 -0.0780782 0.0167866 0.00305886 0.0935598 -0.0547832 -0.0880111 -0.0879399 -0.0603012 0.089035 0.0531275 0.0331547 0.00992926 -0.0883986 
-0.0753464 -0.0752472 -0.0725431 0.0610843 0 0.0612062 0.0286972 -0.0693592 -0.0702397 0.0253315 -0.023744 -0.00681846 0.0154342 -0.0232436 -0.0788792 -0.0594907 -0.0230261 0.0509273 0.0118584 -0.0838416 0.0924623 
0.011135 -0.00661635 -0.0741451 -0.0243668 -0.0612062 0 -0.0321448 0.0446686 0.0666827 -0.0932971 0.0144176 -0.0341236 -0.00695905 0.0339473 -0.039155 0.0512145 -0.00662405 -0.0569397 -0.0160583 -0.0933991 -0.0117433 
0.034912 -0.0318926 0.0486655 -0.0982119 -0.0286972 0.0321448 0 0.0846845 0.0502293 -0.047003 0.0776611 -0.0725502 0.0838847 -0.0738016 0.0631542 0.0349792 -0.0372933 -0.0905579 -0.038869 -0.0064457 0.0434811 
0.0911898 0.0417429 0.00554567 -0.0359251 0.0693592 -0.0446686 -0.0846845 0 0.0537237 -0.0868015 -0.0436556 0.0946985 -0.0714374 0.0688345 -0.0247712 -0.00193352 0.0954329 0.0422228 0.0641901 -0.0433541 0.0872226 
-0.0137735 0.00112889 0.0226306 0.0780782 0.0702397 -0.0666827 -0.0502293 -0.0537237 0 0.0365267 0.0312248 0.0748174 0.0297763 0.0839019 -0.0171507 -0.0470709 -0.0114915 0.0148427 -0.0744335 -0.0321888 -0.0345703 
0.0804242 -0.0778854 -0.0748292 -0.0167866 -0.0253315 0.0932971 0.047003 0.0868015 -0.0365267 0 -0.0229006 0.076667 -0.0332187 0.072362 0.0875654 -0.0109944 0.0518987 -0.0476576 -0.0996039 -0.0171061 -0.0922659 
-0.0857221 -0.0300597 -0.0799726 -0.00305886 0.023744 -0.0144176 -0.0776611 0.0436556 -0.0312248 0.0229006 0 -0.080229 -0.0358846 -0.0375661 -0.0407822 -0.0160156 0.0853722 0.0768416 -0.0490682 0.0337088 0.0835504 
0.0253058 -0.0282946 -0.0986368 -0.0935598 0.00681846 0.0341236 0.0725502 -0.0946985 -0.0748174 -0.076667 0.080229 0 0.0733984 0.0848803 0.0517735 0.00411921 -0.036524 0.0511898 -0.0061955 0.0673355 -0.0887201 
-0.0892309 0.0685385 0.0312255 0.0547832 -0.0154342 0.00695905 -0.0838847 0.0714374 -0.0297763 0.0332187 0.0358846 -0.0733984 0 0.0126237 -0.0458294 -0.00403117 -0.0283388 0.000235607 0.0789735 -0.0574147 0.00449218 
0.0619051 0.0278265 0.00663306 0.0880111 0.0232436 -0.0339473 0.0738016 -0.0688345 -0.0839019 -0.072362 0.0375661 -0.0848803 -0.0126237 0 -0.0167655 -0.0878554 0.0578498 -0.0449085 0.0846337 0.0572861 0.00204724 
-0.0108873 -0.0644298 0.00912265 0.0879399 0.0788792 0.039155 -0.0631542 0.0247712 0.0171507 -0.0875654 0.0407822 -0.0517735 0.0458294 0.0167655 0 0.0516551 0.0160495 0.0423825 0.0935587 0.0344543 -0.0409653 
-0.0273555 0.0851116 -0.00152326 0.0603012 0.0594907 -0.0512145 -0.0349792 0.00193352 0.0470709 0.0109944 0.0160156 -0.00411921 0.00403117 0.0878554 -0.0516551 0 0.0231805 0.0766935 -0.0240096 -0.0306147 0.0644672 
0.0157026 -0.0186711 0.0828274 -0.089035 0.0230261 0.00662405 0.0372933 -0.0954329 0.0114915 -0.0518987 -0.0853722 0.036524 0.0283388 -0.0578498 -0.0160495 -0.0231805 0 0.0925433 -0.0857784 0.0531902 -0.00112809 
0.0228228 0.0462038 -0.039253 -0.0531275 -0.0509273 0.0569397 0.0905579 -0.0422228 -0.0148427 0.0476576 -0.0768416 -0.0511898 -0.000235607 0.0449085 -0.0423825 -0.0766935 -0.0925433 0 -0.0616826 0.0655096 0.0423395 
-0.0909024 0.0553945 0.093439 -0.0331547 -0.0118584 0.0160583 0.038869 -0.0641901 0.0744335 0.0996039 0.0490682 0.0061955 -0.0789735 -0.0846337 -0.0935587 0.0240096 0.0857784 0.0616826 0 0.0044038 -0.0396259 
0.0032977 0.0187472 0.083449 -0.00992926 0.0838416 0.0933991 0.0064457 0.0433541 0.0321888 0.0171061 -0.0337088 -0.0673355 0.0574147 -0.0572861 -0.0344543 0.0306147 -0.0531902 -0.0655096 -0.0044038 0 -0.0524722 
-0.0564945 -0.0908505 0.0739721 0.0883986 -0.0924623 0.0117433 -0.0434811 -0.0872226 0.0345703 0.0922659 -0.0835504 0.0887201 -0.00449218 -0.00204724 0.0409653 -0.0644672 0.00112809 -0.0423395 0.0396259 0.0524722 0 
