20

16000 4500

30 55 80

3

0 53670 62970 59900 97790 77131 60460 62573 17080 56650 96290 31140 58600 90250 89330 78270 31700 33580 73080 98290 66990 
53710 0 11840 8590 77860 120421 34870 16770 49360 64970 76360 53640 49460 38650 39560 36020 68750 70630 37710 59160 91060 
63200 11870 0 9630 76160 128581 38850 14970 58850 73170 74660 58890 52300 27280 27720 30530 76430 78310 29781 47650 99261 
59920 8670 9890 0 83120 128781 31760 9770 54891 66440 81620 62150 57970 33280 36970 29020 77260 79140 39180 57220 93020 
97530 77830 76240 82750 0 153711 108300 90140 103560 129060 4040 75580 40050 87210 72220 105550 102330 104210 50670 51240 151460 
76802 121491 130021 129931 155381 0 132424 133415 90862 121611 155171 77781 115411 154891 152531 149935 50581 49271 134161 159881 119461 
60300 34790 39050 31900 108330 132442 0 24900 49150 40170 106830 79560 78470 51760 61020 28830 87691 89571 68031 85210 65980 
63281 16930 15160 9930 90330 133983 24790 0 57421 61700 88830 70030 65850 31650 38380 19660 83750 85630 44141 61860 87510 
17080 49720 59120 54281 104230 90911 49280 56771 0 39660 102730 43140 66230 85251 86630 72320 47220 49100 74450 99660 54060 
56640 64840 73120 66560 129630 121661 40470 62280 39660 0 128130 82700 92760 91030 99870 68500 82240 84120 94290 116590 28300 
96480 76780 75190 81700 3900 153251 107250 89090 102510 128010 0 76010 40230 84370 69380 104410 101870 103750 49530 48400 150410 
31480 54170 58840 62610 75610 77171 80700 70120 44190 83600 75840 0 36460 83590 80330 89350 26850 28730 61760 86970 96010 
58960 50710 51920 57420 39920 112931 79030 65530 66870 93420 39920 36460 0 74840 64940 82450 62610 64490 39300 58890 115820 
90690 39360 27480 33340 87420 154471 51730 31890 85911 90940 84670 83950 74520 0 15320 29830 102010 103890 41410 41050 116750 
89380 39730 27850 37230 72370 151641 60700 38290 86100 99400 69620 80750 65231 15450 0 42840 99180 101060 27990 26000 125210 
77820 36080 30760 29050 105891 150102 28950 19840 71950 68350 104271 88720 83070 29870 43090 0 103810 105690 57600 68820 93440 
32440 69350 77830 77790 103200 50321 88642 84270 47900 82860 103030 27840 63580 102700 100340 104220 0 1880 81970 107690 89370 
33290 70200 78680 78640 104050 49091 89492 85120 48750 83710 103880 28690 64430 103550 101190 105070 1490 0 82820 108540 89990 
73370 38090 29871 38951 51110 132811 67971 44091 74480 95130 49490 62250 39181 40680 27880 57610 80660 82540 0 25640 119040 
98280 59390 47870 57350 51370 159161 85120 61880 99250 117040 48620 87410 59190 40760 25770 68150 106700 108580 25640 0 140950 
66490 89381 97661 92211 151250 119601 66150 87960 53560 27980 149750 95240 114380 116550 125381 93390 88770 89990 117500 139800 0 

0 Ciudad_0 0 0 32400 0
1 Ciudad_1 468 9722 24322 936
2 Ciudad_2 492 6445 18694 984
3 Ciudad_3 372 16432 27669 744
4 Ciudad_4 747 12420 16627 1494
5 Ciudad_5 438 12012 19461 876
6 Ciudad_6 684 8706 20061 1368
7 Ciudad_7 451 12694 26074 902
8 Ciudad_8 653 18960 25579 1306
9 Ciudad_9 289 14689 25640 578
10 Ciudad_10 334 12259 26332 668
11 Ciudad_11 464 8791 18133 928
12 Ciudad_12 278 4113 8228 556
13 Ciudad_13 500 15835 20176 1000
14 Ciudad_14 645 8031 10072 1290
15 Ciudad_15 564 4167 17661 1128
16 Ciudad_16 709 13304 20756 1418
17 Ciudad_17 812 15431 29073 1624
18 Ciudad_18 159 14296 19980 318
19 Ciudad_19 577 12450 26056 1154
20 Ciudad_20 133 18164 28271 266

0 -0.0283746 -0.0175575 -0.00332954 -0.0960741 -0.0379954 -0.0430983 -0.00710542 0.0665988 0.00200931 -0.0989291 0.00196685 -0.0238731 0.03368 0.0245716 0.00175828 0.0328516 -0.094173 -0.0199693 0.0847583 0.0563925 
0.0283746 0 0.081649 0.015464 0.0347376 0.0539414 -0.0201842 0.0075752 0.0827896 -0.0938037 -0.00557764 -0.0498053 0.079502 -0.00374814 0.0509018 -0.0972744 0.0574896 0.0704466 -0.021624 -0.0136317 -0.0530003 
0.0175575 -0.081649 0 -0.0845288 0.00156884 0.059846 0.0819891 0.0312418 0.0507463 0.0750734 0.0727299 0.0474954 0.0711593 0.0558857 0.0242984 0.0810961 0.0901266 0.007854 0.0432142 -0.0442514 0.0760626 
0.00332954 -0.015464 0.0845288 0 -0.0241771 -0.0364478 -0.0330519 0.0129489 0.0900251 -0.0521899 -0.062685 -0.0382265 -0.000627654 -0.0999717 -0.0587946 -0.0028535 -0.0804074 -0.060889 -0.0468801 0.00800862 0.0158754 
0.0960741 -0.0347376 -0.00156884 0.0241771 0 -0.0679554 0.0346738 0.0167137 0.0403774 -0.0962854 -0.036578 0.0633831 -0.0365292 0.0110872 -0.0535178 -0.0490995 0.0579632 0.0331791 -0.0705546 -0.00609858 0.0483398 
0.0379954 -0.0539414 -0.059846 0.0364478 0.0679554 0 0.0107796 -0.0604071 0.0308572 -0.00882557 0.0334596 0.0416414 -0.0320964 -0.019894 0.0181613 0.00274347 0.0570322 -0.0328452 -0.0214854 0.0265499 -0.0974453 
0.0430983 0.0201842 -0.0819891 0.0330519 -0.0346738 -0.0107796 0 -0.0326829 -0.069555 0.0708962 0.061998 -0.0456969 0.0881168 -0.0156164 0.00896924 -0.0964713 -0.000690577 0.00480653 0.0706461 0.0375119 0.0907167 
0.00710542 -0.0075752 -0.0312418 -0.0129489 -0.0167137 0.0604071 0.0326829 0 0.010737 -0.0200624 -0.0875766 0.0353229 0.0720855 0.0170053 0.0727509 -0.043617 -0.084393 -0.0316126 -0.0302299 0.0726746 0.0640793 
-0.0665988 -0.0827896 -0.0507463 -0.0900251 -0.0403774 -0.0308572 0.069555 -0.010737 0 -0.0823664 -0.0867768 0.0711111 0.051411 -0.0447158 -0.00972447 0.00626664 0.0945131 -0.0332344 -0.0937497 0.0150681 0.0341051 
-0.00200931 0.0938037 -0.0750734 0.0521899 0.0962854 0.00882557 -0.0708962 0.0200624 0.0823664 0 0.0156748 -0.0769328 0.0812683 0.0666719 0.0887799 0.071792 0.00960133 0.0413496 -0.0336505 0.0677817 0.00316214 
0.0989291 0.00557764 -0.0727299 0.062685 0.036578 -0.0334596 -0.061998 0.0875766 0.0867768 -0.0156748 0 -0.0489238 -0.0467917 -0.0726903 -0.0209556 -0.0154176 -0.0240184 -0.0437146 -0.0131579 0.0469313 -0.0702167 
-0.00196685 0.0498053 -0.0474954 0.0382265 -0.0633831 -0.0416414 0.0456969 -0.0353229 -0.0711111 0.0769328 0.0489238 0 0.0804241 -0.0113899 0.0323622 0.0977369 0.0299239 0.0191326 0.0447616 -0.0239948 -0.0531066 
0.0238731 -0.079502 -0.0711593 0.000627654 0.0365292 0.0320964 -0.0881168 -0.0720855 -0.051411 -0.0812683 0.0467917 -0.0804241 0 -0.0920618 -0.0197568 0.0544755 0.0997477 0.0329455 0.085457 -0.0838052 -0.0369017 
-0.03368 0.00374814 -0.0558857 0.0999717 -0.0110872 0.019894 0.0156164 -0.0170053 0.0447158 -0.0666719 0.0726903 0.0113899 0.0920618 0 -0.0836192 -0.0123893 0.0630399 -0.0616353 -0.0427136 0.0963152 0.039347 
-0.0245716 -0.0509018 -0.0242984 0.0587946 0.0535178 -0.0181613 -0.00896924 -0.0727509 0.00972447 -0.0887799 0.0209556 -0.0323622 0.0197568 0.0836192 0 0.054167 -0.0309035 -0.00653802 -0.0360885 -0.0366944 -0.0944442 
-0.00175828 0.0972744 -0.0810961 0.0028535 0.0490995 -0.00274347 0.0964713 0.043617 -0.00626664 -0.071792 0.0154176 -0.0977369 -0.0544755 0.0123893 -0.054167 0 0.0848043 0.0015115 -0.0564733 -0.0731593 -0.00359529 
-0.0328516 -0.0574896 -0.0901266 0.0804074 -0.0579632 -0.0570322 0.000690577 0.084393 -0.0945131 -0.00960133 0.0240184 -0.0299239 -0.0997477 -0.0630399 0.0309035 -0.0848043 0 0.0784016 -0.0340878 -0.0821896 -0.0796747 
0.094173 -0.0704466 -0.007854 0.060889 -0.0331791 0.0328452 -0.00480653 0.0316126 0.0332344 -0.0413496 0.0437146 -0.0191326 -0.0329455 0.0616353 0.00653802 -0.0015115 -0.0784016 0 0.00621865 -0.0777281 -0.0491474 
0.0199693 0.021624 -0.0432142 0.0468801 0.0705546 0.0214854 -0.0706461 0.0302299 0.0937497 0.0336505 0.0131579 -0.0447616 -0.085457 0.0427136 0.0360885 0.0564733 0.0340878 -0.00621865 0 0.0229074 0.0280451 
-0.0847583 0.0136317 0.0442514 -0.00800862 0.00609858 -0.0265499 -0.0375119 -0.0726746 -0.0150681 -0.0677817 -0.0469313 0.0239948 0.0838052 -0.0963152 0.0366944 0.0731593 0.0821896 0.0777281 -0.0229074 0 -0.0778002 
-0.0563925 0.0530003 -0.0760626 -0.0158754 -0.0483398 0.0974453 -0.0907167 -0.0640793 -0.0341051 -0.00316214 0.0702167 0.0531066 0.0369017 -0.039347 0.0944442 0.00359529 0.0796747 0.0491474 -0.0280451 0.0778002 0 
