20

16000 4500

30 55 80

2

0 72550 75190 84090 50410 99030 23430 77460 92060 67100 39450 68180 56370 49270 55840 27640 51730 83710 46610 62540 57330 
72350 0 58990 122250 119341 167240 91970 148291 117250 111270 70600 98570 21910 79920 96180 90790 113460 151920 109250 124580 118350 
76750 58940 0 146100 126961 152930 98171 151491 142100 135120 57150 63160 56250 103280 120030 85560 130670 144720 103770 141480 104150 
84240 123050 146410 0 76040 137400 69410 86800 42020 22750 122990 149820 104080 44050 32500 95810 46210 121980 110450 48650 120650 
50580 118691 127081 75850 0 64500 28200 28240 103420 55710 75600 93090 100470 63500 57510 40510 30890 49080 42800 30620 49581 
98880 166630 152860 136870 64550 0 86141 57480 167491 117160 98500 94840 153250 125431 120520 74940 93010 16390 59230 90620 50630 
23480 92020 98461 69360 28290 86262 0 55340 85640 49930 58080 81350 74100 43150 41950 28400 32000 70842 43280 41320 53480 
77920 147821 151711 86560 28280 57680 55540 0 118730 66850 97620 112911 129740 88300 74850 63470 43350 48730 57270 40310 63171 
91620 117030 143910 42530 103430 166902 85320 119380 0 53810 123730 154464 98450 43680 51240 108330 76340 151482 126470 81350 137190 
66730 111310 134670 22940 55370 117500 49710 67220 53570 0 104360 129070 92340 33690 17160 76490 24920 102080 88810 29600 99010 
39660 70240 57580 122840 75550 99030 58010 97680 124080 104850 0 33220 64820 84960 94590 37070 89170 88980 46820 95490 51250 
68350 98740 63860 149460 92800 95460 81320 112370 154122 129020 33210 0 93320 115002 120750 54320 109680 87590 56570 113420 50490 
56150 22220 56110 103980 100390 154140 73910 129810 99180 93000 65120 93090 0 61860 77910 80360 94620 137990 98820 105740 107920 
49140 81050 104430 44100 63600 124972 43200 88630 43740 34290 84160 114894 62450 0 20860 65850 45070 109552 83990 56350 94710 
56030 97140 120540 32300 57470 120420 42050 75100 51570 17640 94780 120870 78170 20710 0 68450 31540 105000 84390 41220 94590 
27460 90760 85360 95530 40320 75150 28490 63500 108300 76540 36870 54360 80440 65620 68120 0 57200 59830 19980 60260 30700 
52200 113100 131621 46430 30940 93060 32160 43640 76310 25280 89360 110050 95180 45020 31570 57470 0 77640 67930 11870 78130 
83720 151470 144510 121590 48800 16360 70391 48760 151741 101880 88870 87700 137990 109681 104770 59780 77260 0 44070 75340 38880 
46430 108950 104230 110360 42680 59050 43350 57230 126660 89060 47040 56800 98630 83980 84370 19790 67890 43980 0 68480 11900 
62930 123950 144071 48830 30580 90970 41410 40370 81000 29120 95510 113540 106030 56470 41390 60420 11890 75550 68430 0 78201 
56930 118180 104270 120430 49430 50770 53420 62900 137160 99130 51300 50880 107860 94480 94440 30290 77960 39290 10800 78100 0 

0 Ciudad_0 0 0 32400 0
1 Ciudad_1 690 12944 27544 1380
2 Ciudad_2 548 9091 21340 1096
3 Ciudad_3 223 4255 15492 446
4 Ciudad_4 786 17566 21773 1572
5 Ciudad_5 614 7016 14465 1228
6 Ciudad_6 360 3033 14388 720
7 Ciudad_7 805 14016 27396 1610
8 Ciudad_8 262 13334 19953 524
9 Ciudad_9 262 12136 23087 524
10 Ciudad_10 360 2938 17011 720
11 Ciudad_11 148 16411 25753 296
12 Ciudad_12 578 22235 26350 1156
13 Ciudad_13 222 22623 26964 444
14 Ciudad_14 822 25163 27204 1644
15 Ciudad_15 185 6303 19797 370
16 Ciudad_16 658 16919 24371 1316
17 Ciudad_17 735 11216 24858 1470
18 Ciudad_18 119 23309 28993 238
19 Ciudad_19 130 8791 22397 260
20 Ciudad_20 283 14982 25089 566

0 0.0117402 0.0656298 -0.0281922 -0.0145261 -0.0218385 0.00592332 0.0520157 0.0875524 -0.0472712 -0.0680042 -0.00312303 0.0315338 -0.0507417 0.0951525 0.0718758 0.0123942 -0.099869 -0.0229151 -0.0811942 0.0318758 
-0.0117402 0 -0.0870273 0.0715381 0.0317422 0.071796 -0.0260922 -0.0602695 0.0378567 -0.0154339 -0.0792863 -0.0469732 0.078604 0.0898376 -0.0548486 -0.023287 -0.0867194 -0.0508674 0.0344795 -0.0513857 0.000728882 
-0.0656298 0.0870273 0 0.0415707 -0.0895037 0.0644247 -0.00567962 -0.0966269 0.077983 -0.0990703 0.0643039 -0.0899793 -0.0904016 0.0846858 -0.0288447 -0.0745526 -0.0962185 0.0555179 -0.0407062 -0.00894176 -0.0923895 
0.0281922 -0.0715381 -0.0415707 0 -0.0244672 0.054157 0.0738224 0.068032 0.00476031 -0.0119909 -0.0632858 0.0124105 0.0118367 0.0455297 -0.0773026 -0.0647125 -0.0277986 0.096269 -0.0559803 0.00570146 0.0439011 
0.0145261 -0.0317422 0.0895037 0.0244672 0 -0.0704526 -0.0475542 -0.0628737 -0.0913157 0.092019 0.0533629 0.00661859 0.00528766 -0.0739663 0.0880997 0.0939038 -0.0254998 -0.0325239 0.0244601 -0.0727337 0.0237631 
0.0218385 -0.071796 -0.0644247 -0.054157 0.0704526 0 -0.0790639 -0.0426108 0.0081815 0.0830952 0.0590938 0.0318506 -0.065834 -0.00655662 0.0742895 0.00314959 0.0951899 0.0741572 -0.0558367 -0.0807982 0.00406033 
-0.00592332 0.0260922 0.00567962 -0.0738224 0.0475542 0.0790639 0 -0.035902 0.0835212 0.0480945 0.040078 -0.063901 -0.0888558 -0.0564728 0.00924592 0.00795033 -0.064847 0.0382484 -0.0444886 0.0761797 -0.0286249 
-0.0520157 0.0602695 0.0966269 -0.068032 0.0628737 0.0426108 0.035902 0 -0.029172 0.0517617 -0.075847 0.000730459 0.0952192 -0.0635168 -0.0313307 0.0871205 -0.00884536 0.0854823 -0.00805227 -0.0725989 -0.047334 
-0.0875524 -0.0378567 -0.077983 -0.00476031 0.0913157 -0.0081815 -0.0835212 0.029172 0 -0.0165661 -0.0184609 -0.0659008 0.0268706 0.0351233 0.0385437 -0.027311 -0.0671445 0.0508503 0.0977218 -0.0164653 -0.0955938 
0.0472712 0.0154339 0.0990703 0.0119909 -0.092019 -0.0830952 -0.0480945 -0.0517617 0.0165661 0 -0.066038 0.0511832 -0.0415959 -0.00289359 -0.0320261 0.0767305 -0.0254773 -0.080678 0.0796062 0.0547274 -0.0214214 
0.0680042 0.0792863 -0.0643039 0.0632858 -0.0533629 -0.0590938 -0.040078 0.075847 0.0184609 0.066038 0 0.0238154 -0.00128949 -0.03468 0.0486443 -0.0208156 -0.0316267 -0.0576868 0.0887527 0.0711891 0.0103209 
0.00312303 0.0469732 0.0899793 -0.0124105 -0.00661859 -0.0318506 0.063901 -0.000730459 0.0659008 -0.0511832 -0.0238154 0 0.0527104 -0.0945538 -0.0361062 -0.0676827 0.0714452 0.0580736 0.0587507 -0.0185471 -0.0613515 
-0.0315338 -0.078604 0.0904016 -0.0118367 -0.00528766 0.065834 0.0888558 -0.0952192 -0.0268706 0.0415959 0.00128949 -0.0527104 0 0.0646802 -0.0184 -0.0767238 0.0898728 0.0907539 -0.0401182 -0.0391444 0.0405509 
0.0507417 -0.0898376 -0.0846858 -0.0455297 0.0739663 0.00655662 0.0564728 0.0635168 -0.0351233 0.00289359 0.03468 0.0945538 -0.0646802 0 -0.072125 -0.0928439 -0.0480756 0.0540228 0.0194567 0.0573014 0.0531574 
-0.0951525 0.0548486 0.0288447 0.0773026 -0.0880997 -0.0742895 -0.00924592 0.0313307 -0.0385437 0.0320261 -0.0486443 0.0361062 0.0184 0.072125 0 -0.0410582 0.0969889 -0.00718859 0.0731915 -0.00953457 0.0911441 
-0.0718758 0.023287 0.0745526 0.0647125 -0.0939038 -0.00314959 -0.00795033 -0.0871205 0.027311 -0.0767305 0.0208156 0.0676827 0.0767238 0.0928439 0.0410582 0 -0.0146208 0.0894086 0.0231007 0.0986355 -0.0321104 
-0.0123942 0.0867194 0.0962185 0.0277986 0.0254998 -0.0951899 0.064847 0.00884536 0.0671445 0.0254773 0.0316267 -0.0714452 -0.0898728 0.0480756 -0.0969889 0.0146208 0 -0.0525446 0.0657455 0.00404593 -0.0347222 
0.099869 0.0508674 -0.0555179 -0.096269 0.0325239 -0.0741572 -0.0382484 -0.0854823 -0.0508503 0.080678 0.0576868 -0.0580736 -0.0907539 -0.0540228 0.00718859 -0.0894086 0.0525446 0 0.0388322 0.0212911 -0.0552426 
0.0229151 -0.0344795 0.0407062 0.0559803 -0.0244601 0.0558367 0.0444886 0.00805227 -0.0977218 -0.0796062 -0.0887527 -0.0587507 0.0401182 -0.0194567 -0.0731915 -0.0231007 -0.0657455 -0.0388322 0 -0.000156177 0.0607932 
0.0811942 0.0513857 0.00894176 -0.00570146 0.0727337 0.0807982 -0.0761797 0.0725989 0.0164653 -0.0547274 -0.0711891 0.0185471 0.0391444 -0.0573014 0.00953457 -0.0986355 -0.00404593 -0.0212911 0.000156177 0 0.0936573 
-0.0318758 -0.000728882 0.0923895 -0.0439011 -0.0237631 -0.00406033 0.0286249 0.047334 0.0955938 0.0214214 -0.0103209 0.0613515 -0.0405509 -0.0531574 -0.0911441 0.0321104 0.0347222 0.0552426 -0.0607932 -0.0936573 0 
