20

16000 4500

30 55 80

3

0 71490 99990 21220 84120 63220 63190 66470 17590 60470 30060 90300 98880 58190 88820 35020 63240 81590 37060 76430 73901 
72270 0 87100 55200 65220 128940 8520 132410 63550 120770 97340 112431 153470 121550 147350 103590 123540 13730 85720 142150 126550 
100380 86960 0 105540 24760 155870 80460 152950 83530 105350 123470 61950 118672 152870 123432 124330 106540 82630 136620 163490 174851 
21860 54870 105770 0 82840 76820 50710 80290 27190 78080 45220 107060 117880 69430 106430 51470 80850 66870 35950 90030 76780 
84460 65070 24890 82690 0 143550 58200 146800 69350 103330 111150 66570 117981 140550 122741 114760 104520 61470 115330 156760 154151 
63330 129160 155860 77030 143710 0 124251 7990 78140 59050 34200 118640 86050 14730 71090 32830 59370 141160 54850 13210 46350 
63750 8300 80320 51010 57710 124061 0 127301 55030 112250 91200 103911 144950 116931 138830 96160 115020 18400 81530 137271 122360 
66980 132600 152720 80470 147360 8000 127691 0 81790 52460 38150 112050 78660 20720 63700 35870 52780 144600 59280 13160 52760 
17970 63360 83520 27220 69290 77810 55060 81060 0 59450 44650 77760 97560 73870 87800 49610 62220 73460 54210 91020 90141 
60930 121100 105921 78570 103710 58830 112800 52070 59980 0 45750 61070 41370 63070 31340 36090 3410 131180 78320 62610 98250 
30160 96920 123570 44790 111170 34260 91360 37810 44970 45600 0 100910 86260 31130 76230 10370 48190 108920 32890 47470 59540 
90440 112431 61840 107220 66290 119140 104071 112380 78050 60580 100300 0 59300 122360 67750 95380 60250 116571 125180 122830 157460 
98900 152590 118512 117900 117442 86180 144290 78850 97650 40900 86350 59560 0 95550 16350 76690 38690 162060 118920 88820 132360 
58520 121850 153020 69720 140620 14150 117401 20640 74240 63100 31340 122470 95330 0 79960 34130 65120 133850 42420 25260 37140 
88640 146990 123872 106280 122802 71140 138690 63810 87690 30800 76250 68380 16160 80100 0 66590 28590 157070 108820 73780 116780 
35060 102480 124370 50350 114960 33170 96260 35560 49870 35970 10480 95340 76630 33990 66600 0 38560 114480 43050 45970 66580 
65230 124390 107001 82870 104790 61640 116090 54880 64280 5460 50910 60430 38080 67290 28050 41250 0 134470 83480 65420 103410 
82280 14310 82980 67700 61830 141440 18530 144910 73560 130740 109730 116751 162840 133780 157320 114690 133510 0 97540 154650 138370 
37030 86060 136200 35920 115730 54180 81900 58590 53800 77940 32660 124890 118600 41730 108570 42710 80530 97630 0 64320 43010 
76170 142000 163780 89870 156550 12830 137091 13050 90980 63520 47040 122611 88700 24990 73740 45670 63840 154260 64480 0 52800 
73561 126670 173971 76530 154531 46011 122510 52501 89971 98081 59670 157640 131681 37011 116181 66640 100671 138240 42580 52680 0 

0 Ciudad_0 0 0 32400 0
1 Ciudad_1 101 7963 22563 202
2 Ciudad_2 593 13470 25719 1186
3 Ciudad_3 235 19475 30712 470
4 Ciudad_4 404 11641 15848 808
5 Ciudad_5 310 11693 19142 620
6 Ciudad_6 614 3175 14530 1228
7 Ciudad_7 356 13992 27372 712
8 Ciudad_8 374 11786 18405 748
9 Ciudad_9 802 12752 23703 1604
10 Ciudad_10 542 10154 24227 1084
11 Ciudad_11 401 7108 16450 802
12 Ciudad_12 197 4787 8902 394
13 Ciudad_13 702 22164 26505 1404
14 Ciudad_14 417 7972 10013 834
15 Ciudad_15 179 9889 23383 358
16 Ciudad_16 774 17264 24716 1548
17 Ciudad_17 397 3321 16963 794
18 Ciudad_18 656 1553 7237 1312
19 Ciudad_19 617 13439 27045 1234
20 Ciudad_20 691 3091 13198 1382

0 0.0192685 -0.0373793 -0.065407 -0.0153955 0.0434908 -0.0977225 0.0504835 0.00553393 -0.0685547 -0.0227372 0.0919129 0.00365311 -0.0121794 -0.0750113 0.0389835 0.0808707 0.0667615 -0.0713978 0.0139953 -0.0996914 
-0.0192685 0 0.0855421 -0.00299392 0.00371344 -0.00675791 -0.04731 -0.0386954 0.0961934 -0.0427249 -0.0783763 0.0048557 0.090713 0.0316712 0.091199 0.0458853 0.0525337 -0.0308554 0.0209524 -0.0142527 0.0379375 
0.0373793 -0.0855421 0 -0.0164268 -0.0712216 0.0563711 -0.0494562 -0.00930419 0.033158 0.0800853 0.0657007 0.0334125 -0.0527388 0.0276501 0.0456057 -0.0189936 0.019202 0.0469752 0.0778127 0.0500281 -0.0774668 
0.065407 0.00299392 0.0164268 0 0.0512211 0.0521837 0.0880613 -0.0454869 -0.0941818 0.0685924 0.0588276 -0.0998287 -0.0708263 0.0515422 -0.0533994 0.0431561 -0.035128 0.0437134 0.0325741 0.0306272 -0.0223539 
0.0153955 -0.00371344 0.0712216 -0.0512211 0 0.0950014 0.0131016 -0.0184575 0.0895952 -0.0804193 -0.00832815 0.0161055 0.0543426 -0.0721487 -0.0118782 -0.0156119 0.0785297 -0.0199904 -0.0219602 0.0125097 0.032895 
-0.0434908 0.00675791 -0.0563711 -0.0521837 -0.0950014 0 0.0653528 -0.0978807 0.0503587 0.0387551 -0.0217684 0.0807816 -0.089133 0.0918266 0.0745471 -0.0857543 -0.031797 -0.0510101 -0.0386749 -0.0433885 -0.00222026 
0.0977225 0.04731 0.0494562 -0.0880613 -0.0131016 -0.0653528 0 0.0248808 -0.0257068 -0.0122374 -0.0434794 -0.00188648 0.0749862 0.015659 0.00277746 0.0110853 0.0678407 -0.0446188 -0.0796127 0.0721511 -0.0896515 
-0.0504835 0.0386954 0.00930419 0.0454869 0.0184575 0.0978807 -0.0248808 0 0.0688801 -0.0631214 -0.0132441 -0.0034775 -0.0324042 -0.0635397 -0.0475517 -0.0216468 0.0149315 0.0741089 0.0262135 0.0921776 0.0761211 
-0.00553393 -0.0961934 -0.033158 0.0941818 -0.0895952 -0.0503587 0.0257068 -0.0688801 0 0.0721898 0.0370623 -0.07798 0.0260741 -0.0716624 0.0566765 -0.00843043 -0.0592317 -0.00101258 -0.0628172 -0.0419716 0.0687252 
0.0685547 0.0427249 -0.0800853 -0.0685924 0.0804193 -0.0387551 0.0122374 0.0631214 -0.0721898 0 -0.00886315 0.090465 0.0479022 -0.0418367 0.0293951 -2.04392e-05 -0.0516261 0.0809185 0.0297682 0.0638245 -0.0840563 
0.0227372 0.0783763 -0.0657007 -0.0588276 0.00832815 0.0217684 0.0434794 0.0132441 -0.0370623 0.00886315 0 0.0400279 0.0285195 -0.0419687 0.0878458 0.0359898 0.0134008 0.0926775 0.0933788 -0.044159 0.0444502 
-0.0919129 -0.0048557 -0.0334125 0.0998287 -0.0161055 -0.0807816 0.00188648 0.0034775 0.07798 -0.090465 -0.0400279 0 0.023702 0.0763742 -0.0878363 -0.069958 0.0491557 -0.0075465 -0.0338603 -0.0528612 -0.0482754 
-0.00365311 -0.090713 0.0527388 0.0708263 -0.0543426 0.089133 -0.0749862 0.0324042 -0.0260741 -0.0479022 -0.0285195 -0.023702 0 -0.0746289 0.0322013 -0.0325473 -0.0270784 0.00699268 -0.0469017 -0.0672963 -0.00146066 
0.0121794 -0.0316712 -0.0276501 -0.0515422 0.0721487 -0.0918266 -0.015659 0.0635397 0.0716624 0.0418367 0.0419687 -0.0763742 0.0746289 0 -0.00382396 0.0505887 0.0165574 -0.0479966 -0.0949024 -0.0571748 -0.0928629 
0.0750113 -0.091199 -0.0456057 0.0533994 0.0118782 -0.0745471 -0.00277746 0.0475517 -0.0566765 -0.0293951 -0.0878458 0.0878363 -0.0322013 0.00382396 0 0.0783064 -0.0370627 -0.0656093 0.0897365 -0.0246476 -0.037466 
-0.0389835 -0.0458853 0.0189936 -0.0431561 0.0156119 0.0857543 -0.0110853 0.0216468 0.00843043 2.04392e-05 -0.0359898 0.069958 0.0325473 -0.0505887 -0.0783064 0 -0.00413655 0.00354136 -0.0637996 -0.083976 -0.0659014 
-0.0808707 -0.0525337 -0.019202 0.035128 -0.0785297 0.031797 -0.0678407 -0.0149315 0.0592317 0.0516261 -0.0134008 -0.0491557 0.0270784 -0.0165574 0.0370627 0.00413655 0 0.0569756 0.0443712 0.0626687 -0.0698769 
-0.0667615 0.0308554 -0.0469752 -0.0437134 0.0199904 0.0510101 0.0446188 -0.0741089 0.00101258 -0.0809185 -0.0926775 0.0075465 -0.00699268 0.0479966 0.0656093 -0.00354136 -0.0569756 0 -0.0161089 -0.0920668 -0.00825662 
0.0713978 -0.0209524 -0.0778127 -0.0325741 0.0219602 0.0386749 0.0796127 -0.0262135 0.0628172 -0.0297682 -0.0933788 0.0338603 0.0469017 0.0949024 -0.0897365 0.0637996 -0.0443712 0.0161089 0 0.0693274 0.0376071 
-0.0139953 0.0142527 -0.0500281 -0.0306272 -0.0125097 0.0433885 -0.0721511 -0.0921776 0.0419716 -0.0638245 0.044159 0.0528612 0.0672963 0.0571748 0.0246476 0.083976 -0.0626687 0.0920668 -0.0693274 0 0.0941595 
0.0996914 -0.0379375 0.0774668 0.0223539 -0.032895 0.00222026 0.0896515 -0.0761211 -0.0687252 0.0840563 -0.0444502 0.0482754 0.00146066 0.0928629 0.037466 0.0659014 0.0698769 0.00825662 -0.0376071 -0.0941595 0 
