20

16000 4500

30 55 80

2

0 63570 12990 30230 30160 56110 28330 18000 21650 67870 62640 24940 55091 26460 8400 75880 51270 46820 28530 56300 22590 
63500 0 73290 55730 90780 9320 86400 79210 73460 129630 123430 76520 117071 86760 70450 135130 45690 17980 35380 13410 68430 
13000 73360 0 35590 20370 65900 19390 8610 18810 55540 51240 20130 42761 14130 7790 64751 58980 56610 38320 66090 25990 
30150 55840 36270 0 37770 49970 33990 42890 20400 81370 75000 23460 74390 48020 35870 96380 26810 39080 23530 50590 45970 
30220 91072 20500 37750 0 83120 5810 24480 19970 47050 40240 15380 40070 19330 26710 62060 58040 73440 55110 83310 43420 
55610 9360 65400 50090 82570 0 79510 71200 67660 121250 115050 70720 108691 78870 62170 126850 40050 12530 28940 4780 59800 
28540 86890 19620 33850 5800 79460 0 24730 15140 51510 44700 12180 44530 21840 25570 66520 54440 69080 50750 80031 43320 
17470 78860 8590 42370 23970 71390 23960 0 25870 53650 50820 27190 40801 12240 9820 59840 66040 62110 43820 71580 23070 
21260 73940 19320 20570 19990 67910 15160 26370 0 62200 55830 7330 55220 30380 19830 77210 41160 57180 39240 68530 37070 
68290 129922 55490 81480 47020 121970 51530 53921 62440 0 15940 62000 18100 43540 61110 29290 102000 112680 94391 122160 69430 
62880 123732 51070 75100 40150 115780 44660 51020 56060 15920 0 55130 26820 40490 58070 40830 95620 106490 88201 115970 71980 
24740 76890 20950 23520 15460 70860 12260 28000 7220 62110 55300 0 55130 31200 23310 77120 43810 60130 44180 71480 40550 
55021 117393 42221 74050 39590 109171 44100 39961 55010 19500 26930 54570 0 29741 47591 22580 94570 99881 80341 109361 51350 
26970 88852 14170 48220 19400 79870 21690 12210 30570 43600 40770 31250 30411 0 19790 52401 70130 70580 52290 80060 33370 
8370 70690 7850 36000 26490 62560 25510 10310 20160 61230 58150 23450 48451 19820 0 68960 58940 54040 36200 62750 20630 
75920 135280 64641 96470 62010 127150 66520 59900 77430 29050 40630 76990 22650 52161 68690 0 116990 118630 102240 126630 68690 
51500 45900 59980 26470 58620 40130 55350 67030 41420 102390 96020 44310 95410 70570 59090 117400 0 29140 23380 41640 63030 
45840 18980 55630 38470 72800 13020 68310 61550 56200 111480 105280 59260 98921 69100 53040 117720 28430 0 17720 14530 52310 
28490 35290 38280 23930 55410 28920 50800 44200 39110 94130 87930 43960 80381 51750 36080 102180 23220 18540 0 29540 40620 
55750 13470 65540 50720 82710 4790 79650 71340 67860 121390 115190 70920 108831 79010 62310 126990 41340 14000 29140 0 58250 
22660 68340 25990 46140 43460 59680 43270 23080 37410 70250 71170 40700 52490 32590 20620 68640 62890 53250 40590 58340 0 

0 Ciudad_0 0 0 32400 0
1 Ciudad_1 703 5580 20180 1406
2 Ciudad_2 369 9377 21626 738
3 Ciudad_3 524 8225 19462 1048
4 Ciudad_4 797 20030 24237 1594
5 Ciudad_5 215 9821 17270 430
6 Ciudad_6 476 3901 15256 952
7 Ciudad_7 211 3177 16557 422
8 Ciudad_8 240 21309 27928 480
9 Ciudad_9 351 16855 27806 702
10 Ciudad_10 769 8445 22518 1538
11 Ciudad_11 152 6781 16123 304
12 Ciudad_12 136 6628 10743 272
13 Ciudad_13 419 15459 19800 838
14 Ciudad_14 460 950 2991 920
15 Ciudad_15 216 7916 21410 432
16 Ciudad_16 317 3334 10786 634
17 Ciudad_17 794 11259 24901 1588
18 Ciudad_18 737 4693 10377 1474
19 Ciudad_19 354 11332 24938 708
20 Ciudad_20 717 11120 21227 1434

0 -0.0907664 -0.0654704 0.0292794 -0.0196748 -0.0826572 -0.0710704 -0.0592279 0.0493886 -0.0200572 -0.00637706 -0.0998139 -0.0173418 -0.0482619 -0.00984162 -0.0184535 -0.0747314 0.0888597 -0.0894028 0.035341 0.0335273 
0.0907664 0 0.08747 0.082178 0.0987039 -0.0193971 0.060144 -0.00416865 0.0344979 0.0129793 -0.00809453 0.00455825 -0.0595035 0.0385659 -0.0338667 -0.0254095 -0.0583479 -0.0527505 0.0837952 0.0197278 -0.0814978 
0.0654704 -0.08747 0 -0.0730195 0.0704656 0.00813948 0.0365709 0.0438866 0.0531131 -0.0788541 -0.0626033 -0.0404277 -0.0954818 0.0256637 0.0283603 -0.0874836 0.0754573 -0.0806784 -0.0559449 -0.0598388 0.00793855 
-0.0292794 -0.082178 0.0730195 0 -0.0560811 0.0659823 -0.00167333 -0.0707661 -0.0364742 -0.0410232 -0.0579182 -0.0746123 0.0467774 0.065986 -0.0411446 0.0765279 0.0216614 0.038334 -0.0571329 -0.0203392 -0.0358131 
0.0196748 -0.0987039 -0.0704656 0.0560811 0 -0.0976116 -0.0488015 -0.0282397 -0.0211842 -0.0101323 0.00369105 -0.0542053 0.0860097 -0.06071 -0.0198503 0.040227 0.0970433 0.0913036 0.0535062 0.0286619 0.0216614 
0.0826572 0.0193971 -0.00813948 -0.0659823 0.0976116 0 -0.0979418 -0.0337087 0.0512195 -0.0124975 0.02108 -0.0255017 0.0305039 -0.0480016 0.0487513 0.0947286 -0.0554765 -0.0754506 0.0207359 0.0838777 0.0344825 
0.0710704 -0.060144 -0.0365709 0.00167333 0.0488015 0.0979418 0 0.0994763 -0.00505668 -0.0620187 -0.0207005 0.025247 0.0380402 -0.026658 -0.0875062 0.0272507 0.0146844 -0.048822 -0.0946868 0.0117971 -0.0245849 
0.0592279 0.00416865 -0.0438866 0.0707661 0.0282397 0.0337087 -0.0994763 0 -0.0357467 -0.052742 0.0683094 0.00724982 0.0102273 0.0995468 0.0965938 0.0578946 0.0618999 0.00899375 -0.0301681 0.0544366 0.0894749 
-0.0493886 -0.0344979 -0.0531131 0.0364742 0.0211842 -0.0512195 0.00505668 0.0357467 0 -0.0254656 -0.0938769 0.0263065 -0.0614829 0.0385544 -0.0708194 0.00674142 0.0453183 -0.0932278 -0.0653717 0.00421355 0.0445236 
0.0200572 -0.0129793 0.0788541 0.0410232 0.0101323 0.0124975 0.0620187 0.052742 0.0254656 0 -0.0569998 0.0736125 -0.0700868 -0.0607546 0.0190901 0.0373063 -0.0446327 0.0645561 0.0230497 -0.00590742 -0.0267233 
0.00637706 0.00809453 0.0626033 0.0579182 -0.00369105 -0.02108 0.0207005 -0.0683094 0.0938769 0.0569998 0 0.0226848 -0.048734 0.023292 0.0355756 -0.0241868 0.019257 -0.0984943 0.0946685 -0.0623812 -0.0548998 
0.0998139 -0.00455825 0.0404277 0.0746123 0.0542053 0.0255017 -0.025247 -0.00724982 -0.0263065 -0.0736125 -0.0226848 0 -0.0549325 0.0689576 0.0499481 -0.0233512 -0.0540622 -0.0535549 0.0222126 -0.0873213 0.0390601 
0.0173418 0.0595035 0.0954818 -0.0467774 -0.0860097 -0.0305039 -0.0380402 -0.0102273 0.0614829 0.0700868 0.048734 0.0549325 0 0.0590053 0.0186214 0.0183681 -0.0816759 -0.0317347 0.012126 -0.0974373 0.0411162 
0.0482619 -0.0385659 -0.0256637 -0.065986 0.06071 0.0480016 0.026658 -0.0995468 -0.0385544 0.0607546 -0.023292 -0.0689576 -0.0590053 0 -0.0416713 -0.0603523 -0.0478553 -0.00166626 0.095206 -0.027828 -0.0502878 
0.00984162 0.0338667 -0.0283603 0.0411446 0.0198503 -0.0487513 0.0875062 -0.0965938 0.0708194 -0.0190901 -0.0355756 -0.0499481 -0.0186214 0.0416713 0 -0.0217308 0.0558354 0.0281331 0.0350577 -0.0157922 -0.0910356 
0.0184535 0.0254095 0.0874836 -0.0765279 -0.040227 -0.0947286 -0.0272507 -0.0578946 -0.00674142 -0.0373063 0.0241868 0.0233512 -0.0183681 0.0603523 0.0217308 0 0.0439527 0.00104735 0.0449527 -0.087216 -0.085059 
0.0747314 0.0583479 -0.0754573 -0.0216614 -0.0970433 0.0554765 -0.0146844 -0.0618999 -0.0453183 0.0446327 -0.019257 0.0540622 0.0816759 0.0478553 -0.0558354 -0.0439527 0 -0.0270193 0.0158004 -0.0852351 0.090309 
-0.0888597 0.0527505 0.0806784 -0.038334 -0.0913036 0.0754506 0.048822 -0.00899375 0.0932278 -0.0645561 0.0984943 0.0535549 0.0317347 0.00166626 -0.0281331 -0.00104735 0.0270193 0 -0.0717335 -0.0669244 0.0156408 
0.0894028 -0.0837952 0.0559449 0.0571329 -0.0535062 -0.0207359 0.0946868 0.0301681 0.0653717 -0.0230497 -0.0946685 -0.0222126 -0.012126 -0.095206 -0.0350577 -0.0449527 -0.0158004 0.0717335 0 0.0713836 -0.0146455 
-0.035341 -0.0197278 0.0598388 0.0203392 -0.0286619 -0.0838777 -0.0117971 -0.0544366 -0.00421355 0.00590742 0.0623812 0.0873213 0.0974373 0.027828 0.0157922 0.087216 0.0852351 0.0669244 -0.0713836 0 -0.0065601 
-0.0335273 0.0814978 -0.00793855 0.0358131 -0.0216614 -0.0344825 0.0245849 -0.0894749 -0.0445236 0.0267233 0.0548998 -0.0390601 -0.0411162 0.0502878 0.0910356 0.085059 -0.090309 -0.0156408 0.0146455 0.0065601 0 
