20

16000 4500

30 55 80

2

0 67860 89133 87882 91002 64041 86232 96602 44750 90831 88601 82773 88182 96780 58910 59740 40620 92450 52160 87021 23320 
67770 0 67930 101850 103310 45520 100200 36960 89500 47860 89960 64750 102150 39110 9460 66080 40540 63890 30580 93950 52660 
89681 68020 0 102320 83450 31570 89980 55750 128572 24160 32570 7320 95300 98500 70630 124760 55540 131210 50030 70110 72660 
88812 101760 102150 0 50430 81570 43300 119842 127703 108360 79713 96130 30370 140560 96970 135211 64510 154420 74950 55470 71791 
91872 102960 83260 50360 0 79800 9360 121042 130763 102610 51600 77240 22350 141760 98170 137340 65710 155620 73180 14180 74851 
64591 45500 31420 81440 79940 0 78380 49340 103482 31510 48950 25060 81740 81520 47170 99710 28810 108400 21070 70580 47570 
87092 100040 90101 43360 9350 78130 0 118122 125983 104920 59730 84081 15730 138840 95250 133491 62790 152700 71510 22310 70071 
96431 36960 55330 119501 120961 48900 117851 0 126410 31350 82810 57350 119801 44830 46370 101410 60361 94410 48121 111601 78521 
44200 89470 128244 126993 130113 103152 125343 126660 0 128230 127712 121884 127293 103060 80570 40670 77960 80880 88330 126132 62431 
91541 47950 23980 108390 102340 31640 105330 31660 128660 0 51460 26000 108690 74340 53170 110480 54390 111140 41070 89000 74520 
90341 89930 32340 79632 51560 49170 59550 83280 129232 51690 0 26320 66860 125270 90540 129710 58080 147550 65550 38220 73320 
83661 65060 7240 95950 77080 25550 83610 57820 122552 26230 26200 0 88930 100400 67670 121150 49520 128250 45200 63740 66640 
89032 101980 95441 30610 22350 81790 15670 120062 127923 108580 66931 89421 0 140780 97190 135431 64730 154640 75170 36100 72011 
96080 38940 98310 140480 141940 81820 138830 44820 102910 74330 124820 99610 140780 0 45560 72530 79170 49580 69210 132580 86800 
58440 9560 70590 96860 98320 47230 95210 46280 80170 52870 90540 67370 97160 45570 0 57480 35080 61950 28430 88960 44920 
60110 65950 124570 134471 137591 99700 132821 101300 40700 110220 129460 120732 134771 73000 57530 0 74030 40730 80820 127880 68130 
41170 40550 55640 64730 66190 28770 63080 60282 78590 54190 58410 49280 65030 79350 35060 74380 0 92070 14290 56830 22640 
92310 64100 131210 154790 156250 108460 153140 94190 81080 111140 147980 128030 155090 49370 62150 40750 92520 0 89460 146400 91560 
52380 30560 49840 74840 73340 21210 71780 47901 88500 40820 65560 44830 75140 69360 28420 80820 14370 89460 0 63980 34470 
88162 93711 70420 55750 14540 70551 22530 111793 127053 89770 38760 64400 36170 132511 88921 128091 56461 145931 63931 0 71141 
23490 52770 72732 71481 74601 47640 69831 78702 62421 74160 72200 66372 71781 87050 44950 67960 22190 90730 34260 70620 0 

0 Ciudad_0 0 0 32400 0
1 Ciudad_1 709 12462 27062 1418
2 Ciudad_2 795 12010 24259 1590
3 Ciudad_3 174 5423 16660 348
4 Ciudad_4 122 11005 15212 244
5 Ciudad_5 597 3150 10599 1194
6 Ciudad_6 430 6373 17728 860
7 Ciudad_7 286 4938 18318 572
8 Ciudad_8 136 16330 22949 272
9 Ciudad_9 698 14442 25393 1396
10 Ciudad_10 726 7689 21762 1452
11 Ciudad_11 408 12518 21860 816
12 Ciudad_12 732 9200 13315 1464
13 Ciudad_13 136 17234 21575 272
14 Ciudad_14 626 9832 11873 1252
15 Ciudad_15 332 15065 28559 664
16 Ciudad_16 232 8320 15772 464
17 Ciudad_17 590 12476 26118 1180
18 Ciudad_18 271 9889 15573 542
19 Ciudad_19 654 8120 21726 1308
20 Ciudad_20 109 8287 18394 218

0 -0.0899915 0.0290661 0.0867996 0.0621514 -0.0641457 0.0356138 -0.0807377 -0.0989612 -0.0181985 -0.0170877 -0.0273318 0.0272809 0.098546 -0.0508559 -0.0601418 -0.0600292 0.0431935 0.0409605 0.0935956 0.0380137 
0.0899915 0 -0.048369 0.0313574 -0.0835156 -0.0638673 -0.0781288 0.0927997 0.0981025 0.0406743 0.0652875 0.00226671 0.0264499 -0.0226678 -0.0550177 -0.0475176 -0.0794639 -0.0616653 -0.0903665 -0.0202636 0.0970879 
-0.0290661 0.048369 0 -0.054306 0.0190159 -0.0874001 0.000507499 -0.0464398 -0.0902591 -0.0918632 -0.0323525 -0.0935071 0.00154855 -0.0660511 -0.0760951 -0.0826304 -0.0632348 0.00678016 0.0994752 -0.0407401 -0.0610502 
-0.0867996 -0.0313574 0.054306 0 -0.0178553 -0.0855361 0.023684 0.0595856 0.063485 -0.0813941 -0.000187417 -0.0910707 0.0548635 0.0864728 -0.00355679 -0.0496151 0.00565055 -0.000294533 0.00515565 0.00240567 0.09662 
-0.0621514 0.0835156 -0.0190159 0.0178553 0 0.0814384 -0.056985 0.00854305 -0.0435841 0.030851 0.0410853 -0.062261 -0.0612476 -0.0418518 0.0234139 -0.085405 0.0572356 0.0267584 0.0308612 -0.0117141 0.0262554 
0.0641457 0.0638673 0.0874001 0.0855361 -0.0814384 0 0.0225916 0.0599928 -0.0111134 -0.000413249 -0.0417122 -0.0325648 0.0890709 0.0305402 -0.0753753 -0.0847241 -0.094617 0.0343565 -0.000978724 0.0440897 0.00274681 
-0.0356138 0.0781288 -0.000507499 -0.023684 0.056985 -0.0225916 0 -0.0638467 -0.063224 -0.0147135 -0.0735683 -0.0813045 -0.0679066 -0.0779478 -0.00557489 -0.00366036 0.0114168 -0.0685885 -0.0997293 -0.0682242 0.0224893 
0.0807377 -0.0927997 0.0464398 -0.0595856 -0.00854305 -0.0599928 0.0638467 0 -0.0446582 -0.0455024 0.0187905 0.0452314 -0.0549032 -0.0098544 -0.0506342 0.031089 0.0134306 0.0277935 -0.032326 -0.0885093 0.0258934 
0.0989612 -0.0981025 0.0902591 -0.063485 0.0435841 0.0111134 0.063224 0.0446582 0 -0.0930917 0.0814091 0.0257575 -0.036957 -0.0547301 -0.0250875 -0.0266869 -0.0681076 -0.0759153 -0.0727473 -0.0713599 0.0168952 
0.0181985 -0.0406743 0.0918632 0.0813941 -0.030851 0.000413249 0.0147135 0.0455024 0.0930917 0 -0.0683208 0.061964 0.0155475 -0.0439203 -0.0709327 -0.0270244 0.0533705 0.0589587 0.00769269 -0.0854138 -0.0771905 
0.0170877 -0.0652875 0.0323525 0.000187417 -0.0410853 0.0417122 0.0735683 -0.0187905 -0.0814091 0.0683208 0 0.0339817 -0.0795322 -0.0130534 0.0769654 0.0263496 0.0854713 -0.00368162 0.0771438 -0.0562022 -0.0716195 
0.0273318 -0.00226671 0.0935071 0.0910707 0.062261 0.0325648 0.0813045 -0.0452314 -0.0257575 -0.061964 -0.0339817 0 0.0163423 0.0414066 0.0603456 0.0593019 0.0338618 0.0220378 -0.0663209 -0.00963666 0.00158458 
-0.0272809 -0.0264499 -0.00154855 -0.0548635 0.0612476 -0.0890709 0.0679066 0.0549032 0.036957 -0.0155475 0.0795322 -0.0163423 0 -0.0828718 -0.018106 -0.0830614 0.0566508 0.0745373 -0.094699 -0.0118928 0.0615887 
-0.098546 0.0226678 0.0660511 -0.0864728 0.0418518 -0.0305402 0.0779478 0.0098544 0.0547301 0.0439203 0.0130534 -0.0414066 0.0828718 0 -0.00964767 0.0583601 0.00448508 -0.0295482 -0.053403 -0.0348264 0.00860014 
0.0508559 0.0550177 0.0760951 0.00355679 -0.0234139 0.0753753 0.00557489 0.0506342 0.0250875 0.0709327 -0.0769654 -0.0603456 0.018106 0.00964767 0 -0.0451345 -0.044241 0.0268321 0.0523264 -0.0352528 0.0506154 
0.0601418 0.0475176 0.0826304 0.0496151 0.085405 0.0847241 0.00366036 -0.031089 0.0266869 0.0270244 -0.0263496 -0.0593019 0.0830614 -0.0583601 0.0451345 0 -0.0743028 -0.0492489 0.0772397 0.0152748 -0.0728875 
0.0600292 0.0794639 0.0632348 -0.00565055 -0.0572356 0.094617 -0.0114168 -0.0134306 0.0681076 -0.0533705 -0.0854713 -0.0338618 -0.0566508 -0.00448508 0.044241 0.0743028 0 -0.0429925 0.0318232 0.022387 -0.0332735 
-0.0431935 0.0616653 -0.00678016 0.000294533 -0.0267584 -0.0343565 0.0685885 -0.0277935 0.0759153 -0.0589587 0.00368162 -0.0220378 -0.0745373 0.0295482 -0.0268321 0.0492489 0.0429925 0 0.0764632 -0.0323078 -0.0782224 
-0.0409605 0.0903665 -0.0994752 -0.00515565 -0.0308612 0.000978724 0.0997293 0.032326 0.0727473 -0.00769269 -0.0771438 0.0663209 0.094699 0.053403 -0.0523264 -0.0772397 -0.0318232 -0.0764632 0 -0.00486677 0.0771339 
-0.0935956 0.0202636 0.0407401 -0.00240567 0.0117141 -0.0440897 0.0682242 0.0885093 0.0713599 0.0854138 0.0562022 0.00963666 0.0118928 0.0348264 0.0352528 -0.0152748 -0.022387 0.0323078 0.00486677 0 -0.0812715 
-0.0380137 -0.0970879 0.0610502 -0.09662 -0.0262554 -0.00274681 -0.0224893 -0.0258934 -0.0168952 0.0771905 0.0716195 -0.00158458 -0.0615887 -0.00860014 -0.0506154 0.0728875 0.0332735 0.0782224 -0.0771339 0.0812715 0 
