20

16000 4500

30 55 80

3

0 53041 32881 92020 35840 60270 8300 50120 36241 77011 76720 94100 54781 66980 46730 58100 82701 86160 90640 26160 55940 
53221 0 24920 54981 42400 111580 48690 77860 19600 121370 81130 60141 105312 82890 23790 85850 126230 46190 66660 44000 30160 
32721 24420 0 72220 21520 89880 27730 56980 6890 107042 81430 75790 84812 81740 31150 64970 112732 65960 76890 33040 39760 
91910 55110 72200 0 92101 148640 89460 127561 65310 127850 59660 7970 132610 83190 45880 135551 129810 10620 24840 71480 36440 
36390 42900 22320 92351 0 77810 28920 37290 28930 112161 102031 97511 87090 97970 52021 45280 117851 85770 97191 49270 61511 
60040 111020 89770 148350 77680 0 64980 58890 93870 74640 114680 150050 31280 95050 104490 60110 80330 143570 142240 80020 112180 
8370 48440 27700 89730 28440 65090 0 49780 31290 84141 80870 93070 61911 71180 45700 57760 89831 83470 89910 28320 54910 
49980 78590 58010 128041 37520 58870 49720 0 64620 118810 126920 132480 80400 116230 86810 8790 124831 121460 132550 76140 96180 
36081 19140 6890 65320 28320 94210 31320 63780 0 110200 76970 68890 88172 78730 24620 71770 115290 59060 71240 33010 32860 
77311 120860 107542 128040 112101 74440 84291 118330 110180 0 68730 122540 46000 49680 103390 121420 7710 132190 106420 78200 106600 
76650 81340 81530 59620 101171 114870 80850 127070 77110 68370 0 54120 93570 23710 57990 133970 70330 63770 38000 54710 58630 
93680 59891 75320 8280 95561 150060 92580 131331 68430 122460 54270 0 133680 77800 47650 139321 124420 17610 17730 73250 38210 
54731 105122 84962 132790 87080 31360 61711 80270 88322 45800 93600 133770 0 70990 93330 83360 52470 132140 125960 67020 101020 
65960 83110 80770 82930 96530 95080 70210 115630 78770 49510 23730 77430 70980 0 62220 121680 52600 86890 61310 49210 64350 
46800 23360 30960 47930 50681 104950 45990 86141 24070 104000 60610 50010 93791 64280 0 94131 108430 43120 50030 27790 13020 
57550 86210 65630 136490 45140 60090 57810 8980 72240 121900 134080 140100 83490 122750 94430 0 128600 129950 140170 83720 103800 
82961 126040 112950 130170 117751 80150 89941 124830 115360 7650 70860 124670 52310 52890 107850 127920 0 134320 108550 83380 111060 
86060 46330 65790 10650 85440 143720 83050 120900 58900 131750 63560 17330 131970 86610 40960 128890 133710 0 32000 66560 31520 
90560 66400 76900 24520 96351 142370 89940 131811 71120 106420 38230 18040 125990 61760 47410 139801 108380 31700 0 69450 39740 
26050 43620 32840 71130 48600 80040 28160 75790 33090 78330 54670 73210 67010 49970 27270 83770 83420 66350 69320 0 34960 
55910 30030 39550 36260 59791 112340 55150 95251 32660 106020 58590 38340 101181 64320 10630 103241 110450 31480 39730 35180 0 

0 Ciudad_0 0 0 32400 0
1 Ciudad_1 681 12685 27285 1362
2 Ciudad_2 405 9542 21791 810
3 Ciudad_3 172 14844 26081 344
4 Ciudad_4 180 10533 14740 360
5 Ciudad_5 547 2441 9890 1094
6 Ciudad_6 335 2506 13861 670
7 Ciudad_7 222 7618 20998 444
8 Ciudad_8 471 18044 24663 942
9 Ciudad_9 481 8345 19296 962
10 Ciudad_10 160 5578 19651 320
11 Ciudad_11 792 13548 22890 1584
12 Ciudad_12 465 13144 17259 930
13 Ciudad_13 714 16007 20348 1428
14 Ciudad_14 352 7350 9391 704
15 Ciudad_15 776 4327 17821 1552
16 Ciudad_16 224 17291 24743 448
17 Ciudad_17 537 11795 25437 1074
18 Ciudad_18 821 9402 15086 1642
19 Ciudad_19 323 14308 27914 646
20 Ciudad_20 750 11852 21959 1500

0 -0.0151116 0.0333273 0.0487061 0.0713951 -0.0777355 -0.096084 -0.0104357 -0.0243899 -0.0563019 0.0405052 0.0254993 -0.0910898 -0.0905964 -0.0504989 -0.0289723 0.0845824 -0.0403808 0.0846589 0.0423974 -0.0652742 
0.0151116 0 -0.00272534 0.0604903 -0.0355631 -0.0769846 0.0451096 -0.0691188 -0.0103519 0.0959017 0.0258131 -0.0193313 0.0841833 -0.0820356 0.074275 0.0185811 0.0972305 0.0834895 0.0728173 -0.0127762 -0.0252806 
-0.0333273 0.00272534 0 -0.0567947 -0.0709894 -0.0519232 0.000466451 0.0443003 -0.0486378 -0.0809786 -0.0155136 0.0524635 -0.0278414 0.0942819 0.0579219 -0.0473154 -0.0546178 -0.0777694 -0.0792925 -0.0151205 -0.0224931 
-0.0487061 -0.0604903 0.0567947 0 -0.0598636 0.00204526 -0.0821516 0.073373 -0.0287462 -0.0392679 -0.000560019 -0.0899733 -0.0183174 -0.0751712 0.0736504 -0.0895534 0.0883712 0.0712256 0.0277566 -0.0385569 -0.0225043 
-0.0713951 0.0355631 0.0709894 0.0598636 0 -0.0580374 -0.0803756 -0.0207467 -0.04705 0.0681713 0.0709448 0.0705797 0.0663013 -0.0744088 -0.0327076 0.0936326 0.0448281 -0.0402896 0.0960991 0.013068 0.0232958 
0.0777355 0.0769846 0.0519232 -0.00204526 0.0580374 0 0.0660342 0.0357317 0.050224 -0.0378815 -0.0592417 0.0993626 0.0694324 -0.0584478 0.0205941 0.0775214 -0.0855386 -0.0939919 -0.011075 0.0395655 0.0104391 
0.096084 -0.0451096 -0.000466451 0.0821516 0.0803756 -0.0660342 0 0.00505446 -0.0944005 -0.0347125 -0.059672 0.00849598 -0.0901054 0.0848085 -0.0240012 0.0634395 -0.0855741 -0.0165713 -0.00929077 0.077319 -0.0446279 
0.0104357 0.0691188 -0.0443003 -0.073373 0.0207467 -0.0357317 -0.00505446 0 0.0221422 -0.0369374 0.0545339 0.0653607 -0.00111924 0.0618171 -0.0625763 0.0383598 0.0727729 0.0858227 0.0478913 -0.0191714 0.0790028 
0.0243899 0.0103519 0.0486378 0.0287462 0.04705 -0.050224 0.0944005 -0.0221422 0 -0.0705541 -0.0335017 0.0558862 -0.0347642 -0.0339369 -0.0821511 -0.0585036 0.0352582 0.0892625 -0.0506543 0.0292346 0.040723 
0.0563019 -0.0959017 0.0809786 0.0392679 -0.0681713 0.0378815 0.0347125 0.0369374 0.0705541 0 -0.0204531 0.0363863 0.0777269 -0.000138614 0.0482162 0.0633355 0.0255014 -0.0843337 -0.0411745 0.0143015 -0.0924979 
-0.0405052 -0.0258131 0.0155136 0.000560019 -0.0709448 0.0592417 0.059672 -0.0545339 0.0335017 0.0204531 0 0.00634751 0.0640407 -0.0984553 -0.0972567 -0.0033127 0.0855763 0.0354744 0.00496433 0.0575543 0.0417775 
-0.0254993 0.0193313 -0.0524635 0.0899733 -0.0705797 -0.0993626 -0.00849598 -0.0653607 -0.0558862 -0.0363863 -0.00634751 0 0.0322178 0.0384227 0.0804382 -0.0773735 0.0518537 0.073565 0.0442023 -0.0370913 -0.0206602 
0.0910898 -0.0841833 0.0278414 0.0183174 -0.0663013 -0.0694324 0.0901054 0.00111924 0.0347642 -0.0777269 -0.0640407 -0.0322178 0 -0.005487 -0.0368383 0.0761703 0.0139952 -0.0954248 0.0818334 -0.0792588 0.0324529 
0.0905964 0.0820356 -0.0942819 0.0751712 0.0744088 0.0584478 -0.0848085 -0.0618171 0.0339369 0.000138614 0.0984553 -0.0384227 0.005487 0 -0.0885788 0.0469949 0.0138626 0.0938936 -0.0662629 -0.0409248 0.0652717 
0.0504989 -0.074275 -0.0579219 -0.0736504 0.0327076 -0.0205941 0.0240012 0.0625763 0.0821511 -0.0482162 0.0972567 -0.0804382 0.0368383 0.0885788 0 -0.0836045 -0.071203 -0.055639 -0.0849055 -0.0820922 -0.0623869 
0.0289723 -0.0185811 0.0473154 0.0895534 -0.0936326 -0.0775214 -0.0634395 -0.0383598 0.0585036 -0.0633355 0.0033127 0.0773735 -0.0761703 -0.0469949 0.0836045 0 0.0248839 -0.0429224 -0.0112082 0.0978032 -0.0704654 
-0.0845824 -0.0972305 0.0546178 -0.0883712 -0.0448281 0.0855386 0.0855741 -0.0727729 -0.0352582 -0.0255014 -0.0855763 -0.0518537 -0.0139952 -0.0138626 0.071203 -0.0248839 0 -0.0427775 0.0971693 -0.0615875 0.0588836 
0.0403808 -0.0834895 0.0777694 -0.0712256 0.0402896 0.0939919 0.0165713 -0.0858227 -0.0892625 0.0843337 -0.0354744 -0.073565 0.0954248 -0.0938936 0.055639 0.0429224 0.0427775 0 0.022174 -0.0724016 0.0219271 
-0.0846589 -0.0728173 0.0792925 -0.0277566 -0.0960991 0.011075 0.00929077 -0.0478913 0.0506543 0.0411745 -0.00496433 -0.0442023 -0.0818334 0.0662629 0.0849055 0.0112082 -0.0971693 -0.022174 0 -0.0617114 -0.0389824 
-0.0423974 0.0127762 0.0151205 0.0385569 -0.013068 -0.0395655 -0.077319 0.0191714 -0.0292346 -0.0143015 -0.0575543 0.0370913 0.0792588 0.0409248 0.0820922 -0.0978032 0.0615875 0.0724016 0.0617114 0 0.0768229 
0.0652742 0.0252806 0.0224931 0.0225043 -0.0232958 -0.0104391 0.0446279 -0.0790028 -0.040723 0.0924979 -0.0417775 0.0206602 -0.0324529 -0.0652717 0.0623869 0.0704654 -0.0588836 -0.0219271 0.0389824 -0.0768229 0 
