20

16000 4500

30 55 80

2

0 7600 30870 94840 96360 92230 73220 99410 98700 35690 55800 72960 98890 69850 18830 24640 60840 68750 84960 42600 90280 
7260 0 31160 95130 96650 92520 73510 99700 98990 34360 56090 72040 99180 70140 19120 24930 61130 69040 85250 42890 90570 
31850 32240 0 66340 67860 63730 44720 70280 70200 20830 31690 48850 70390 41350 14110 6630 34580 40250 56460 15260 61780 
95310 95680 66940 0 17560 3190 29240 57640 34740 66410 45660 55170 19650 38100 76920 72420 38920 37020 39250 53360 30740 
96750 97120 68380 18200 0 15260 30680 42520 19440 67850 47100 56610 5690 39540 78360 73860 40360 38460 24130 54800 15620 
92570 92940 64200 3610 14630 0 26500 54710 31810 63670 42920 52430 16710 35360 74180 69680 36180 34280 36320 50620 27810 
73430 73800 45060 29360 30880 26750 0 32950 29850 44530 23780 30540 33410 12100 55040 50540 17040 12030 13740 31480 21430 
99140 99510 70580 57190 41930 54250 32980 0 28250 68760 46280 43170 40780 30460 80560 76060 39550 30880 22520 57000 28980 
99200 99570 70830 35000 19360 32060 30210 28470 0 70300 49550 52820 15910 35770 80810 76310 42810 35730 17360 57250 14970 
35890 34450 20590 65700 67220 63090 44080 68070 69560 0 22720 38070 69750 39140 19120 18230 29820 38040 55820 19030 61140 
55680 56050 31950 45390 46910 42780 23680 46170 49110 23030 0 17500 49440 18910 37290 34140 8760 17810 35370 17300 40690 
73320 71950 49590 55620 57140 53010 30690 43120 53330 38290 17980 0 58440 21010 54930 51780 18280 22280 37520 34940 45200 
98870 99240 70500 19710 5400 16760 32800 41210 15850 69970 49220 58280 0 41230 80480 75980 42480 40580 22820 56920 14310 
69630 70000 41260 37810 39330 35200 12030 30070 35750 39440 18830 20760 40860 0 51240 46740 12090 2640 19940 27680 27620 
18670 19040 14010 76390 77910 73780 54770 80330 80250 18980 37350 54510 80440 51400 0 7780 42390 50300 66510 24120 71830 
25500 25890 6430 71770 73290 69160 50150 75710 75630 18340 34140 51300 75820 46780 7760 0 38231 45680 61890 19390 67210 
60480 60850 35090 38780 40300 36170 17070 39300 42500 30120 8780 17690 42830 12290 42090 38940 0 11190 28760 19910 34080 
68530 68900 40170 36770 38290 34160 11960 30620 35970 38340 17730 22050 40820 2640 50140 45640 10990 0 20160 26580 27840 
84910 85280 56540 39160 23900 36220 13830 22440 17640 56010 35260 37290 22750 20240 66520 62020 28520 20200 0 42960 9510 
42650 43020 15480 52700 54220 50090 31080 56640 56560 18950 17110 34270 56750 27710 24260 19360 19640 26610 42820 0 48140 
90730 91100 62360 30930 15670 27990 21950 28720 15360 61830 41080 44800 14520 27750 72340 67840 34340 27710 9340 48780 0 

0 Ciudad_0 0 0 32400 0
1 Ciudad_1 517 6696 21296 1034
2 Ciudad_2 768 7021 19270 1536
3 Ciudad_3 208 13293 24530 416
4 Ciudad_4 814 20639 24846 1628
5 Ciudad_5 294 7183 14632 588
6 Ciudad_6 317 15520 26875 634
7 Ciudad_7 113 13310 26690 226
8 Ciudad_8 503 13069 19688 1006
9 Ciudad_9 596 15431 26382 1192
10 Ciudad_10 708 3265 17338 1416
11 Ciudad_11 497 15612 24954 994
12 Ciudad_12 111 6078 10193 222
13 Ciudad_13 211 7877 12218 422
14 Ciudad_14 664 5871 7912 1328
15 Ciudad_15 775 5766 19260 1550
16 Ciudad_16 509 9094 16546 1018
17 Ciudad_17 158 8042 21684 316
18 Ciudad_18 290 19210 24894 580
19 Ciudad_19 112 12002 25608 224
20 Ciudad_20 639 4118 14225 1278

0 0.0362601 -0.0615565 0.0273648 -0.0981051 0.027882 0.0146447 0.0532011 0.0989879 -0.0258554 -0.0438993 -0.0962513 0.00808877 -0.0771878 -0.0871089 -0.0286935 -0.0463288 0.0902118 0.0922127 -0.024966 0.0350498 
-0.0362601 0 0.0187839 -0.0330007 -0.096379 -0.0935006 -0.0044623 0.0606731 0.0171969 -0.0501106 0.0327035 0.0900466 0.052126 -0.0978226 -0.0878156 0.0646143 -0.0144116 0.0386786 -0.0221722 -0.0498534 -0.0395953 
0.0615565 -0.0187839 0 0.0138773 0.013848 0.0675621 -0.0649905 0.0924579 -0.0726874 -0.0196997 -0.0880799 0.0589337 0.0869491 0.0632849 0.0291465 -0.023667 -0.0953378 0.00788321 0.0638592 0.0966537 0.013419 
-0.0273648 0.0330007 -0.0138773 0 -0.085071 0.0955866 -0.0327732 0.0790225 -0.0863513 -0.0991418 0.0390847 -0.0415774 -0.0775852 0.0493029 -0.00108277 0.0653505 -0.0338495 0.014178 0.00651387 -0.0731425 -0.0579264 
0.0981051 0.096379 -0.013848 0.085071 0 0.0783114 0.0998112 0.0978952 0.0830392 -0.00327807 -0.0811784 -0.0334486 0.012142 0.0910662 0.0386397 0.0682122 0.0611971 0.0328884 -0.0294085 0.00163595 0.0800763 
-0.027882 0.0935006 -0.0675621 -0.0955866 -0.0783114 0 0.01152 -0.0354869 -0.0368417 0.0270544 -0.0745217 -0.0106772 0.0296702 -0.0409504 0.0679782 -0.027353 0.0190901 -0.0838817 -0.0133481 -0.0329518 -0.0893579 
-0.0146447 0.0044623 0.0649905 0.0327732 -0.0998112 -0.01152 0 -0.0672114 -0.0413182 0.0666527 -0.037077 0.0481187 0.0698618 0.0346555 -0.0781289 0.0724351 0.0180209 0.0423608 -0.0812371 0.0557641 -0.061769 
-0.0532011 -0.0606731 -0.0924579 -0.0790225 -0.0978952 0.0354869 0.0672114 0 0.0217489 0.0139249 -0.0509361 -0.0675703 -0.0582233 0.078118 -0.0806277 0.0731331 -0.0254798 -0.0222684 0.0796877 -0.0500175 -0.0480407 
-0.0989879 -0.0171969 0.0726874 0.0863513 -0.0830392 0.0368417 0.0413182 -0.0217489 0 0.00202428 -0.00173816 0.0460675 -0.0145241 0.0458401 0.0969576 0.086097 -0.0320876 -0.0508089 0.0579229 0.044827 -0.0947123 
0.0258554 0.0501106 0.0196997 0.0991418 0.00327807 -0.0270544 -0.0666527 -0.0139249 -0.00202428 0 0.0560332 -0.0469787 -0.0939266 0.00938067 -0.0698932 0.0572157 -0.0410499 0.0116484 0.0615334 0.0647151 -0.0730574 
0.0438993 -0.0327035 0.0880799 -0.0390847 0.0811784 0.0745217 0.037077 0.0509361 0.00173816 -0.0560332 0 0.0474146 0.00780507 0.0369717 -0.0368946 -0.0571394 0.0206725 -0.0123897 -0.0577885 0.0370012 0.0627708 
0.0962513 -0.0900466 -0.0589337 0.0415774 0.0334486 0.0106772 -0.0481187 0.0675703 -0.0460675 0.0469787 -0.0474146 0 0.0355497 -0.0595491 -0.0412124 -0.0200592 -0.0685986 -0.0740102 -7.12505e-05 0.0885353 0.00318031 
-0.00808877 -0.052126 -0.0869491 0.0775852 -0.012142 -0.0296702 -0.0698618 0.0582233 0.0145241 0.0939266 -0.00780507 -0.0355497 0 0.0484184 -0.0081152 0.0356587 -0.0709281 -0.0247984 0.0861254 -2.04588e-06 -0.0444498 
0.0771878 0.0978226 -0.0632849 -0.0493029 -0.0910662 0.0409504 -0.0346555 -0.078118 -0.0458401 -0.00938067 -0.0369717 0.0595491 -0.0484184 0 0.0773191 0.0267672 0.0537175 0.036227 -0.0299961 -0.081113 -0.0539559 
0.0871089 0.0878156 -0.0291465 0.00108277 -0.0386397 -0.0679782 0.0781289 0.0806277 -0.0969576 0.0698932 0.0368946 0.0412124 0.0081152 -0.0773191 0 0.0410388 0.0273434 0.0960854 0.0686067 -0.0360899 -0.0725931 
0.0286935 -0.0646143 0.023667 -0.0653505 -0.0682122 0.027353 -0.0724351 -0.0731331 -0.086097 -0.0572157 0.0571394 0.0200592 -0.0356587 -0.0267672 -0.0410388 0 -0.0560888 0.0117661 0.0954158 -0.0740875 -0.0151147 
0.0463288 0.0144116 0.0953378 0.0338495 -0.0611971 -0.0190901 -0.0180209 0.0254798 0.0320876 0.0410499 -0.0206725 0.0685986 0.0709281 -0.0537175 -0.0273434 0.0560888 0 -0.0576249 0.0189415 -0.0955262 0.0787642 
-0.0902118 -0.0386786 -0.00788321 -0.014178 -0.0328884 0.0838817 -0.0423608 0.0222684 0.0508089 -0.0116484 0.0123897 0.0740102 0.0247984 -0.036227 -0.0960854 -0.0117661 0.0576249 0 0.0428991 -0.0551053 0.0044006 
-0.0922127 0.0221722 -0.0638592 -0.00651387 0.0294085 0.0133481 0.0812371 -0.0796877 -0.0579229 -0.0615334 0.0577885 7.12505e-05 -0.0861254 0.0299961 -0.0686067 -0.0954158 -0.0189415 -0.0428991 0 0.0113451 -0.0948203 
0.024966 0.0498534 -0.0966537 0.0731425 -0.00163595 0.0329518 -0.0557641 0.0500175 -0.044827 -0.0647151 -0.0370012 -0.0885353 2.04588e-06 0.081113 0.0360899 0.0740875 0.0955262 0.0551053 -0.0113451 0 0.0925859 
-0.0350498 0.0395953 -0.013419 0.0579264 -0.0800763 0.0893579 0.061769 0.0480407 0.0947123 0.0730574 -0.0627708 -0.00318031 0.0444498 0.0539559 0.0725931 0.0151147 -0.0787642 -0.0044006 0.0948203 -0.0925859 0 
