20

16000 4500

30 55 80

3

0 93270 99240 47610 8940 49470 98550 91360 71680 90371 54880 75740 52230 60950 93730 78090 76660 64540 51740 82460 94880 
93020 0 183660 140580 101910 142280 159520 178580 25390 98150 93420 32300 144240 153870 67620 16930 169640 65610 138320 49840 182100 
99210 184260 0 60640 93210 59000 68780 16060 164192 129390 144050 159770 77570 67280 157042 170682 54960 158920 50020 157020 15340 
47850 141060 60590 0 39290 3520 90830 49510 119470 113070 83990 123530 17851 13340 130792 125880 29050 101520 27090 121090 51980 
9410 102620 93220 39150 0 42110 97760 85340 81030 95671 51840 85090 43770 52490 100213 87440 68200 65140 45720 90590 88860 
49180 142180 59140 3300 42010 0 88030 48840 120590 112960 86710 123670 21151 16200 130682 127000 31210 104240 23570 120980 51310 
98390 159630 68580 91050 97390 87990 0 80440 142800 75880 149210 131000 108101 104190 109770 150390 108350 159520 68770 116180 81380 
91190 178440 16200 49160 85190 48430 80880 0 158311 133491 131410 153950 63540 53250 160281 164424 39920 150100 42630 151200 5230 
71630 25730 163262 119190 80520 120890 142930 158182 0 90831 75660 31780 123810 132530 68430 9630 148240 47900 117922 50650 161702 
89651 97760 129872 113410 94801 113050 75560 132531 90622 0 139990 69330 130551 126700 38600 99132 140991 126230 96770 49020 135231 
54940 93630 143920 83600 51930 86560 149410 131610 75510 140241 0 97550 69130 78760 131160 77000 98250 29320 96900 112880 134080 
75790 32290 159400 123350 84680 123870 131040 154320 31810 69160 97260 0 127970 136690 38630 35030 152410 78410 114060 20850 157840 
52330 144290 77330 17900 43770 21420 107900 63800 123950 130140 69660 128040 0 10950 143133 127660 30440 89450 43920 135460 66270 
61100 154310 67110 13780 52540 16200 104100 53580 132720 126440 79860 136810 11990 0 144162 138110 19790 99650 38110 134460 56050 
93860 67340 156702 130742 99431 130382 109820 159361 68570 39330 129250 38910 142721 144032 0 70080 158293 110400 116360 18010 162061 
78170 17230 170712 125730 87060 127430 151070 165034 9670 99491 77090 34620 127910 137540 69940 0 154780 49280 124092 52160 168554 
77200 170480 54590 29630 68640 31390 108670 40750 148820 141222 98660 152950 30790 19980 158924 155230 0 118450 46100 150310 42160 
64460 65610 159510 101470 64940 104430 159220 150710 47610 125890 29300 78280 88950 98580 112100 48980 118070 0 110280 93650 153180 
51760 138840 49920 26830 45760 23530 68800 42850 117931 97380 97420 114350 43881 38160 116900 124044 45680 110010 0 111600 46370 
82570 49640 156910 121760 90160 121400 116250 151830 50870 49470 112950 21210 135510 134970 18100 52380 150680 94100 111570 0 155350 
94850 182100 15360 51930 88850 51200 81590 4910 161971 136001 134180 157610 66310 56020 162791 168084 42410 152870 46290 154860 0 

0 Ciudad_0 0 0 32400 0
1 Ciudad_1 656 8712 23312 1312
2 Ciudad_2 128 12184 24433 256
3 Ciudad_3 812 17384 28621 1624
4 Ciudad_4 763 16808 21015 1526
5 Ciudad_5 561 2279 9728 1122
6 Ciudad_6 434 5025 16380 868
7 Ciudad_7 465 6918 20298 930
8 Ciudad_8 445 15850 22469 890
9 Ciudad_9 301 17135 28086 602
10 Ciudad_10 532 12919 26992 1064
11 Ciudad_11 331 7029 16371 662
12 Ciudad_12 617 7328 11443 1234
13 Ciudad_13 484 15215 19556 968
14 Ciudad_14 634 5720 7761 1268
15 Ciudad_15 684 6694 20188 1368
16 Ciudad_16 534 15606 23058 1068
17 Ciudad_17 645 2694 16336 1290
18 Ciudad_18 266 7308 12992 532
19 Ciudad_19 439 14426 28032 878
20 Ciudad_20 326 11723 21830 652

0 0.0713791 0.0101694 0.0608315 -0.0418972 0.0411665 0.0591872 0.053499 0.0184745 -0.00525999 -0.0844359 0.00791522 0.0107663 0.0857668 -0.0152322 -0.0902975 -0.054376 -0.0534718 0.0660408 -0.00238113 -0.0986628 
-0.0713791 0 -0.0425482 0.0801258 -0.00325628 0.0518602 -0.0454344 -0.0132438 0.074681 0.083453 0.0993033 -0.0282422 0.0149097 0.0989843 0.0102434 -0.0107043 -0.0771742 -0.0932151 0.084039 -0.0194586 0.0291146 
-0.0101694 0.0425482 0 -0.0011165 -0.0917434 -0.0259241 -0.0821178 -0.0979745 0.0850204 0.0811504 -0.0833117 -0.0868437 -0.00977706 0.0609599 0.00138048 0.0222603 -0.046167 0.0565281 -0.0905853 0.0822955 -0.0218974 
-0.0608315 -0.0801258 0.0011165 0 -0.0917815 -0.0259669 0.0658836 0.0411422 -0.0230149 -0.0195892 0.0368879 -0.0104348 -0.0476621 0.0370768 0.0695279 -0.0983484 0.0809355 -0.0888178 0.00244091 0.0683117 -0.0214108 
0.0418972 0.00325628 0.0917434 0.0917815 0 -0.00105089 -0.0729794 0.0995063 -0.0548648 -0.00498556 0.0428361 -0.0899509 -0.0237048 -0.0795284 -0.025338 -0.0777595 0.0626512 0.0644709 0.018985 0.0797264 -0.0149767 
-0.0411665 -0.0518602 0.0259241 0.0259669 0.00105089 0 -0.0901669 0.021962 -0.0888852 -0.067874 -0.0604496 0.0184202 -0.0852101 -0.0509835 -0.0910698 -0.0960699 0.0818807 -0.0388994 -0.00303821 0.0351246 -0.0232115 
-0.0591872 0.0454344 0.0821178 -0.0658836 0.0729794 0.0901669 0 0.0984 -0.0507323 0.0755194 0.0691578 -0.0831464 0.0944714 -0.0530038 -0.0723612 0.0549845 0.0875358 0.0788833 0.0394403 0.0482415 0.0433569 
-0.053499 0.0132438 0.0979745 -0.0411422 -0.0995063 -0.021962 -0.0984 0 -0.0932188 0.0968254 -0.0410657 0.0885538 0.050225 -0.0806224 0.0240215 0.0718916 -0.0108043 0.0670026 0.080777 0.0966631 -0.0790063 
-0.0184745 -0.074681 -0.0850204 0.0230149 0.0548648 0.0888852 0.0507323 0.0932188 0 0.0548254 -0.0523901 0.0754556 0.0427319 -0.0900351 -0.00864209 -0.075489 0.0790435 -0.0904533 0.0818096 -0.0937167 0.0428712 
0.00525999 -0.083453 -0.0811504 0.0195892 0.00498556 0.067874 -0.0755194 -0.0968254 -0.0548254 0 0.0135541 0.0782608 -0.0653253 0.0761567 -0.0466307 0.0467979 0.0266481 0.0919212 0.0219325 -0.0503095 0.0282174 
0.0844359 -0.0993033 0.0833117 -0.0368879 -0.0428361 0.0604496 -0.0691578 0.0410657 0.0523901 -0.0135541 0 0.0334063 0.00679081 0.0825874 -0.0239172 -0.0470452 0.0452664 -0.0928953 -0.0502065 0.0701136 0.0681574 
-0.00791522 0.0282422 0.0868437 0.0104348 0.0899509 -0.0184202 0.0831464 -0.0885538 -0.0754556 -0.0782608 -0.0334063 0 0.0542352 -0.0200159 0.046693 0.015648 -0.0657069 0.0376794 -0.0854916 0.0426757 -0.00986657 
-0.0107663 -0.0149097 0.00977706 0.0476621 0.0237048 0.0852101 -0.0944714 -0.050225 -0.0427319 0.0653253 -0.00679081 -0.0542352 0 0.0907306 -0.0905901 0.0962852 0.0475466 0.0170034 0.0347687 0.0963706 -0.0367305 
-0.0857668 -0.0989843 -0.0609599 -0.0370768 0.0795284 0.0509835 0.0530038 0.0806224 0.0900351 -0.0761567 -0.0825874 0.0200159 -0.0907306 0 0.0234979 0.0829496 0.0955063 0.00292413 0.0910932 0.0787103 -0.0216893 
0.0152322 -0.0102434 -0.00138048 -0.0695279 0.025338 0.0910698 0.0723612 -0.0240215 0.00864209 0.0466307 0.0239172 -0.046693 0.0905901 -0.0234979 0 -0.0980189 0.0912067 -0.00975158 0.0260059 -0.0338465 -0.0752847 
0.0902975 0.0107043 -0.0222603 0.0983484 0.0777595 0.0960699 -0.0549845 -0.0718916 0.075489 -0.0467979 0.0470452 -0.015648 -0.0962852 -0.0829496 0.0980189 0 0.0353548 -0.0998252 0.0229994 0.0262146 0.0865242 
0.054376 0.0771742 0.046167 -0.0809355 -0.0626512 -0.0818807 -0.0875358 0.0108043 -0.0790435 -0.0266481 -0.0452664 0.0657069 -0.0475466 -0.0955063 -0.0912067 -0.0353548 0 -0.0980318 0.0145772 0.0163959 0.0253523 
0.0534718 0.0932151 -0.0565281 0.0888178 -0.0644709 0.0388994 -0.0788833 -0.0670026 0.0904533 -0.0919212 0.0928953 -0.0376794 -0.0170034 -0.00292413 0.00975158 0.0998252 0.0980318 0 0.0974865 0.0287215 0.0322651 
-0.0660408 -0.084039 0.0905853 -0.00244091 -0.018985 0.00303821 -0.0394403 -0.080777 -0.0818096 -0.0219325 0.0502065 0.0854916 -0.0347687 -0.0910932 -0.0260059 -0.0229994 -0.0145772 -0.0974865 0 -0.0394737 -0.0867459 
0.00238113 0.0194586 -0.0822955 -0.0683117 -0.0797264 -0.0351246 -0.0482415 -0.0966631 0.0937167 0.0503095 -0.0701136 -0.0426757 -0.0963706 -0.0787103 0.0338465 -0.0262146 -0.0163959 -0.0287215 0.0394737 0 -0.084541 
0.0986628 -0.0291146 0.0218974 0.0214108 0.0149767 0.0232115 -0.0433569 0.0790063 -0.0428712 -0.0282174 -0.0681574 0.00986657 0.0367305 0.0216893 0.0752847 -0.0865242 -0.0253523 -0.0322651 0.0867459 0.084541 0 
