20

16000 4500

30 55 80

3

0 78100 82420 82360 84822 80442 75970 96300 90082 40700 44660 68472 91980 91860 51790 95960 62810 22970 71890 24260 87390 
78510 0 132531 152303 29610 39620 119690 90640 142311 114370 64370 130740 167250 173620 130230 158420 135260 74360 147160 54470 113770 
82300 132830 0 28400 152802 148944 21410 167512 13060 82120 70280 16940 94230 74060 64570 129180 36350 95170 94000 88720 47210 
82470 150933 28710 0 158983 155125 47820 164711 22450 73051 86081 24910 73650 52920 49870 110280 25010 94420 75100 97043 73810 
85091 29550 153874 159385 0 11620 142320 62790 160734 111870 86860 139124 163490 172780 127731 148910 142444 71031 143190 62460 138530 
80542 39260 149325 154836 11740 0 144653 51300 156185 104760 91060 134575 156380 165670 123182 141800 137895 66482 136080 61540 143650 
76190 119650 21360 47870 142500 143680 0 162640 34420 85870 57270 30570 110850 90680 74740 141300 49980 92490 108460 81450 27130 
96490 90240 168022 165071 62720 51110 162520 0 174882 96530 126260 153272 140350 157440 117370 123580 140391 75980 119880 92070 173940 
90012 142480 13130 22480 159912 156054 34540 174622 0 85611 79930 22530 91620 69631 64110 127090 36970 104530 91910 97900 60340 
40870 114310 82190 73251 111600 104530 85910 96370 85801 0 78890 66690 52230 62570 25550 56210 48571 44750 32140 64350 108240 
45080 64990 69521 86391 87440 91740 56680 126360 79301 79190 0 66130 128080 116600 83300 134530 72490 58240 110460 35100 53440 
68640 130482 16720 25870 138532 134674 30240 153242 23420 66970 65630 0 83820 65570 49890 115330 21670 81000 80150 75060 56230 
91970 165910 94280 73600 163330 156260 111190 140230 91640 52410 127220 82860 0 25020 45460 40680 62210 95850 21930 115450 137180 
92200 173400 74180 52760 172940 165870 91090 157040 69471 62440 115640 64650 24900 0 40650 62550 47320 99950 38680 115680 117080 
51800 128760 64490 50030 130831 125470 74930 117310 64310 25650 82280 49300 45350 40450 0 68020 28190 58700 36020 75280 98000 
96311 157910 129210 110020 148730 141660 141781 123420 126990 56751 134761 114310 40430 62860 67920 0 93660 90030 37590 113650 164111 
62820 133982 36300 24950 142032 138174 49970 140301 37230 48641 72480 21110 62420 47260 28220 93930 0 74770 58750 78500 75520 
22970 73900 95570 94320 71361 66981 92270 75620 104100 44430 57950 80860 95710 99610 58690 90030 74770 0 75620 26490 103690 
71780 145720 94040 74850 142900 135830 108000 119670 91820 32220 110230 79140 21860 38930 36090 37580 58490 75660 0 95260 133550 
24260 54060 89020 95961 62110 61240 81740 91850 97310 64190 34650 75700 115470 115350 75280 114240 79000 26890 95380 0 85060 
87750 113580 47370 73720 138500 143590 27360 174010 60430 108390 53610 56420 136700 116530 97990 163820 75410 104050 133550 85040 0 

0 Ciudad_0 0 0 32400 0
1 Ciudad_1 482 12735 27335 964
2 Ciudad_2 118 13731 25980 236
3 Ciudad_3 623 5759 16996 1246
4 Ciudad_4 603 19401 23608 1206
5 Ciudad_5 366 11151 18600 732
6 Ciudad_6 758 3902 15257 1516
7 Ciudad_7 685 8906 22286 1370
8 Ciudad_8 747 15686 22305 1494
9 Ciudad_9 704 10325 21276 1408
10 Ciudad_10 684 8270 22343 1368
11 Ciudad_11 673 17657 26999 1346
12 Ciudad_12 516 8432 12547 1032
13 Ciudad_13 432 13467 17808 864
14 Ciudad_14 183 17239 19280 366
15 Ciudad_15 208 7470 20964 416
16 Ciudad_16 682 19294 26746 1364
17 Ciudad_17 231 14814 28456 462
18 Ciudad_18 547 18763 24447 1094
19 Ciudad_19 420 2883 16489 840
20 Ciudad_20 723 11549 21656 1446

0 0.0659923 0.00963873 -0.0584421 0.0384681 0.0732663 -0.0225289 -0.0236266 0.0938853 -0.0689467 -0.064222 0.0247119 -0.093018 -0.0430203 -0.0246798 -0.0679621 0.0377599 0.0532355 0.0900179 0.048047 -0.00627074 
-0.0659923 0 -0.0693594 -0.0906137 -0.0335413 -0.0582841 -0.0936832 -0.0707187 0.0525504 -0.0281976 -0.0421716 -0.0363739 -0.0134013 -0.0137737 -0.0925233 0.0875458 0.0968625 -0.0972457 -0.0538425 -0.0139014 -0.0845495 
-0.00963873 0.0693594 0 0.077028 0.0409438 0.0855035 0.0454838 -0.0442684 -0.023148 0.0150692 -0.0194468 0.0653081 0.027207 -0.0893242 0.0765838 -0.017068 -0.0392429 -0.0876999 0.00548021 0.00388208 -0.0497671 
0.0584421 0.0906137 -0.077028 0 0.0873853 0.0805816 -0.0372584 0.0717903 0.0381129 0.0712503 -0.0415575 0.0435549 -0.0244166 0.0911165 -0.0700795 -0.0736619 0.0959896 0.0843115 -0.0472186 0.0693813 0.014969 
-0.0384681 0.0335413 -0.0409438 -0.0873853 0 -0.0413736 -0.0746421 -0.0329529 0.0318719 -0.0631306 -0.0706499 -0.00243814 -0.0424449 -0.0817683 0.0172922 -0.00208432 0.0657176 -0.00567722 0.0951387 0.00171085 -0.0467754 
-0.0732663 0.0582841 -0.0855035 -0.0805816 0.0413736 0 0.0123855 0.0637221 0.085626 0.024456 0.00749728 0.0221493 0.0882334 -0.0719308 0.0938573 -0.0228249 0.0686064 -0.0913207 -0.0828713 0.0150958 0.0425186 
0.0225289 0.0936832 -0.0454838 0.0372584 0.0746421 -0.0123855 0 -0.0518125 -0.0817865 -0.00517486 -0.0130299 -0.0119566 0.0417019 0.0703941 -0.00539104 -0.00648991 0.0408004 -0.0199818 -0.0425023 -0.0407224 0.0760629 
0.0236266 0.0707187 0.0442684 -0.0717903 0.0329529 -0.0637221 0.0518125 0 0.0096661 -0.0689754 -0.0428543 -0.0926505 0.0936572 0.0708414 -0.0878013 -0.0518042 0.00206107 0.0902892 0.0233823 -0.00619386 0.0108449 
-0.0938853 -0.0525504 0.023148 -0.0381129 -0.0318719 -0.085626 0.0817865 -0.0096661 0 0.0532921 -0.0495099 -0.0186697 0.0232323 -0.0688842 0.0449528 0.0596699 -0.0556405 0.0851855 0.0686547 -0.0896802 0.0531343 
0.0689467 0.0281976 -0.0150692 -0.0712503 0.0631306 -0.024456 0.00517486 0.0689754 -0.0532921 0 -0.0678061 -0.0522892 0.0728507 0.0285251 -0.056473 0.0264818 0.0603667 0.0771968 -0.0839986 -0.0415793 -0.0304154 
0.064222 0.0421716 0.0194468 0.0415575 0.0706499 -0.00749728 0.0130299 0.0428543 0.0495099 0.0678061 0 0.0252473 0.0337123 0.0943182 0.0410858 -0.0761012 -0.0197415 -0.0956257 0.0311837 0.0975706 -0.05939 
-0.0247119 0.0363739 -0.0653081 -0.0435549 0.00243814 -0.0221493 0.0119566 0.0926505 0.0186697 0.0522892 -0.0252473 0 0.0331861 0.0199626 -0.0233218 0.0953831 -0.0793308 -0.0686683 -0.0101618 -0.0305787 -0.0220749 
0.093018 0.0134013 -0.027207 0.0244166 0.0424449 -0.0882334 -0.0417019 -0.0936572 -0.0232323 -0.0728507 -0.0337123 -0.0331861 0 -0.0894024 0.00560933 -0.0588618 0.0364747 -0.0487388 -0.0420622 0.0643086 0.0202076 
0.0430203 0.0137737 0.0893242 -0.0911165 0.0817683 0.0719308 -0.0703941 -0.0708414 0.0688842 -0.0285251 -0.0943182 -0.0199626 0.0894024 0 0.0304708 0.00398829 0.0221929 -0.0548287 0.0383146 -0.0930702 -0.0543882 
0.0246798 0.0925233 -0.0765838 0.0700795 -0.0172922 -0.0938573 0.00539104 0.0878013 -0.0449528 0.056473 -0.0410858 0.0233218 -0.00560933 -0.0304708 0 0.0710688 -0.0254653 0.044959 0.0598424 0.0857147 0.0312125 
0.0679621 -0.0875458 0.017068 0.0736619 0.00208432 0.0228249 0.00648991 0.0518042 -0.0596699 -0.0264818 0.0761012 -0.0953831 0.0588618 -0.00398829 -0.0710688 0 -0.0758799 -0.00227361 -0.003484 -0.0698604 0.0576159 
-0.0377599 -0.0968625 0.0392429 -0.0959896 -0.0657176 -0.0686064 -0.0408004 -0.00206107 0.0556405 -0.0603667 0.0197415 0.0793308 -0.0364747 -0.0221929 0.0254653 0.0758799 0 -0.0269406 0.0122564 0.054847 -0.0821495 
-0.0532355 0.0972457 0.0876999 -0.0843115 0.00567722 0.0913207 0.0199818 -0.0902892 -0.0851855 -0.0771968 0.0956257 0.0686683 0.0487388 0.0548287 -0.044959 0.00227361 0.0269406 0 0.0338688 0.0163087 0.0548122 
-0.0900179 0.0538425 -0.00548021 0.0472186 -0.0951387 0.0828713 0.0425023 -0.0233823 -0.0686547 0.0839986 -0.0311837 0.0101618 0.0420622 -0.0383146 -0.0598424 0.003484 -0.0122564 -0.0338688 0 0.0399664 0.0116932 
-0.048047 0.0139014 -0.00388208 -0.0693813 -0.00171085 -0.0150958 0.0407224 0.00619386 0.0896802 0.0415793 -0.0975706 0.0305787 -0.0643086 0.0930702 -0.0857147 0.0698604 -0.054847 -0.0163087 -0.0399664 0 0.0359445 
0.00627074 0.0845495 0.0497671 -0.014969 0.0467754 -0.0425186 -0.0760629 -0.0108449 -0.0531343 0.0304154 0.05939 0.0220749 -0.0202076 0.0543882 -0.0312125 -0.0576159 0.0821495 -0.0548122 -0.0116932 -0.0359445 0 
