20

16000 4500

30 55 80

3

0 55410 67230 74590 49970 67840 73840 67330 81050 50470 54560 53070 22690 36350 55030 55400 97560 92960 81410 73630 62040 
55240 0 87430 82980 70450 66770 49670 74790 46420 67300 7350 97170 67910 21890 31820 41421 48900 146790 78620 45330 8610 
66840 87410 0 22090 17250 33230 66070 22510 86160 21200 89160 36460 50210 85920 63460 113930 115580 106902 37600 71810 91111 
75370 82460 21960 0 26390 17810 50650 9120 70740 25660 86481 57710 60540 86241 53200 116040 102110 128152 16490 56390 85160 
50040 70610 17650 26480 0 29450 54580 21720 73370 6030 71950 37020 34600 69120 48800 95250 100090 108460 38150 60320 74751 
68850 66800 33350 17690 29460 0 33340 11470 53430 26680 72050 65260 58050 71810 36410 103180 84800 136700 13790 39080 68080 
73990 49700 66070 50530 54840 33340 0 44310 33790 50100 55350 87310 74310 58340 19310 88820 65870 157180 41410 18210 50980 
68070 74460 22460 9160 21720 11460 44300 0 64390 18940 78660 55940 53870 78420 45200 108000 95760 127380 18120 50040 77160 
81290 46100 86140 70600 73220 53410 33790 64380 0 69500 52330 104970 86680 57430 26160 85941 37840 173210 58820 17020 45960 
51340 67520 21380 25650 6090 26630 49990 18900 69480 0 68860 42520 35910 66190 44910 92320 96200 113960 35330 55730 71081 
54180 7350 89360 86950 71970 72150 55200 78760 52390 68820 0 98690 67680 19120 37350 35310 55520 142950 84150 50860 15680 
53000 97410 36700 58010 36860 64810 87520 55470 105050 42190 98750 0 42300 87990 80480 105850 129860 75850 70890 93260 103760 
22750 67960 50530 60450 34380 57580 74070 53700 86600 35680 67600 42370 0 50270 60780 72170 107650 93360 70130 78230 74590 
36360 21840 85890 86710 68710 71910 58230 78520 57470 65760 19110 87690 49860 0 39290 32270 69480 126670 85660 55940 29190 
55490 31790 63640 53660 48950 36510 19410 45470 26020 45230 37440 80700 61280 39610 0 70910 52800 146770 48360 18600 33070 
55370 41820 114440 116510 95460 103270 88730 108760 85920 92510 35530 105820 71900 32340 70800 0 85660 131110 117540 84390 50150 
98330 48910 116900 102410 101250 85220 65940 96190 37820 97530 55450 130870 108370 68660 53890 85120 0 190770 94730 52080 42200 
92900 146590 107240 128550 108790 136740 157640 127400 173010 114120 143030 75900 93400 126560 146130 131110 190110 0 142820 163380 153220 
82440 78540 37370 16310 37810 13820 42150 18060 59550 35080 84190 71460 70010 85630 48150 117550 95290 142900 0 50820 79820 
73980 45390 71790 56250 60560 39060 18310 50030 16990 55820 51040 93030 78220 55860 18710 84510 52020 162900 50150 0 46190 
61840 8630 91091 85180 74681 67990 50890 77070 46130 70961 15710 103290 74510 29180 33040 49781 42300 153390 79840 46180 0 

0 Ciudad_0 0 0 32400 0
1 Ciudad_1 218 12490 27090 436
2 Ciudad_2 250 11866 24115 500
3 Ciudad_3 714 9081 20318 1428
4 Ciudad_4 586 19207 23414 1172
5 Ciudad_5 105 9825 17274 210
6 Ciudad_6 688 4820 16175 1376
7 Ciudad_7 527 2887 16267 1054
8 Ciudad_8 332 18537 25156 664
9 Ciudad_9 808 8137 19088 1616
10 Ciudad_10 693 7862 21935 1386
11 Ciudad_11 730 11281 20623 1460
12 Ciudad_12 603 15627 19742 1206
13 Ciudad_13 288 11751 16092 576
14 Ciudad_14 379 3655 5696 758
15 Ciudad_15 825 4924 18418 1650
16 Ciudad_16 187 5552 13004 374
17 Ciudad_17 612 8247 21889 1224
18 Ciudad_18 195 3829 9513 390
19 Ciudad_19 703 13909 27515 1406
20 Ciudad_20 505 15886 25993 1010

0 -0.0138892 -0.0916565 0.011928 -0.0409649 0.00694959 -0.0188732 0.0552569 0.0460307 0.0916534 0.0664012 -0.0560205 -0.0242341 -0.0574809 -0.0567365 -0.04053 -0.0459267 0.0163152 -0.0824145 0.099968 0.0254386 
0.0138892 0 -0.0392201 0.0772254 -0.00440616 0.01389 0.0288886 0.0410411 -0.0213495 -0.00636978 0.00308337 -0.0991381 -0.0230728 0.0923046 -0.0897854 0.0725573 -0.0466634 -0.0678913 -0.0199713 0.00802061 -0.0623193 
0.0916565 0.0392201 0 -0.0320898 -0.0960341 -0.0870531 -0.0923855 -0.0491029 -0.0898591 0.044219 -0.0799997 -0.0898679 0.0626817 -0.00808433 -0.0320213 0.0686045 0.0140388 -0.0029083 -0.00154067 -0.0875135 -0.0858128 
-0.011928 -0.0772254 0.0320898 0 0.0650824 0.0309655 -0.0282932 -0.0119045 0.0681054 0.0915358 -0.0850806 0.0280333 0.052148 0.0907484 0.0030244 -0.078267 0.0586828 -0.0891327 -0.0704156 0.0157087 -0.0882753 
0.0409649 0.00440616 0.0960341 -0.0650824 0 0.081801 -0.0971294 0.0792937 -0.0158109 0.0272667 -0.00143989 0.0246846 -0.0371511 0.0967624 -0.0762473 0.0777665 -0.0120217 -0.0826342 0.0693039 -0.0994839 -0.0340931 
-0.00694959 -0.01389 0.0870531 -0.0309655 -0.081801 0 -0.0430536 0.0788573 0.00375825 0.00148768 0.0494469 0.0984159 -0.0759572 -0.0277954 0.0838615 -0.0209554 0.021772 0.0863538 -0.0873292 0.0223025 0.0383611 
0.0188732 -0.0288886 0.0923855 0.0282932 0.0971294 0.0430536 0 0.0478131 -0.0197984 -0.0308932 0.0954177 -0.0586666 -0.0209732 -0.0113181 0.0149891 -0.0934321 -0.078289 0.0737209 0.0946543 0.0813877 0.00853549 
-0.0552569 -0.0410411 0.0491029 0.0119045 -0.0792937 -0.0788573 -0.0478131 0 -0.0946134 0.0519613 0.0675701 -0.054558 0.0599589 -0.051597 0.0741926 -0.0475213 -0.0655225 0.000392032 0.0733839 -0.0975562 -0.0640312 
-0.0460307 0.0213495 0.0898591 -0.0681054 0.0158109 -0.00375825 0.0197984 0.0946134 0 -0.00544264 -0.043537 -0.0257568 -0.0304087 0.0361544 0.0495372 -0.0372204 -0.0737195 -0.025196 0.0486826 -0.0654727 -0.0335135 
-0.0916534 0.00636978 -0.044219 -0.0915358 -0.0272667 -0.00148768 0.0308932 -0.0519613 0.00544264 0 -0.0796807 -0.0890747 -0.0107518 -0.0980363 -0.0675451 -0.0305767 0.0509361 -0.0135344 0.0347805 0.0335109 0.0798117 
-0.0664012 -0.00308337 0.0799997 0.0850806 0.00143989 -0.0494469 -0.0954177 -0.0675701 0.043537 0.0796807 0 0.0865838 0.0602947 0.0496749 0.0908572 -0.0603606 0.0650521 0.0905187 0.0739582 -0.0165759 0.0773023 
0.0560205 0.0991381 0.0898679 -0.0280333 -0.0246846 -0.0984159 0.0586666 0.054558 0.0257568 0.0890747 -0.0865838 0 -0.0225517 0.0777107 -0.00375398 0.082734 -0.0855525 0.00809033 -0.0264607 0.0623516 -0.0561759 
0.0242341 0.0230728 -0.0626817 -0.052148 0.0371511 0.0759572 0.0209732 -0.0599589 0.0304087 0.0107518 -0.0602947 0.0225517 0 -0.0576517 0.0514873 -0.0163528 -0.0843003 0.0196054 -0.0721822 -0.00941054 0.0960799 
0.0574809 -0.0923046 0.00808433 -0.0907484 -0.0967624 0.0277954 0.0113181 0.051597 -0.0361544 0.0980363 -0.0496749 -0.0777107 0.0576517 0 0.0760058 -0.00626244 -0.0918294 -0.0402804 0.0861168 0.0176166 0.0473552 
0.0567365 0.0897854 0.0320213 -0.0030244 0.0762473 -0.0838615 -0.0149891 -0.0741926 -0.0495372 0.0675451 -0.0908572 0.00375398 -0.0514873 -0.0760058 0 0.0919463 -0.08503 0.02374 -0.0859239 -0.0549818 0.041612 
0.04053 -0.0725573 -0.0686045 0.078267 -0.0777665 0.0209554 0.0934321 0.0475213 0.0372204 0.0305767 0.0603606 -0.082734 0.0163528 0.00626244 -0.0919463 0 -0.0540223 0.019317 -0.0859761 0.0607964 0.083951 
0.0459267 0.0466634 -0.0140388 -0.0586828 0.0120217 -0.021772 0.078289 0.0655225 0.0737195 -0.0509361 -0.0650521 0.0855525 0.0843003 0.0918294 0.08503 0.0540223 0 -0.0897979 -0.0977356 -0.0431565 -0.018495 
-0.0163152 0.0678913 0.0029083 0.0891327 0.0826342 -0.0863538 -0.0737209 -0.000392032 0.025196 0.0135344 -0.0905187 -0.00809033 -0.0196054 0.0402804 -0.02374 -0.019317 0.0897979 0 -0.0375379 0.0115924 -0.0264044 
0.0824145 0.0199713 0.00154067 0.0704156 -0.0693039 0.0873292 -0.0946543 -0.0733839 -0.0486826 -0.0347805 -0.0739582 0.0264607 0.0721822 -0.0861168 0.0859239 0.0859761 0.0977356 0.0375379 0 -0.0174248 0.0116494 
-0.099968 -0.00802061 0.0875135 -0.0157087 0.0994839 -0.0223025 -0.0813877 0.0975562 0.0654727 -0.0335109 0.0165759 -0.0623516 0.00941054 -0.0176166 0.0549818 -0.0607964 0.0431565 -0.0115924 0.0174248 0 0.0609958 
-0.0254386 0.0623193 0.0858128 0.0882753 0.0340931 -0.0383611 -0.00853549 0.0640312 0.0335135 -0.0798117 -0.0773023 0.0561759 -0.0960799 -0.0473552 -0.041612 -0.083951 0.018495 0.0264044 -0.0116494 -0.0609958 0 
