25

16000 4500

30 55 80

2

0 88900 88241 72681 35370 9330 95660 70750 11920 38480 95871 13580 85641 84360 29000 68160 67210 19760 36850 99751 74830 14360 98390 61251 80381 62210 
88660 0 35940 39590 68280 94180 23630 21250 84050 65120 26830 82340 31210 16820 89670 91160 98310 81800 105550 31570 98020 75980 28620 43840 30270 92340 
88630 36150 0 17370 56090 86740 59360 40280 85720 51600 14620 84100 7180 25100 76670 113070 116810 70570 111190 16230 121520 74790 64190 27160 9210 111810 
73481 39810 17580 0 40760 71410 56070 34270 72840 36270 30420 72150 18150 28180 61340 107060 109440 55240 101700 33230 113920 61910 61060 11830 13640 104440 
35500 68340 56310 40750 0 32290 78950 54040 38340 4770 64831 37650 54601 59040 21550 90350 89620 16120 67170 68711 97060 26580 83700 29690 49341 84620 
9410 94290 86870 71310 32190 0 101050 76140 21230 35300 95291 22890 85061 87010 21550 77470 76520 16580 42420 99171 84140 18700 105780 60250 79801 71520 
95440 23470 59180 55700 78940 100960 0 26890 86730 76330 50080 84760 53940 40160 98200 76200 84630 88970 98880 54820 82870 82760 6140 58800 50070 78730 
70530 21220 40350 34200 54030 76050 26890 0 65920 51420 42650 64210 36050 26680 73290 79320 81770 64060 86480 47390 86180 57850 31640 34800 31240 76770 
11950 84120 85450 72750 38500 21180 86920 65970 0 40260 92070 2020 81840 79580 37420 59180 58230 25100 30890 95950 65850 13600 88830 62300 76760 53230 
38650 64940 51800 36240 4800 35440 76400 51490 40090 0 61820 39400 51590 55640 26210 89850 89120 19270 68920 65700 96560 28330 81150 25180 46330 84120 
95860 26370 14640 30310 64821 95331 49580 41620 91960 61350 0 90250 14350 17550 85641 117390 121550 79161 117340 6930 125720 82000 54410 38410 17120 116550 
13560 82330 84080 71930 37680 22790 84900 64180 1970 39440 90280 0 80050 77790 36920 57500 56550 24280 29640 94160 64170 12780 86810 61480 74970 51550 
85450 31510 7600 17900 54431 84941 54150 35900 81570 50960 14600 79860 0 20300 75251 108690 112430 68771 106950 18480 117140 71610 59140 27690 5890 107430 
83950 17060 25130 27960 59050 87130 40270 26390 79340 55890 18420 77630 20020 0 80440 101740 104120 72570 104720 23160 108600 71240 45100 34190 16150 99120 
29880 89291 76520 60960 21190 22530 98190 73280 38400 25820 85351 38040 75121 79991 0 94940 94210 15950 62930 89231 101650 29160 102940 49900 69861 89210 
67820 90230 113080 106930 91370 77050 75150 79330 58820 91910 116930 57050 108780 101740 93940 0 13210 79920 47620 122380 8350 67940 75070 101300 103970 9000 
66920 98220 116850 109310 90690 76150 83420 81710 57920 91230 122760 56150 112550 104120 93040 13110 0 79240 40470 126740 14400 67260 83340 103680 106350 6590 
19730 81420 70780 55220 16100 16520 88960 64050 24900 19210 79261 24210 69031 72120 15510 80180 79450 0 53730 83141 86890 13900 93710 44160 63771 74450 
36890 105590 110880 101510 67460 41730 98690 86580 31130 69220 117080 29810 106850 104590 61710 47470 40930 54060 0 120960 51600 42560 99140 91260 101770 38830 
100121 31670 16250 33190 68891 99401 54880 46920 96030 65420 6920 94320 18410 22850 89711 123110 126850 83231 121410 0 131560 86460 59710 42480 21190 121850 
74330 97410 121880 114110 98100 83560 82330 86510 65330 98640 126310 63560 117580 108920 100450 8680 14020 86650 51440 131760 0 74670 81670 108480 111150 12760 
14080 76010 74460 61760 26220 18620 82770 57860 13410 27980 82080 12720 71850 71120 28240 67970 67240 13900 42240 86040 74680 0 87520 50351 66590 62240 
98220 28460 64170 60690 83580 105550 6150 31530 88650 80970 54960 86680 58930 45140 102840 76120 84550 93610 99400 59700 81830 87400 0 63790 55060 78650 
61981 44200 27360 11800 29750 60400 59070 34450 62230 25260 39080 61540 27930 34570 50330 101210 103590 44230 91060 42960 108070 51300 64060 0 23420 98590 
81210 31320 9600 13510 50271 80781 50930 31540 77070 46800 17490 75360 6480 17080 71091 104330 106710 64611 102450 21370 111190 67370 55920 23300 0 101710 
61920 92170 111850 104310 85690 71150 77660 76710 52920 86230 117760 51150 107550 99120 88040 8990 6580 74240 39030 121740 13120 62260 77580 98680 101350 0 

0 Ciudad_0 0 0 32400 0
1 Ciudad_1 410 10895 25495 820
2 Ciudad_2 113 11604 23853 226
3 Ciudad_3 469 7895 19132 938
4 Ciudad_4 264 8743 12950 528
5 Ciudad_5 451 9188 16637 902
6 Ciudad_6 233 7846 19201 466
7 Ciudad_7 410 13068 26448 820
8 Ciudad_8 688 22527 29146 1376
9 Ciudad_9 135 13216 24167 270
10 Ciudad_10 140 13614 27687 280
11 Ciudad_11 245 20647 29989 490
12 Ciudad_12 161 5739 9854 322
13 Ciudad_13 518 23083 27424 1036
14 Ciudad_14 527 18326 20367 1054
15 Ciudad_15 103 6003 19497 206
16 Ciudad_16 656 18610 26062 1312
17 Ciudad_17 357 2892 16534 714
18 Ciudad_18 166 4371 10055 332
19 Ciudad_19 106 4539 18145 212
20 Ciudad_20 680 12616 22723 1360
21 Ciudad_21 177 3088 9671 354
22 Ciudad_22 444 4951 18940 888
23 Ciudad_23 271 9475 19941 542
24 Ciudad_24 741 12057 15669 1482
25 Ciudad_25 362 10078 20998 724

0 -0.0330158 0.0720521 -0.0316642 -0.0897827 -0.0500248 -0.0965904 0.0504316 -0.0771182 0.0524842 -0.0533163 0.046226 -0.0976508 -0.0277893 -0.0653597 -0.0295796 0.0667495 -0.0368741 0.046786 -0.0539046 0.0443799 0.0351658 -0.0864195 0.0909129 -0.0759211 0.02897 
0.0330158 0 0.00383299 0.00200528 0.0985463 -0.00713442 -0.0393437 0.0159468 0.0166683 0.0150194 -0.0800017 0.0930763 -0.0737133 0.0776125 -0.062696 -0.0821116 -0.0321949 -0.0440408 0.0818331 -0.0448415 -0.029407 -0.0618361 0.0207208 -0.00232763 -0.092203 -0.0870684 
-0.0720521 -0.00383299 0 0.0239061 0.0376881 0.0422222 0.00693767 0.0287747 -0.0804923 -0.0276605 -0.0108074 0.0918388 -0.0168038 0.0815153 -0.0597036 0.0341257 -0.0269552 -0.0264065 -0.0640645 0.0816162 0.0751528 -0.0649011 0.0921827 -0.0463193 0.0646753 -0.0300402 
0.0316642 -0.00200528 -0.0239061 0 0.0200803 0.0801375 0.0298392 0.0886422 0.0934034 0.0868596 0.0150411 -0.0573749 0.0321528 -0.0682868 0.0439951 -0.0845823 0.0466093 0.0500856 0.057623 0.0401218 0.0282354 -0.0167599 -0.0893554 0.0684718 -0.0740826 -0.0819561 
0.0897827 -0.0985463 -0.0376881 -0.0200803 0 0.0852623 -0.0780848 0.00241815 -0.0579019 0.055421 -0.0184008 -0.0421416 -0.0606456 0.00798967 0.0471068 0.0605021 0.0716517 -0.0025451 -0.0192567 -0.000576432 0.0985854 0.07938 -0.0629037 0.0877266 -0.0117097 0.0628928 
0.0500248 0.00713442 -0.0422222 -0.0801375 -0.0852623 0 0.0234256 0.015211 -0.0516954 0.088433 0.0759461 -0.0440947 0.0112434 -0.0663856 0.0603083 0.0997266 0.0852437 0.0270565 0.0829227 -0.0472905 0.0204377 0.0647219 -0.0442819 -0.0167893 0.0618583 -0.02733 
0.0965904 0.0393437 -0.00693767 -0.0298392 0.0780848 -0.0234256 0 0.0425246 -0.0217869 0.0605142 -0.0175607 -0.0399943 -0.00672096 -0.0725204 0.0275408 -0.0851335 0.041906 -0.0147308 -0.0989874 0.0831819 -0.0602162 0.0160334 -0.0337837 -0.000466419 0.00474626 0.066549 
-0.0504316 -0.0159468 -0.0287747 -0.0886422 -0.00241815 -0.015211 -0.0425246 0 0.0854863 -0.00486766 -0.0349482 -0.0229394 0.0475135 0.0720387 -0.0398536 0.0451934 -0.0944917 0.0169482 0.0118323 -0.0839274 -0.0696002 0.0827796 -0.0167751 0.078603 -0.0167417 -0.0769316 
0.0771182 -0.0166683 0.0804923 -0.0934034 0.0579019 0.0516954 0.0217869 -0.0854863 0 0.0118461 -0.0314262 -0.0085884 0.0397864 0.0801021 0.0648923 0.00643597 -0.0111162 0.0889646 -0.0732818 0.0509102 0.0775187 -0.0829858 -0.093808 -0.0202396 0.00805509 -0.0329808 
-0.0524842 -0.0150194 0.0276605 -0.0868596 -0.055421 -0.088433 -0.0605142 0.00486766 -0.0118461 0 0.0666299 0.0865014 -0.0297286 0.083346 -0.0821627 0.095151 -0.0507201 0.00921453 0.0299586 -0.00963498 0.0231666 -0.0491333 0.021517 0.0416252 -0.0424852 -0.09409 
0.0533163 0.0800017 0.0108074 -0.0150411 0.0184008 -0.0759461 0.0175607 0.0349482 0.0314262 -0.0666299 0 -0.0740518 -0.0603313 -0.0667199 0.0832603 0.019348 -0.0323811 -0.0836284 0.0919676 -0.0781768 -0.0426572 0.0226726 -0.0327132 0.0247501 -0.076812 -0.0542098 
-0.046226 -0.0930763 -0.0918388 0.0573749 0.0421416 0.0440947 0.0399943 0.0229394 0.0085884 -0.0865014 0.0740518 0 -0.0919695 -0.030871 -0.055691 -0.0236502 -0.0968058 0.0456481 -0.0180459 -0.0774968 -0.0708096 0.0199051 -0.00352686 0.0875302 -0.0598113 0.0754113 
0.0976508 0.0737133 0.0168038 -0.0321528 0.0606456 -0.0112434 0.00672096 -0.0475135 -0.0397864 0.0297286 0.0603313 0.0919695 0 0.0387965 -0.0663322 0.0110875 0.00999665 0.0762104 0.0255719 -0.0783121 -0.080477 -0.0527963 0.0559062 -0.0630991 0.0257757 -0.0486822 
0.0277893 -0.0776125 -0.0815153 0.0682868 -0.00798967 0.0663856 0.0725204 -0.0720387 -0.0801021 -0.083346 0.0667199 0.030871 -0.0387965 0 0.0392559 -0.020805 0.00894778 0.0978812 0.0047155 -0.0540959 0.0211211 -0.0690382 -0.039965 -0.0409671 -0.0116191 0.0490953 
0.0653597 0.062696 0.0597036 -0.0439951 -0.0471068 -0.0603083 -0.0275408 0.0398536 -0.0648923 0.0821627 -0.0832603 0.055691 0.0663322 -0.0392559 0 -0.0357148 0.0221338 -0.026813 0.0139074 -0.088662 -0.0431445 -0.0335683 0.0932161 0.0631509 -0.0400173 -0.0722925 
0.0295796 0.0821116 -0.0341257 0.0845823 -0.0605021 -0.0997266 0.0851335 -0.0451934 -0.00643597 -0.095151 -0.019348 0.0236502 -0.0110875 0.020805 0.0357148 0 0.0495068 0.00499311 0.0820719 0.0882004 0.0183201 0.0407293 0.01951 0.0140342 -0.0931975 0.0749688 
-0.0667495 0.0321949 0.0269552 -0.0466093 -0.0716517 -0.0852437 -0.041906 0.0944917 0.0111162 0.0507201 0.0323811 0.0968058 -0.00999665 -0.00894778 -0.0221338 -0.0495068 0 -0.071869 0.0427999 -0.0516999 0.0109216 0.00913687 -0.0158341 -0.000161373 -0.0458159 -0.0137094 
0.0368741 0.0440408 0.0264065 -0.0500856 0.0025451 -0.0270565 0.0147308 -0.0169482 -0.0889646 -0.00921453 0.0836284 -0.0456481 -0.0762104 -0.0978812 0.026813 -0.00499311 0.071869 0 0.0660347 -0.0264592 0.0790096 -0.0691727 -0.0767407 0.00857352 -0.0896699 -0.027122 
-0.046786 -0.0818331 0.0640645 -0.057623 0.0192567 -0.0829227 0.0989874 -0.0118323 0.0732818 -0.0299586 -0.0919676 0.0180459 -0.0255719 -0.0047155 -0.0139074 -0.0820719 -0.0427999 -0.0660347 0 -0.0925427 -0.0823041 0.0588355 0.0957477 0.0709031 0.017648 0.0893188 
0.0539046 0.0448415 -0.0816162 -0.0401218 0.000576432 0.0472905 -0.0831819 0.0839274 -0.0509102 0.00963498 0.0781768 0.0774968 0.0783121 0.0540959 0.088662 -0.0882004 0.0516999 0.0264592 0.0925427 0 -0.0627119 -0.0123785 0.0228777 0.0952382 -0.0957786 -0.028038 
-0.0443799 0.029407 -0.0751528 -0.0282354 -0.0985854 -0.0204377 0.0602162 0.0696002 -0.0775187 -0.0231666 0.0426572 0.0708096 0.080477 -0.0211211 0.0431445 -0.0183201 -0.0109216 -0.0790096 0.0823041 0.0627119 0 0.0229419 -0.0588137 0.00700711 0.0935505 -0.0154077 
-0.0351658 0.0618361 0.0649011 0.0167599 -0.07938 -0.0647219 -0.0160334 -0.0827796 0.0829858 0.0491333 -0.0226726 -0.0199051 0.0527963 0.0690382 0.0335683 -0.0407293 -0.00913687 0.0691727 -0.0588355 0.0123785 -0.0229419 0 -0.0543679 0.0420132 -0.0996478 -0.0830977 
0.0864195 -0.0207208 -0.0921827 0.0893554 0.0629037 0.0442819 0.0337837 0.0167751 0.093808 -0.021517 0.0327132 0.00352686 -0.0559062 0.039965 -0.0932161 -0.01951 0.0158341 0.0767407 -0.0957477 -0.0228777 0.0588137 0.0543679 0 0.0200839 0.0262549 0.0431334 
-0.0909129 0.00232763 0.0463193 -0.0684718 -0.0877266 0.0167893 0.000466419 -0.078603 0.0202396 -0.0416252 -0.0247501 -0.0875302 0.0630991 0.0409671 -0.0631509 -0.0140342 0.000161373 -0.00857352 -0.0709031 -0.0952382 -0.00700711 -0.0420132 -0.0200839 0 -0.022866 -0.0171391 
0.0759211 0.092203 -0.0646753 0.0740826 0.0117097 -0.0618583 -0.00474626 0.0167417 -0.00805509 0.0424852 0.076812 0.0598113 -0.0257757 0.0116191 0.0400173 0.0931975 0.0458159 0.0896699 -0.017648 0.0957786 -0.0935505 0.0996478 -0.0262549 0.022866 0 -0.00635881 
-0.02897 0.0870684 0.0300402 0.0819561 -0.0628928 0.02733 -0.066549 0.0769316 0.0329808 0.09409 0.0542098 -0.0754113 0.0486822 -0.0490953 0.0722925 -0.0749688 0.0137094 0.027122 -0.0893188 0.028038 0.0154077 0.0830977 -0.0431334 0.0171391 0.00635881 0 
