25

16000 4500

30 55 80

3

0 43030 39630 42840 95290 63050 48890 82420 96140 76000 34340 37720 32400 64080 38780 18590 86100 87823 38860 93010 46650 89430 79960 99300 68690 46410 
43040 0 60030 17150 133420 95190 15690 42530 78780 52530 73360 80430 41570 33120 43490 61300 46210 48151 69130 96190 89360 67190 87630 135490 88080 37020 
39560 60040 0 46490 83540 36340 52280 101130 78030 61540 61760 57860 19790 57070 23460 36810 105150 101050 11900 57230 49780 73670 120390 82180 101951 79450 
42740 17120 46730 0 122270 81890 6220 55380 63490 38050 74000 75270 27090 22000 26660 55960 60520 56010 57450 80900 81440 51970 100240 124340 97760 48000 
94120 133290 82650 122250 0 67170 128300 175690 159680 143460 79530 69680 102140 139420 105380 78980 179370 179610 72310 123120 51460 155590 142620 48260 122690 137680 
62990 95150 35550 81740 67400 0 87530 136240 97080 88960 73640 65000 55040 92320 57470 53030 140260 135750 26040 59920 52840 99250 140661 47940 120201 107380 
48770 15830 52360 6200 128300 87520 0 51010 65880 37480 80030 81300 32720 19570 32140 61990 56400 50280 63080 83290 87470 52530 102230 130370 100940 49990 
82320 42520 101570 55720 176202 136730 51040 0 85670 62830 112640 119710 82490 47720 82060 100580 6810 14500 110670 124250 128640 70720 98190 180212 106670 55610 
96390 79560 77980 63590 159561 97430 66200 86110 0 31440 126710 126210 65900 51070 58290 106900 92250 76890 88180 51620 125690 18540 166690 131250 162900 113430 
75620 53400 61230 38200 143070 88330 38250 63620 31050 0 106760 106260 45290 21650 39090 86950 69810 54930 71430 63200 107000 15730 135321 129642 135930 85770 
33950 73250 61920 74230 79080 73320 80280 112640 126790 106950 0 10430 63050 95470 69430 30990 116320 117963 55840 117720 28660 120380 72780 96680 52320 62330 
38030 80780 58250 75680 69330 64990 81730 120170 126490 106650 11230 0 62750 96920 69130 24610 123850 125504 49990 112380 19850 120080 83300 87870 62840 72850 
32270 41850 19980 27040 102340 55140 32830 82240 65580 45290 62590 62090 0 38710 8220 42780 86960 82050 30700 63500 63870 58720 109930 100980 99290 61260 
63990 33681 57250 21800 139610 92410 19660 47720 51270 20900 95250 96520 39110 0 36180 77210 53910 44130 67970 75240 101140 35950 115151 134480 119061 68001 
38690 43640 23570 26700 105410 57870 32440 81900 57900 39330 69010 68510 8200 36300 0 49200 87040 80280 33770 56240 68480 52760 116640 99730 105710 68840 
18500 61250 36870 55960 79000 53360 62010 100640 106770 86930 30760 24070 43030 77200 49410 0 104320 105784 29630 91510 30050 100360 89830 85430 69890 61250 
86060 46260 105310 60740 179942 140470 56430 5970 90820 68100 116380 123450 86850 53140 87080 104320 0 20380 114410 129670 132380 75860 100920 183952 109400 58340 
88141 48341 101240 55700 181446 135860 49860 14790 77050 54650 118461 125531 81540 44150 80170 106401 20980 0 111960 116300 134406 62100 107221 178750 114161 63101 
39010 69270 10800 56990 72370 26380 62780 110360 88100 71610 55840 49680 30290 67570 33530 29580 114380 111550 0 62900 38830 83740 116491 71790 96031 83400 
93020 97240 57270 81210 123270 60020 84110 123800 51560 63300 117871 112271 63470 75460 56520 91611 129990 115610 63171 0 101231 60070 179592 89210 158252 123490 
46530 89280 48780 81510 51370 52520 87560 128670 125820 107850 28750 19490 63470 100750 69540 30040 132350 133334 37980 100270 0 121080 100820 68680 80360 89500 
89420 67750 73730 52000 155570 99440 52610 70750 18340 16380 120560 120060 59090 36010 52890 100750 76890 61530 83930 60480 120800 0 150260 134830 150590 99570 
80020 88380 120210 101351 143020 141170 102321 98170 164730 134300 73210 82850 110040 114370 116840 90390 100800 107211 116500 179940 101080 148960 0 171800 21110 51250 
98800 135830 81330 124790 48250 47800 130950 180542 131700 130731 96870 87610 100820 134780 99730 85190 184222 178011 71820 89430 68780 135100 172830 0 152370 142360 
67780 88600 101470 98450 122410 120060 100900 106860 162890 136560 52100 61740 99150 119090 105530 69760 109490 114541 95390 157750 79970 150500 21040 150690 0 53470 
46530 37770 80120 49770 138290 107470 50740 55520 113460 87390 62470 72110 61910 67950 69530 61490 58150 63201 83280 124240 89650 101300 51250 142300 53600 0 

0 Ciudad_0 0 0 32400 0
1 Ciudad_1 535 8690 23290 1070
2 Ciudad_2 682 12666 24915 1364
3 Ciudad_3 762 3411 14648 1524
4 Ciudad_4 460 13376 17583 920
5 Ciudad_5 812 7852 15301 1624
6 Ciudad_6 368 12179 23534 736
7 Ciudad_7 314 13830 27210 628
8 Ciudad_8 564 8201 14820 1128
9 Ciudad_9 661 11177 22128 1322
10 Ciudad_10 536 13277 27350 1072
11 Ciudad_11 257 8460 17802 514
12 Ciudad_12 155 2173 6288 310
13 Ciudad_13 725 23208 27549 1450
14 Ciudad_14 244 24317 26358 488
15 Ciudad_15 730 16144 29638 1460
16 Ciudad_16 265 5280 12732 530
17 Ciudad_17 658 3836 17478 1316
18 Ciudad_18 416 3225 8909 832
19 Ciudad_19 330 8154 21760 660
20 Ciudad_20 445 4781 14888 890
21 Ciudad_21 409 15754 22337 818
22 Ciudad_22 701 7498 21487 1402
23 Ciudad_23 526 14625 25091 1052
24 Ciudad_24 174 2947 6559 348
25 Ciudad_25 564 17642 28562 1128

0 -0.0628129 -0.086627 -0.0872325 0.0469168 0.0312288 0.064875 0.0615447 0.0483173 0.0357761 0.0362137 -0.0979506 0.00616019 -0.0351103 -0.0420371 -0.0353619 -0.0548716 -0.0511261 0.0362015 -9.04391e-06 -0.0414396 -0.00831384 0.0794105 0.0700114 0.0178262 -0.0139351 
0.0628129 0 0.06738 -0.0714237 0.063931 0.0030196 -0.0178823 0.0162907 -0.00534569 -0.0190263 0.0558034 -0.0677104 0.0246243 0.0164729 -0.0651405 0.0998046 0.0714727 0.00323252 0.0839711 -0.0596959 0.0973096 0.0752062 0.0276498 0.0615475 0.0244748 0.0929474 
0.086627 -0.06738 0 0.0675394 -0.0859084 0.0168962 -0.0253207 0.04877 -0.0209061 0.0561796 0.0661206 0.042288 0.0325565 0.0588785 -0.00245393 -0.0995623 -0.0592624 0.0907569 -0.0460466 0.0931362 -0.0316076 0.0699267 0.0405511 -0.084296 0.0545519 0.0672492 
0.0872325 0.0714237 -0.0675394 0 0.0355718 -0.0712883 0.0647016 0.0160308 -0.0578725 0.0875274 -0.0836152 -0.0505865 -0.0743323 0.0104486 0.0699118 0.00222154 -0.00784641 -0.0635836 -0.0818145 -0.0534055 -0.0919971 0.0598291 -0.0900677 0.0482286 0.05268 0.0491709 
-0.0469168 -0.063931 0.0859084 -0.0355718 0 -0.000400816 0.052624 -0.0640344 0.0100976 0.058037 0.0164052 -0.0391476 -0.0468145 -0.0410208 0.0675104 0.0413666 0.0267991 -0.0473342 0.0159317 -0.0136944 0.0775996 0.0271256 0.00790486 0.0474048 -0.0067846 0.0450248 
-0.0312288 -0.0030196 -0.0168962 0.0712883 0.000400816 0 0.0313154 -0.0557068 -0.0442929 0.00371866 0.0990154 0.0384216 -0.0730929 -0.0482349 0.0573888 0.00987586 -0.00269249 0.0700139 -0.0256383 -0.0335163 -0.0425133 -0.0384398 -0.0744779 0.0846589 -0.0811137 -0.0454948 
-0.064875 0.0178823 0.0253207 -0.0647016 -0.052624 -0.0313154 0 0.0905845 -0.0108061 0.000357287 -0.0740883 -0.034279 0.0490305 0.0341165 -0.00607517 -0.0311909 -0.0868434 0.0492974 -0.0115622 0.0773822 0.0107236 0.00602293 -0.0651679 -0.0492333 -0.0116586 0.0882361 
-0.0615447 -0.0162907 -0.04877 -0.0160308 0.0640344 0.0557068 -0.0905845 0 0.0278683 -0.00239385 -0.0307442 0.0247855 0.0677706 -0.091808 -0.0215544 -0.0239628 0.0389246 0.0794701 -0.0101556 -0.00556144 0.0391098 -0.0720597 -0.0428157 0.0738396 0.0524757 0.0217445 
-0.0483173 0.00534569 0.0209061 0.0578725 -0.0100976 0.0442929 0.0108061 -0.0278683 0 -0.0483519 -0.0743398 -0.0682321 -0.0726801 0.0547302 0.0692262 0.0883927 -0.0890131 -0.0844174 -0.0282773 0.0781293 -0.0848133 -0.0619327 0.034999 -0.01512 -0.0434057 0.0794199 
-0.0357761 0.0190263 -0.0561796 -0.0875274 -0.058037 -0.00371866 -0.000357287 0.00239385 0.0483519 0 0.00210618 -0.0289842 0.0114562 0.0890143 -0.0213797 0.0903786 -0.0147352 -0.0501845 -0.04439 0.0446829 -0.00404806 -0.0800896 -0.0535168 -0.0370178 0.0206574 0.0811062 
-0.0362137 -0.0558034 -0.0661206 0.0836152 -0.0164052 -0.0990154 0.0740883 0.0307442 0.0743398 -0.00210618 0 -0.0539857 0.0308931 -0.0124154 -0.0701539 -0.0515146 -0.0889764 -0.076991 0.0213182 -0.0530468 -0.0200382 -0.0939719 -0.0413282 -0.0354798 0.0868596 -0.00924076 
0.0979506 0.0677104 -0.042288 0.0505865 0.0391476 -0.0384216 0.034279 -0.0247855 0.0682321 0.0289842 0.0539857 0 0.0417638 0.0193788 0.035441 -0.08935 0.065799 -0.0259989 -0.0573029 -0.0951863 0.0388989 -0.0503572 0.0673377 0.0943752 -0.0627623 0.0498435 
-0.00616019 -0.0246243 -0.0325565 0.0743323 0.0468145 0.0730929 -0.0490305 -0.0677706 0.0726801 -0.0114562 -0.0308931 -0.0417638 0 0.0771299 -0.0834978 -0.00744563 -0.0242691 0.0190414 -0.0844868 -0.0787613 0.0232048 -0.0608665 0.0490354 -0.0528017 0.0661508 0.0801755 
0.0351103 -0.0164729 -0.0588785 -0.0104486 0.0410208 0.0482349 -0.0341165 0.091808 -0.0547302 -0.0890143 0.0124154 -0.0193788 -0.0771299 0 0.0320177 0.00650955 0.0290235 -0.0347392 0.0505308 0.0562458 0.0438802 0.0914234 -0.00769274 0.0550628 0.00458828 -0.0784275 
0.0420371 0.0651405 0.00245393 -0.0699118 -0.0675104 -0.0573888 0.00607517 0.0215544 -0.0692262 0.0213797 0.0701539 -0.035441 0.0834978 -0.0320177 0 -0.0619205 -0.00693215 -0.0117292 0.0658554 0.0475243 0.0928032 -0.0241371 -0.00297715 0.0736587 -0.0831525 0.0195295 
0.0353619 -0.0998046 0.0995623 -0.00222154 -0.0413666 -0.00987586 0.0311909 0.0239628 -0.0883927 -0.0903786 0.0515146 0.08935 0.00744563 -0.00650955 0.0619205 0 0.00981038 0.0771187 0.0920609 0.0464828 0.0369667 -0.0193961 0.00192875 -0.0196481 0.0697077 -0.0471027 
0.0548716 -0.0714727 0.0592624 0.00784641 -0.0267991 0.00269249 0.0868434 -0.0389246 0.0890131 0.0147352 0.0889764 -0.065799 0.0242691 -0.0290235 0.00693215 -0.00981038 0 0.0146971 -0.0194378 -0.0958374 -0.0827954 -0.035843 -0.0462906 0.0185081 -0.0565633 0.0698414 
0.0511261 -0.00323252 -0.0907569 0.0635836 0.0473342 -0.0700139 -0.0492974 -0.0794701 0.0844174 0.0501845 0.076991 0.0259989 -0.0190414 0.0347392 0.0117292 -0.0771187 -0.0146971 0 -0.0595844 0.0591573 -0.0587009 -0.0697634 -0.0810901 0.0156266 -0.0403014 0.0936138 
-0.0362015 -0.0839711 0.0460466 0.0818145 -0.0159317 0.0256383 0.0115622 0.0101556 0.0282773 0.04439 -0.0213182 0.0573029 0.0844868 -0.0505308 -0.0658554 -0.0920609 0.0194378 0.0595844 0 0.0440006 0.0100366 0.094793 0.0380403 -0.00843591 0.0742312 0.0577484 
9.04391e-06 0.0596959 -0.0931362 0.0534055 0.0136944 0.0335163 -0.0773822 0.00556144 -0.0781293 -0.0446829 0.0530468 0.0951863 0.0787613 -0.0562458 -0.0475243 -0.0464828 0.0958374 -0.0591573 -0.0440006 0 -0.00803542 0.0328358 -0.0985324 -0.0616545 0.0562531 0.0716382 
0.0414396 -0.0973096 0.0316076 0.0919971 -0.0775996 0.0425133 -0.0107236 -0.0391098 0.0848133 0.00404806 0.0200382 -0.0388989 -0.0232048 -0.0438802 -0.0928032 -0.0369667 0.0827954 0.0587009 -0.0100366 0.00803542 0 -0.0276762 0.0207685 0.0183634 -0.0242546 0.0521797 
0.00831384 -0.0752062 -0.0699267 -0.0598291 -0.0271256 0.0384398 -0.00602293 0.0720597 0.0619327 0.0800896 0.0939719 0.0503572 0.0608665 -0.0914234 0.0241371 0.0193961 0.035843 0.0697634 -0.094793 -0.0328358 0.0276762 0 -0.0290201 -0.0715278 -0.0964015 0.0904082 
-0.0794105 -0.0276498 -0.0405511 0.0900677 -0.00790486 0.0744779 0.0651679 0.0428157 -0.034999 0.0535168 0.0413282 -0.0673377 -0.0490354 0.00769274 0.00297715 -0.00192875 0.0462906 0.0810901 -0.0380403 0.0985324 -0.0207685 0.0290201 0 -0.0824132 0.0336892 0.0713427 
-0.0700114 -0.0615475 0.084296 -0.0482286 -0.0474048 -0.0846589 0.0492333 -0.0738396 0.01512 0.0370178 0.0354798 -0.0943752 0.0528017 -0.0550628 -0.0736587 0.0196481 -0.0185081 -0.0156266 0.00843591 0.0616545 -0.0183634 0.0715278 0.0824132 0 -0.0849299 0.0918756 
-0.0178262 -0.0244748 -0.0545519 -0.05268 0.0067846 0.0811137 0.0116586 -0.0524757 0.0434057 -0.0206574 -0.0868596 0.0627623 -0.0661508 -0.00458828 0.0831525 -0.0697077 0.0565633 0.0403014 -0.0742312 -0.0562531 0.0242546 0.0964015 -0.0336892 0.0849299 0 0.0349574 
0.0139351 -0.0929474 -0.0672492 -0.0491709 -0.0450248 0.0454948 -0.0882361 -0.0217445 -0.0794199 -0.0811062 0.00924076 -0.0498435 -0.0801755 0.0784275 -0.0195295 0.0471027 -0.0698414 -0.0936138 -0.0577484 -0.0716382 -0.0521797 -0.0904082 -0.0713427 -0.0918756 -0.0349574 0 
