25

16000 4500

30 55 80

3

0 56410 41410 90380 93320 29930 99340 64150 86480 40750 33340 38400 89490 53860 79810 27540 63580 31730 63040 98050 73570 87050 35650 6840 79700 19500 
56180 0 66560 82840 148080 64440 137411 91240 130780 69810 85801 52240 126800 80560 84600 81050 13890 62861 53220 152810 30820 137351 37700 61440 97920 68221 
40680 66680 0 132452 109200 68170 73110 28030 116180 3780 38951 75480 124320 15040 44910 55490 60260 10480 39690 109590 92790 79260 29480 44400 40820 27610 
91140 82530 131361 0 151530 72240 203632 153261 103760 130161 119850 53680 96020 143271 160980 102660 95470 118780 131070 162040 60910 166090 108760 92410 169571 108930 
93190 148110 109050 151460 0 97320 128301 112200 57520 106730 74720 113560 69230 109610 143830 69330 153710 104010 144050 12510 162400 51940 122780 88530 127230 89350 
29960 64440 68201 71910 97100 0 126381 90101 69820 67001 53010 19930 68640 80111 105930 35290 77550 58351 89160 104630 68450 101510 60560 28170 106321 47991 
98730 137691 72760 203711 128671 125841 0 47441 156710 70700 77370 136561 165950 59901 71970 101190 127371 78100 94641 116641 163801 77161 101600 99740 47530 80240 
64710 90700 28110 154703 112330 90471 47491 0 132810 26710 50570 101191 141540 13370 36180 72820 79560 35950 48190 106440 119700 71770 55640 66840 18600 48130 
86350 130821 115760 103890 58260 69860 157920 132860 0 113670 85770 80251 18190 125980 157851 62190 143841 105910 145860 68350 130391 96610 121080 80910 149170 90650 
40300 69150 3020 131223 107100 66991 71350 27180 113930 0 36100 75100 122070 14780 44880 53240 62850 9950 42200 107490 95260 77160 31950 43890 40790 25180 
33280 85611 39180 120392 74590 53010 77480 51000 85790 36460 0 66880 93930 45130 78900 25630 87150 33550 75440 78970 104120 56030 55460 29680 67470 19220 
39950 51650 77180 53510 113610 21050 138261 101370 79840 76520 68570 0 75860 89630 111090 53510 64670 67500 87650 121140 51220 118310 59370 41220 116770 57650 
88770 126451 123530 97170 69790 68450 165690 140630 18390 121440 93540 75881 0 133750 166220 69960 139471 113680 150910 79880 126021 108140 123500 83330 157480 98420 
53260 80760 15030 144183 109570 79951 59181 13280 126180 14300 45120 88060 134320 0 34490 65490 69830 22870 39860 108010 106870 73910 43560 56850 27970 38140 
79530 84180 44710 161010 144270 105710 72060 36300 158160 44530 78880 110730 167610 34470 0 97470 73040 52760 32640 141200 114360 106530 52580 84680 26250 69410 
28440 82250 55610 102520 69410 35160 101450 72710 62480 53520 25590 52210 70620 65830 97701 0 90640 45760 85710 74140 95990 67870 61540 23000 89020 30500 
63350 13770 60210 95300 153490 77330 126191 80020 143670 63510 87320 65130 139690 69740 73380 89520 0 60000 42000 158220 44350 136890 34330 68820 86700 69880 
31240 62871 10680 119612 103780 58401 77980 36010 106350 10910 33470 66040 114490 23020 52890 45660 60160 0 42850 106530 88981 77630 28400 34960 48800 18020 
62770 53150 39330 131160 144040 88950 94061 48120 146540 42030 75531 87560 150920 40080 32900 85850 42010 42730 0 144430 83730 112030 30620 68700 50580 58210 
97730 152650 109190 161100 12420 104580 117721 106760 68120 106870 79260 120820 79830 108750 141780 73870 158250 106530 143780 0 169440 41040 127320 93070 121420 93890 
73660 30920 92770 60660 162440 68460 164011 120030 129930 96020 104270 51390 125950 106770 114290 95520 44570 89071 83900 169220 0 159170 63910 76250 126710 87920 
86291 137421 79160 165760 52980 101410 78021 71740 96440 76840 55321 118610 108150 74360 106760 67870 137010 77950 112510 40660 159031 0 105320 82581 86400 70741 
35750 37790 29460 108680 122590 60970 101421 55520 121270 32710 55670 59190 123900 43460 52810 60850 34440 28290 30580 127320 63900 105240 0 41680 62930 38230 
6850 61570 44970 91660 88550 28430 100200 66300 80420 43680 29790 39680 83440 56790 85410 21440 69050 35290 68970 93280 76250 83160 41580 0 82610 21650 
79110 97600 40480 170453 127860 106221 47910 18560 149150 40290 66670 115170 157290 27490 26310 88570 86460 48530 50410 121970 126600 87300 62540 82590 0 63880 
19530 68351 27630 109712 89180 47921 81050 47730 91030 25110 19270 56140 99170 38220 69490 30340 69840 18210 58160 93910 87890 71591 38150 21590 64040 0 

0 Ciudad_0 0 0 32400 0
1 Ciudad_1 280 8662 23262 560
2 Ciudad_2 123 4701 16950 246
3 Ciudad_3 244 11435 22672 488
4 Ciudad_4 549 7161 11368 1098
5 Ciudad_5 544 19579 27028 1088
6 Ciudad_6 330 6797 18152 660
7 Ciudad_7 233 9564 22944 466
8 Ciudad_8 437 18754 25373 874
9 Ciudad_9 329 5071 16022 658
10 Ciudad_10 507 9757 23830 1014
11 Ciudad_11 480 7578 16920 960
12 Ciudad_12 157 15028 19143 314
13 Ciudad_13 108 18451 22792 216
14 Ciudad_14 747 8437 10478 1494
15 Ciudad_15 442 11942 25436 884
16 Ciudad_16 782 12289 19741 1564
17 Ciudad_17 185 12585 26227 370
18 Ciudad_18 779 13819 19503 1558
19 Ciudad_19 292 8338 21944 584
20 Ciudad_20 657 7006 17113 1314
21 Ciudad_21 298 17069 23652 596
22 Ciudad_22 816 4085 18074 1632
23 Ciudad_23 238 11170 21636 476
24 Ciudad_24 473 10451 14063 946
25 Ciudad_25 421 2838 13758 842

0 0.0324009 -0.0550461 0.0772728 0.0517437 0.0637101 0.0246204 -0.0875483 0.0594163 -0.0209299 0.0430335 0.0185948 -0.0466561 -0.0383459 -0.0988698 0.00825385 -0.0731811 0.0664718 0.0910572 0.068218 0.0469236 0.0413669 0.0913485 -0.0527204 0.0479012 0.0132193 
-0.0324009 0 0.0101725 0.0679526 -0.0395828 -0.0228286 -0.0728341 -6.92314e-05 -0.0699943 -0.0668827 0.0544473 0.0702185 -0.0044389 -0.0396617 -0.0191733 0.0723957 0.0717266 0.0744075 0.0398793 0.047376 -0.0628856 -0.0287577 -0.062438 -0.0560292 0.0182673 0.060954 
0.0550461 -0.0101725 0 -0.0996253 -0.0518514 -0.0922571 0.0666257 -0.07998 0.0277055 0.0594107 -0.0684425 -0.0529677 -0.00375555 -0.0913703 -0.0918402 0.0348866 0.0212128 -0.0404115 0.0354204 0.00679188 -0.0284892 -0.0857947 0.0687621 -0.0709078 -0.00359147 -0.087475 
-0.0772728 -0.0679526 0.0996253 0 -0.0964763 -0.0788398 0.0251449 -0.0409033 -0.071786 -0.0179796 -0.0733992 0.0976346 0.0101371 0.00543387 0.0397925 0.0659965 -0.0399596 0.0205522 -0.0643778 -0.0659512 0.0563456 -0.00272215 -0.00996099 -0.05251 0.0422061 0.0176952 
-0.0517437 0.0395828 0.0518514 0.0964763 0 0.0281543 -0.0182104 -0.0018295 0.0532041 0.0254542 -0.0211376 -0.0867556 -0.0540332 0.040918 -0.0964425 -0.0147068 -0.0164664 -0.00191474 0.0675177 0.0721579 0.0148073 -0.0381085 0.0897241 0.0883092 0.0813972 -0.0105294 
-0.0637101 0.0228286 0.0922571 0.0788398 -0.0281543 0 -0.0438005 0.0036191 0.0467644 0.0607946 0.0510021 -0.0973883 0.020964 0.0404036 -0.00674069 -0.0101577 0.0488216 0.0918026 0.0724873 0.0312839 0.0273959 0.0309266 -0.00233378 -0.0794555 -0.0322227 -0.0909265 
-0.0246204 0.0728341 -0.0666257 -0.0251449 0.0182104 0.0438005 0 -0.0934959 0.0502189 0.0590874 0.0926676 0.0436008 -0.0445366 0.0340781 -0.0916183 0.0701942 0.0503662 -0.032049 -0.0134507 0.0318683 -0.038675 0.074266 0.075816 -0.0833229 0.0359453 -0.0285571 
0.0875483 6.92314e-05 0.07998 0.0409033 0.0018295 -0.0036191 0.0934959 0 -0.0045749 0.0726764 0.0989843 -0.00524757 0.0758525 0.089848 0.0369454 0.0109946 0.0569484 0.0484752 -0.0259535 0.0558691 0.0307015 0.0228716 0.0161793 -0.052451 0.0790902 0.056568 
-0.0594163 0.0699943 -0.0277055 0.071786 -0.0532041 -0.0467644 -0.0502189 0.0045749 0 0.0647624 -0.0336633 -0.0579408 -0.0104683 -0.0363995 -0.0790987 0.0834958 0.00866623 -0.0294946 0.0231597 0.004794 -0.0983177 0.0211478 0.0788674 -0.00714292 -0.0300287 0.0502463 
0.0209299 0.0668827 -0.0594107 0.0179796 -0.0254542 -0.0607946 -0.0590874 -0.0726764 -0.0647624 0 -0.0556212 0.0955633 -0.0647617 -0.0845948 0.010988 0.0298459 0.0675 0.093239 0.0157179 -0.0170177 -0.069576 -0.0489255 0.068042 0.0660292 -0.0678311 -0.0416216 
-0.0430335 -0.0544473 0.0684425 0.0733992 0.0211376 -0.0510021 -0.0926676 -0.0989843 0.0336633 0.0556212 0 0.0429246 0.0158375 0.078707 0.0127369 0.0402228 -0.0626155 -0.0429221 0.0244496 -0.0861969 0.0948701 -0.0270794 -0.0882898 -0.0952609 -0.0221178 -0.0730739 
-0.0185948 -0.0702185 0.0529677 -0.0976346 0.0867556 0.0973883 -0.0436008 0.00524757 0.0579408 -0.0955633 -0.0429246 0 -0.0980974 -0.0299195 0.0721295 -0.0538869 -0.0295496 0.0505725 -0.00742536 0.0198219 0.00364259 0.0621394 0.0418606 -0.0394434 -0.00385603 0.0776259 
0.0466561 0.0044389 0.00375555 -0.0101371 0.0540332 -0.020964 0.0445366 -0.0758525 0.0104683 0.0647617 -0.0158375 0.0980974 0 -0.0119609 -0.0671721 -0.093502 -0.0424789 0.0805393 -0.0763789 -0.0339957 0.0585447 -0.0238798 -0.0706576 0.0972131 -0.0659418 0.0564353 
0.0383459 0.0396617 0.0913703 -0.00543387 -0.040918 -0.0404036 -0.0340781 -0.089848 0.0363995 0.0845948 -0.078707 0.0299195 0.0119609 0 0.00485091 0.0842816 -0.0637914 0.0107597 -0.0825336 0.0660029 0.0618851 0.0510229 -0.080536 -0.0209088 -0.0540275 0.0706084 
0.0988698 0.0191733 0.0918402 -0.0397925 0.0964425 0.00674069 0.0916183 -0.0369454 0.0790987 -0.010988 -0.0127369 -0.0721295 0.0671721 -0.00485091 0 -0.0135796 0.0574213 0.0901541 -0.0982896 -0.0445859 -0.0793457 0.0845644 -0.0882252 0.0750487 0.0984387 -0.0911815 
-0.00825385 -0.0723957 -0.0348866 -0.0659965 0.0147068 0.0101577 -0.0701942 -0.0109946 -0.0834958 -0.0298459 -0.0402228 0.0538869 0.093502 -0.0842816 0.0135796 0 -0.0726124 0.0144076 -0.0808636 0.0443223 0.0276964 -0.0733803 -0.0878589 -0.0257661 0.0813168 -0.0437339 
0.0731811 -0.0717266 -0.0212128 0.0399596 0.0164664 -0.0488216 -0.0503662 -0.0569484 -0.00866623 -0.0675 0.0626155 0.0295496 0.0424789 0.0637914 -0.0574213 0.0726124 0 -0.0203652 0.0666857 0.00938202 0.0537938 -0.00714068 -0.0826496 -0.0641758 0.00117356 -0.0424645 
-0.0664718 -0.0744075 0.0404115 -0.0205522 0.00191474 -0.0918026 0.032049 -0.0484752 0.0294946 -0.093239 0.0429221 -0.0505725 -0.0805393 -0.0107597 -0.0901541 -0.0144076 0.0203652 0 -0.00181896 0.0508366 -0.056599 -0.0843024 -0.0392598 0.00533061 -0.0195919 -0.098341 
-0.0910572 -0.0398793 -0.0354204 0.0643778 -0.0675177 -0.0724873 0.0134507 0.0259535 -0.0231597 -0.0157179 -0.0244496 0.00742536 0.0763789 0.0825336 0.0982896 0.0808636 -0.0666857 0.00181896 0 0.0570272 0.0821432 -0.0998831 -0.0201149 0.0717306 -0.0743206 0.0898901 
-0.068218 -0.047376 -0.00679188 0.0659512 -0.0721579 -0.0312839 -0.0318683 -0.0558691 -0.004794 0.0170177 0.0861969 -0.0198219 0.0339957 -0.0660029 0.0445859 -0.0443223 -0.00938202 -0.0508366 -0.0570272 0 0.0902463 -0.0556146 -0.00536004 -0.0223147 -0.0825717 -0.0998812 
-0.0469236 0.0628856 0.0284892 -0.0563456 -0.0148073 -0.0273959 0.038675 -0.0307015 0.0983177 0.069576 -0.0948701 -0.00364259 -0.0585447 -0.0618851 0.0793457 -0.0276964 -0.0537938 0.056599 -0.0821432 -0.0902463 0 0.0465365 0.0848252 0.0275444 -0.0707751 0.0469222 
-0.0413669 0.0287577 0.0857947 0.00272215 0.0381085 -0.0309266 -0.074266 -0.0228716 -0.0211478 0.0489255 0.0270794 -0.0621394 0.0238798 -0.0510229 -0.0845644 0.0733803 0.00714068 0.0843024 0.0998831 0.0556146 -0.0465365 0 -0.0435133 -0.0274833 0.0358912 0.0421842 
-0.0913485 0.062438 -0.0687621 0.00996099 -0.0897241 0.00233378 -0.075816 -0.0161793 -0.0788674 -0.068042 0.0882898 -0.0418606 0.0706576 0.080536 0.0882252 0.0878589 0.0826496 0.0392598 0.0201149 0.00536004 -0.0848252 0.0435133 0 0.0596992 -0.00992535 -0.0315541 
0.0527204 0.0560292 0.0709078 0.05251 -0.0883092 0.0794555 0.0833229 0.052451 0.00714292 -0.0660292 0.0952609 0.0394434 -0.0972131 0.0209088 -0.0750487 0.0257661 0.0641758 -0.00533061 -0.0717306 0.0223147 -0.0275444 0.0274833 -0.0596992 0 -0.0405148 -0.0341357 
-0.0479012 -0.0182673 0.00359147 -0.0422061 -0.0813972 0.0322227 -0.0359453 -0.0790902 0.0300287 0.0678311 0.0221178 0.00385603 0.0659418 0.0540275 -0.0984387 -0.0813168 -0.00117356 0.0195919 0.0743206 0.0825717 0.0707751 -0.0358912 0.00992535 0.0405148 0 0.0644365 
-0.0132193 -0.060954 0.087475 -0.0176952 0.0105294 0.0909265 0.0285571 -0.056568 -0.0502463 0.0416216 0.0730739 -0.0776259 -0.0564353 -0.0706084 0.0911815 0.0437339 0.0424645 0.098341 -0.0898901 0.0998812 -0.0469222 -0.0421842 0.0315541 0.0341357 -0.0644365 0 
