25

16000 4500

30 55 80

3

0 80710 59620 88840 64000 28420 86030 96060 68970 85320 87770 90660 32220 86270 99160 55680 40820 97140 84850 88500 93220 65020 57940 69310 98340 29010 
80610 0 52571 164130 67891 78540 9950 21730 74310 159560 53470 144000 57620 149030 31760 85401 91060 22480 98721 152310 114271 114770 124720 13680 27690 92010 
59660 53021 0 136440 16480 39220 54850 69810 103090 140780 91840 97770 27630 145750 51750 35200 47800 67860 123550 147720 138620 124500 82700 41701 74831 56750 
88170 163270 135581 0 131761 97360 169920 180250 135940 41050 171110 82830 112520 79600 188430 112081 89730 181330 135760 72840 132910 99740 54730 155160 182120 80641 
64990 67421 16210 133441 0 42110 69610 84570 116480 144230 106521 90930 37460 150841 65240 25340 44960 82620 136940 151800 152010 129830 79860 56101 89231 58300 
28010 78330 39070 97760 41090 0 84750 95260 92120 103820 104830 68440 22680 110481 88050 28760 16960 96340 109480 110760 117850 91950 46730 65100 97620 17730 
85930 10060 54950 170420 70030 84910 0 16160 78331 164320 55400 150370 63990 153790 27250 88100 97430 13270 102312 157070 117862 119530 130060 20270 23760 97350 
96050 22140 69990 180820 85070 95220 16350 0 72971 175800 45500 161540 74500 156952 39560 103680 109440 11040 96952 162060 112502 120462 140160 32640 10680 107450 
69330 74220 103570 135990 117200 92610 77750 73121 0 109521 38440 155640 85330 86091 97340 119050 105650 83811 26080 90141 41630 49601 124360 69470 68741 95910 
85470 159380 140210 39870 142350 103660 164290 175740 109042 0 146552 114240 114400 42510 181370 122670 101740 177090 104400 35750 98950 68120 78210 151270 172850 89940 
87840 53710 92810 171970 107930 104760 54980 45370 38890 146330 0 170950 85220 122961 79900 121030 119520 56060 61290 128171 76840 86471 143070 53180 40080 109940 
90400 144260 97950 82700 90070 68500 150590 162840 157060 114360 172510 0 87550 141920 148570 66790 52590 163680 169160 136150 176840 142260 41920 131000 165200 64870 
32250 57380 27630 113010 37030 22640 63800 74520 85070 113450 84800 87540 0 118340 71040 36310 35440 75600 105530 120390 117950 97090 66690 44150 76880 34890 
85900 148320 145210 78750 149551 109821 153230 157612 85511 42560 123021 141000 117810 0 171440 135991 115001 164430 69950 8400 61830 38370 99110 142420 153042 101801 
99150 31840 52020 189140 64560 88470 27280 39590 97750 181510 79100 148500 71380 172210 0 86030 98530 29840 122161 175490 137711 137950 133430 31560 49190 106080 
55780 85151 35120 111881 24430 28680 87870 103370 118790 122670 120560 66790 36260 135671 85690 0 23400 101420 136330 133730 145160 119500 58300 73250 106961 36740 
40960 90820 47750 89971 44440 17260 97240 109430 105520 101710 119530 52480 35410 115281 98210 24760 0 110240 121330 112770 129700 99110 35280 77590 111790 16350 
97210 22620 67840 181980 82920 96380 13220 11070 83611 177240 56140 162700 75660 165300 29830 101530 110530 0 107592 168810 123142 129410 141320 32900 21030 108610 
84890 98920 123940 135760 137570 109720 102001 97241 25990 104060 61390 169440 105510 69890 122040 136160 121570 107931 0 77060 15860 39550 132890 94170 92861 108250 
88700 152410 147760 72840 150940 111210 157320 162840 90061 36650 128541 136270 120610 8410 175530 134080 113150 168540 77550 0 69410 42920 94380 146510 158562 101180 
93250 114470 138790 130620 152420 118290 117551 112791 41540 98920 76940 176690 118060 61790 137590 145220 129930 123481 15890 69170 0 36560 136540 109720 108411 116610 
65140 114750 124450 98800 128830 92030 118870 120952 49041 67880 86551 142090 97050 38390 137870 119670 98680 128690 39640 42440 36390 0 103840 108850 116572 85480 
57840 124130 82420 55010 79110 46750 129450 139480 123660 77500 142880 42010 66350 100120 133040 59140 35120 140560 132340 94350 136560 103480 0 110930 141840 32470 
69320 13680 41561 156020 56881 65270 20070 32200 69650 151450 52330 130520 44350 143030 31540 73480 77790 32810 94061 146310 109611 108770 112110 0 35650 79200 
98340 27890 74391 182830 89711 97710 23770 10680 69141 172510 40170 164030 76990 153122 49210 107221 111930 20860 93122 158332 108672 116632 142650 35520 0 109940 
28600 91800 56940 80991 56750 18210 97120 107150 95240 89720 109250 64850 34710 101911 105920 37070 16080 108230 107870 100560 116240 85740 32640 78860 109510 0 

0 Ciudad_0 0 0 32400 0
1 Ciudad_1 503 10219 24819 1006
2 Ciudad_2 347 7655 19904 694
3 Ciudad_3 494 13485 24722 988
4 Ciudad_4 302 5316 9523 604
5 Ciudad_5 428 5418 12867 856
6 Ciudad_6 639 12635 23990 1278
7 Ciudad_7 453 13532 26912 906
8 Ciudad_8 762 12575 19194 1524
9 Ciudad_9 379 6349 17300 758
10 Ciudad_10 810 11150 25223 1620
11 Ciudad_11 815 9427 18769 1630
12 Ciudad_12 169 23291 27406 338
13 Ciudad_13 826 20299 24640 1652
14 Ciudad_14 497 24072 26113 994
15 Ciudad_15 299 5798 19292 598
16 Ciudad_16 452 14538 21990 904
17 Ciudad_17 320 11079 24721 640
18 Ciudad_18 709 11563 17247 1418
19 Ciudad_19 608 12404 26010 1216
20 Ciudad_20 665 11975 22082 1330
21 Ciudad_21 534 12607 19190 1068
22 Ciudad_22 318 8263 22252 636
23 Ciudad_23 695 5193 15659 1390
24 Ciudad_24 766 21265 24877 1532
25 Ciudad_25 371 7265 18185 742

0 -0.00509344 0.0201073 0.000146773 -0.0271728 0.0170745 -0.00984256 0.0709318 0.00820566 -0.0660485 0.0512932 -0.0054802 0.0218838 -0.00650643 -0.0792371 0.0962036 -0.0770472 0.0925521 -0.0551311 0.0481423 0.0464884 -0.0319396 0.0776355 -0.0928619 -0.02238 0.0985516 
0.00509344 0 -0.0746621 0.0547057 -0.0665058 -0.0587191 -0.0411883 0.00412213 0.0108087 0.00749621 0.0948125 0.0767938 0.0503228 0.0737477 -0.0432377 0.0500003 -0.0470546 0.0172595 0.062649 -0.0183323 0.0265871 0.0034121 0.0237002 -0.0173129 -0.0710632 0.0183786 
-0.0201073 0.0746621 0 0.0659394 0.00757255 -0.0200939 -0.0833025 -0.0578021 0.0119625 0.0951461 0.0758461 -0.029272 0.0701248 0.031758 -0.0660988 0.0992782 -0.0054262 -0.0391926 0.0338891 -0.0294928 0.0473986 0.0714398 -0.0123651 0.0858189 0.0743428 -0.0311753 
-0.000146773 -0.0547057 -0.0659394 0 -0.0940337 -0.00263082 0.0647648 0.0673265 0.0158152 0.0422866 0.0612173 -0.0534878 0.0530446 0.0944458 -0.0583032 -0.0922262 -0.0169311 -0.0551237 0.0273018 -0.00104159 0.0515145 -0.0172245 -0.0455931 -0.0169477 0.0378243 0.0280888 
0.0271728 0.0665058 -0.00757255 0.0940337 0 0.00341524 0.0168862 0.015538 0.0933162 0.0678385 -0.0961066 0.049694 0.012483 -0.0272529 -0.0556908 0.0360694 -0.0654338 -0.0197716 -0.0111848 -0.00801027 0.0371461 -0.0365971 0.0272256 -0.0498232 0.0816241 -0.0145432 
-0.0170745 0.0587191 0.0200939 0.00263082 -0.00341524 0 -0.0523135 0.0182354 0.00588598 -0.0700867 -0.0696418 -0.0938847 0.00298738 0.0249019 0.0532251 0.042988 -0.0593578 0.0337733 -0.0135335 0.0324636 -0.0549796 0.0829393 0.0115534 0.0250955 0.099436 0.017303 
0.00984256 0.0411883 0.0833025 -0.0647648 -0.0168862 0.0523135 0 -0.0794281 0.0412665 -0.0824675 -0.00517378 -0.0535387 -0.0200489 -0.0908934 0.0695437 -0.0470159 -0.0724601 -0.00536462 -0.0904742 0.0110059 0.0423209 0.0169295 0.0279102 -0.0788206 0.00194557 -0.0889674 
-0.0709318 -0.00412213 0.0578021 -0.0673265 -0.015538 -0.0182354 0.0794281 0 -0.043116 0.00884227 0.0769249 0.0796979 0.00758826 -0.0299317 -0.00926186 0.0360682 -0.0286685 0.00570508 -0.0137295 -0.040038 0.0849238 0.0854202 -0.0595243 0.0495563 -0.0145534 0.0759481 
-0.00820566 -0.0108087 -0.0119625 -0.0158152 -0.0933162 -0.00588598 -0.0412665 0.043116 0 0.0207591 -0.0160051 -0.0245335 0.00635144 0.029003 -0.0372253 0.0736538 0.0751564 0.0884603 -0.0101935 0.0641303 -0.0744619 0.0659037 0.0726509 0.0361506 -0.0189898 0.0669545 
0.0660485 -0.00749621 -0.0951461 -0.0422866 -0.0678385 0.0700867 0.0824675 -0.00884227 -0.0207591 0 0.00733807 -0.0202693 -0.0116097 -0.052728 0.016157 -0.0382371 0.016471 -0.0980294 -0.0196182 0.0336042 -0.0480449 -0.0369525 0.0145882 0.0654466 -0.0302945 0.043789 
-0.0512932 -0.0948125 -0.0758461 -0.0612173 0.0961066 0.0696418 0.00517378 -0.0769249 0.0160051 -0.00733807 0 0.0643025 -0.0869267 -0.0506908 -0.0585922 -0.0199631 -0.00881608 0.0479936 -0.011726 0.0611196 0.028054 0.0934773 -0.0908934 0.056333 -0.0176812 0.0419849 
0.0054802 -0.0767938 0.029272 0.0534878 -0.049694 0.0938847 0.0535387 -0.0796979 0.0245335 0.0202693 -0.0643025 0 0.0978897 0.00975028 -0.0394494 -0.042365 0.0336489 -0.00214667 -0.0290878 0.0533246 0.0782535 0.0266156 -0.0781053 -0.0983328 0.0636771 0.0947039 
-0.0218838 -0.0503228 -0.0701248 -0.0530446 -0.012483 -0.00298738 0.0200489 -0.00758826 -0.00635144 0.0116097 0.0869267 -0.0978897 0 -0.0414833 0.083486 -0.0159765 0.0381452 0.0958331 0.0963844 0.0958778 0.0890987 -0.0807498 -0.0848454 0.0892896 -0.022478 0.0288467 
0.00650643 -0.0737477 -0.031758 -0.0944458 0.0272529 -0.0249019 0.0908934 0.0299317 -0.029003 0.052728 0.0506908 -0.00975028 0.0414833 0 0.0404537 0.0178207 -0.0281686 0.0675473 0.0111822 0.0332774 -0.0360849 0.0135442 -0.029675 0.0347272 -0.0345981 -0.0703071 
0.0792371 0.0432377 0.0660988 0.0583032 0.0556908 -0.0532251 -0.0695437 0.00926186 0.0372253 -0.016157 0.0585922 0.0394494 -0.083486 -0.0404537 0 -0.0121527 0.0638798 -0.0984374 0.0345959 -0.0514043 0.0192545 0.0700757 -0.03398 -0.0415661 0.00284997 0.0553555 
-0.0962036 -0.0500003 -0.0992782 0.0922262 -0.0360694 -0.042988 0.0470159 -0.0360682 -0.0736538 0.0382371 0.0199631 0.042365 0.0159765 -0.0178207 0.0121527 0 -0.0455651 0.0193501 0.0451106 0.0917076 0.0346617 -0.0799837 -0.00950346 -0.0401094 -0.058208 -0.0100218 
0.0770472 0.0470546 0.0054262 0.0169311 0.0654338 0.0593578 0.0724601 0.0286685 -0.0751564 -0.016471 0.00881608 -0.0336489 -0.0381452 0.0281686 -0.0638798 0.0455651 0 -0.0701018 0.029172 -0.0850522 0.0503189 -0.0340503 0.0780878 -0.0385743 0.0364988 0.0815805 
-0.0925521 -0.0172595 0.0391926 0.0551237 0.0197716 -0.0337733 0.00536462 -0.00570508 -0.0884603 0.0980294 -0.0479936 0.00214667 -0.0958331 -0.0675473 0.0984374 -0.0193501 0.0701018 0 -0.0728973 -0.021923 0.0495918 0.0972631 0.0369755 -0.0448674 0.0996941 0.0275026 
0.0551311 -0.062649 -0.0338891 -0.0273018 0.0111848 0.0135335 0.0904742 0.0137295 0.0101935 0.0196182 0.011726 0.0290878 -0.0963844 -0.0111822 -0.0345959 -0.0451106 -0.029172 0.0728973 0 0.0559474 0.0466186 -0.0663843 -0.026409 -0.0055833 0.0174756 0.026846 
-0.0481423 0.0183323 0.0294928 0.00104159 0.00801027 -0.0324636 -0.0110059 0.040038 -0.0641303 -0.0336042 -0.0611196 -0.0533246 -0.0958778 -0.0332774 0.0514043 -0.0917076 0.0850522 0.021923 -0.0559474 0 0.0390972 -0.024862 -0.0943859 0.0300183 0.0977419 -0.0161564 
-0.0464884 -0.0265871 -0.0473986 -0.0515145 -0.0371461 0.0549796 -0.0423209 -0.0849238 0.0744619 0.0480449 -0.028054 -0.0782535 -0.0890987 0.0360849 -0.0192545 -0.0346617 -0.0503189 -0.0495918 -0.0466186 -0.0390972 0 -0.0964903 0.0442983 -0.064399 -0.00383089 -0.020024 
0.0319396 -0.0034121 -0.0714398 0.0172245 0.0365971 -0.0829393 -0.0169295 -0.0854202 -0.0659037 0.0369525 -0.0934773 -0.0266156 0.0807498 -0.0135442 -0.0700757 0.0799837 0.0340503 -0.0972631 0.0663843 0.024862 0.0964903 0 0.0415789 0.0508335 -0.0177515 0.03799 
-0.0776355 -0.0237002 0.0123651 0.0455931 -0.0272256 -0.0115534 -0.0279102 0.0595243 -0.0726509 -0.0145882 0.0908934 0.0781053 0.0848454 0.029675 0.03398 0.00950346 -0.0780878 -0.0369755 0.026409 0.0943859 -0.0442983 -0.0415789 0 -0.0475407 0.0188004 -0.0461314 
0.0928619 0.0173129 -0.0858189 0.0169477 0.0498232 -0.0250955 0.0788206 -0.0495563 -0.0361506 -0.0654466 -0.056333 0.0983328 -0.0892896 -0.0347272 0.0415661 0.0401094 0.0385743 0.0448674 0.0055833 -0.0300183 0.064399 -0.0508335 0.0475407 0 -0.0291373 0.0525615 
0.02238 0.0710632 -0.0743428 -0.0378243 -0.0816241 -0.099436 -0.00194557 0.0145534 0.0189898 0.0302945 0.0176812 -0.0636771 0.022478 0.0345981 -0.00284997 0.058208 -0.0364988 -0.0996941 -0.0174756 -0.0977419 0.00383089 0.0177515 -0.0188004 0.0291373 0 0.0639635 
-0.0985516 -0.0183786 0.0311753 -0.0280888 0.0145432 -0.017303 0.0889674 -0.0759481 -0.0669545 -0.043789 -0.0419849 -0.0947039 -0.0288467 0.0703071 -0.0553555 0.0100218 -0.0815805 -0.0275026 -0.026846 0.0161564 0.020024 -0.03799 0.0461314 -0.0525615 -0.0639635 0 
