25

16000 4500

30 55 80

3

0 24210 30750 74830 45930 64050 20430 21190 21340 13490 50540 11370 48700 45050 21840 58701 82250 52450 31000 13010 75190 7150 14740 25620 16710 17140 
24180 0 18450 74020 29220 72401 13270 17810 34150 14300 54430 25590 59840 48940 12090 64682 91941 56340 27790 12010 85640 18700 18170 16810 17260 17560 
30490 18450 0 62400 19830 70410 11370 15910 37550 17980 46400 28990 60790 44200 9680 61940 89950 48620 21630 19800 84950 23570 21570 34780 18730 34150 
74270 74020 62360 0 61511 47970 62740 58280 61620 65310 24970 65430 59860 31620 63200 40290 65150 25850 46960 68000 65450 70140 63620 86790 62910 83790 
46320 29510 19800 61511 0 80680 28430 32970 54220 34470 51670 45660 73000 52410 26740 72050 100220 53890 31900 34650 95220 40070 38240 42280 35790 47080 
64170 72261 70340 48030 80630 0 62410 57290 46640 59121 32620 54420 21460 30220 63440 11780 21850 30790 49820 61811 20530 63210 57431 81681 57081 78130 
19260 13400 13000 62710 30090 62520 0 5910 26320 6750 43540 17760 49950 38050 4090 54370 82051 45450 16480 8570 75750 12340 10340 25920 7500 22920 
21320 17470 15880 58280 32970 57330 5940 0 25510 9060 38350 18190 45850 32860 6970 49180 76870 40260 11900 11800 71650 14290 11010 29990 7010 26990 
20900 33820 37390 62340 54030 46550 27070 26060 0 20640 38050 10010 30430 32560 28480 45320 64750 39960 28270 23330 57690 19940 16250 42160 20860 34860 
13090 14060 18170 65070 34510 58751 7850 8920 20520 0 40780 11960 46190 35290 9260 51032 78291 42690 18730 3660 71990 6090 4540 23530 4440 20260 
49970 54150 46430 24920 51690 32800 43380 38260 37320 41010 0 41130 35560 7320 44360 20890 52340 2730 27410 43700 49460 45840 39320 63570 38970 60300 
11350 25570 29140 65450 45780 53980 18820 18010 10410 12390 41160 0 38630 35670 20230 48631 72180 43070 24600 15080 65120 10390 8000 32610 12610 25310 
48540 59530 60640 59540 72860 21500 50700 45820 30210 46350 35250 38790 0 29310 51730 20520 35590 36500 42050 49040 28460 47580 43410 68910 44560 62500 
44570 48750 44190 31520 52400 30540 37980 32860 31920 35610 7230 35730 29680 0 39010 20040 50080 8340 25010 38300 46590 40440 33920 58170 33570 54900 
21600 12130 9780 63230 26870 63630 2480 7020 28660 9090 44320 20100 52130 39160 0 55480 83170 46540 17000 10910 77930 14690 12680 28010 9840 25260 
58780 64621 61900 40370 72120 11980 54350 49230 44990 51481 20920 49030 20740 19970 55380 0 31520 19090 41380 54171 28640 56311 49791 74041 49441 70771 
82600 92191 90270 65060 100560 21600 82340 77220 65070 79051 52550 72850 35370 50150 83370 31710 0 50720 69750 81741 26730 81640 76610 101611 77011 96560 
51880 56060 48670 25790 53930 30770 45290 40170 39230 42920 2730 43040 36300 8130 46320 18860 50310 0 29650 45610 47430 47750 41230 65480 40880 62210 
31120 27830 21610 46950 31900 49920 16550 11990 27770 19080 27370 24650 42240 25130 17010 41450 69460 29590 0 21820 64460 24090 19440 40600 16010 37600 
13040 12010 20250 68220 34410 61901 9930 11890 23490 3910 43930 14930 49200 38440 11340 54182 81441 45840 21760 0 75000 7340 7510 20080 7470 16810 
76260 86390 85010 65470 95300 20540 77080 71960 58420 73210 49400 66510 28550 46440 78110 28760 26810 47770 64490 75900 0 75300 70270 95770 71420 90220 
7070 18710 23830 70270 40170 62990 13510 14240 20280 6650 45980 10310 47640 40490 14920 56232 81190 47890 24050 7250 74130 0 9560 26000 9760 19000 
14850 18300 21980 63720 38510 57151 11660 10890 16590 5120 39430 8030 43350 33940 13070 49432 76210 41340 19380 7810 69150 9950 0 27680 5700 24410 
25590 16570 34750 87070 42360 81721 27300 30270 42690 23730 63750 32720 69020 58260 27980 74002 101261 65660 40840 20010 94820 26300 27330 0 27290 8960 
16800 17170 18800 62880 35890 57351 8630 7090 21430 4760 39380 12870 44790 33890 9890 49632 76891 41290 15980 7500 70590 9770 5750 27370 0 24100 
16970 17650 34490 83940 46870 78110 24170 27140 35400 20450 60470 25430 62760 54980 25580 70722 96310 62380 37710 16730 89250 19300 24050 8980 24010 0 

0 Ciudad_0 0 0 32400 0
1 Ciudad_1 112 16282 30882 224
2 Ciudad_2 201 10771 23020 402
3 Ciudad_3 494 12741 23978 988
4 Ciudad_4 100 6258 10465 200
5 Ciudad_5 113 11423 18872 226
6 Ciudad_6 460 14676 26031 920
7 Ciudad_7 251 15216 28596 502
8 Ciudad_8 243 20635 27254 486
9 Ciudad_9 744 14356 25307 1488
10 Ciudad_10 468 12965 27038 936
11 Ciudad_11 526 2278 11620 1052
12 Ciudad_12 549 18206 22321 1098
13 Ciudad_13 676 22215 26556 1352
14 Ciudad_14 727 27024 29065 1454
15 Ciudad_15 447 9519 23013 894
16 Ciudad_16 557 6458 13910 1114
17 Ciudad_17 736 5776 19418 1472
18 Ciudad_18 775 15793 21477 1550
19 Ciudad_19 470 8894 22500 940
20 Ciudad_20 411 15532 25639 822
21 Ciudad_21 600 16179 22762 1200
22 Ciudad_22 185 3769 17758 370
23 Ciudad_23 604 13284 23750 1208
24 Ciudad_24 247 16688 20300 494
25 Ciudad_25 539 12502 23422 1078

0 -0.0214484 0.0555939 0.025297 0.017853 -0.080411 -0.0024669 -0.062151 0.0184441 -0.0995707 0.032766 -0.0308388 0.0185013 0.0144885 -0.00576261 -0.0100028 -0.0220719 0.0740573 -0.096972 0.0958007 0.0897047 0.0683234 -0.0899074 0.0718131 0.0864539 0.0506496 
0.0214484 0 -0.0591287 -0.0476161 0.0746103 -0.00117997 0.0413017 -0.0852624 0.0969928 0.00352326 -0.0218751 -0.0263943 -0.0334328 0.0506464 -0.0735585 -0.0246169 0.0564723 0.0509292 -0.0563929 -0.0442466 0.0885366 -0.0925513 0.043591 0.0547366 -0.0149899 0.00330703 
-0.0555939 0.0591287 0 -0.0808877 0.0217649 -0.0408216 -0.0767361 0.0660456 -0.00638652 0.00780367 -0.0604193 -0.0409024 -0.0960404 -0.0209199 -0.0720539 -0.0508992 -0.00337669 -0.0373766 0.0996766 0.0188794 0.0621742 -0.0158787 0.0860062 -0.0535174 0.0474077 0.0190449 
-0.025297 0.0476161 0.0808877 0 -0.0808758 -0.0929361 -0.0165735 0.0122393 -0.00496261 0.00325067 0.0508288 0.0279885 -0.0250099 0.0763032 0.0447406 -0.0224538 -0.061037 0.0872694 -0.0304774 0.0337037 0.0105828 0.0413846 -0.0359586 0.0320595 -0.0511853 0.031785 
-0.017853 -0.0746103 -0.0217649 0.0808758 0 0.0287992 0.0906648 -0.0885911 -0.0332166 -0.00720687 0.0519822 -0.0822525 0.0958707 0.0253522 -0.0615061 -0.0503048 0.0956292 -0.00221975 -0.0893499 -0.00867406 -0.0607213 0.025205 0.0550005 -0.00888449 -0.0166053 0.0882139 
0.080411 0.00117997 0.0408216 0.0929361 -0.0287992 0 0.0343627 -0.00533666 0.0184801 -0.0439715 -0.0809775 -0.0678053 -0.00885745 -0.0510281 -0.078792 -0.0492581 0.0890957 -0.052996 -0.0243681 0.0770707 0.0925112 -0.0679907 0.0935491 0.0565797 -0.0941829 0.0653146 
0.0024669 -0.0413017 0.0767361 0.0165735 -0.0906648 -0.0343627 0 0.0242113 -0.0406699 -0.0766196 -0.0987153 0.0788214 0.00304566 -0.00668693 -0.0737289 0.023417 -0.04629 0.0293135 0.0370471 0.0475069 -0.0269463 -0.0978226 -0.0613502 -0.0788214 -0.0629322 0.0299844 
0.062151 0.0852624 -0.0660456 -0.0122393 0.0885911 0.00533666 -0.0242113 0 0.0158345 0.00262754 -0.0850721 -0.0198954 -0.000811954 -0.0946246 -0.0769545 -0.0443617 0.0484934 -0.0935755 0.0974447 0.0948732 -0.0353513 0.0858352 -0.0735458 0.0295054 0.0878831 0.0898244 
-0.0184441 -0.0969928 0.00638652 0.00496261 0.0332166 -0.0184801 0.0406699 -0.0158345 0 0.0525673 0.0587903 -0.0423572 -0.00905655 0.0436711 0.0670887 0.0610419 -0.0242994 0.0417263 0.0661885 0.00907164 -0.00400984 -0.00395391 0.042075 0.0962835 -0.0226395 0.0284923 
0.0995707 -0.00352326 -0.00780367 -0.00325067 0.00720687 0.0439715 0.0766196 -0.00262754 -0.0525673 0 -0.070575 0.062705 0.0857538 -0.0225531 -0.0429569 -0.0833996 -0.00275535 0.0729699 0.010526 -0.0194416 -0.0781899 -0.0178309 -0.0954478 0.086236 -0.0864055 -0.0920584 
-0.032766 0.0218751 0.0604193 -0.0508288 -0.0519822 0.0809775 0.0987153 0.0850721 -0.0587903 0.070575 0 -0.0203528 0.0662586 0.0634264 0.0775539 -0.0165874 0.0636556 -0.0415092 -0.0594805 0.0593998 -0.0543493 -0.0434182 0.0405481 0.0332303 -0.000176255 -0.0145387 
0.0308388 0.0263943 0.0409024 -0.0279885 0.0822525 0.0678053 -0.0788214 0.0198954 0.0423572 -0.062705 0.0203528 0 0.0819307 -0.0108862 -0.090422 -0.0235848 0.0265845 0.0919378 -0.0303648 0.0888328 0.0085249 -0.0910345 0.0668207 0.0450424 -0.0926556 0.0358851 
-0.0185013 0.0334328 0.0960404 0.0250099 -0.0958707 0.00885745 -0.00304566 0.000811954 0.00905655 -0.0857538 -0.0662586 -0.0819307 0 -0.0179209 0.00609261 0.0511374 -0.0267504 0.0766223 0.0821595 0.0746104 -0.0212813 0.0161227 0.0838466 0.0367297 -0.0550337 0.0329551 
-0.0144885 -0.0506464 0.0209199 -0.0763032 -0.0253522 0.0510281 0.00668693 0.0946246 -0.0436711 0.0225531 -0.0634264 0.0108862 0.0179209 0 0.0826817 -0.0363837 -0.0924025 -0.021472 -0.0294699 0.0260955 0.0971999 0.0791998 -0.0279346 0.0511032 -0.0505162 -0.000125716 
0.00576261 0.0735585 0.0720539 -0.0447406 0.0615061 0.078792 0.0737289 0.0769545 -0.0670887 0.0429569 -0.0775539 0.090422 -0.00609261 -0.0826817 0 0.0431183 0.0442069 -0.0686189 -0.00565865 0.092267 -0.0697687 -0.0860126 0.0463865 -0.0728652 -0.0225977 -0.049386 
0.0100028 0.0246169 0.0508992 0.0224538 0.0503048 0.0492581 -0.023417 0.0443617 -0.0610419 0.0833996 0.0165874 0.0235848 -0.0511374 0.0363837 -0.0431183 0 0.0763078 -0.0470447 0.0427127 0.0713169 -0.0552171 0.0682872 -0.0261205 0.0683835 0.061781 0.016776 
0.0220719 -0.0564723 0.00337669 0.061037 -0.0956292 -0.0890957 0.04629 -0.0484934 0.0242994 0.00275535 -0.0636556 -0.0265845 0.0267504 0.0924025 -0.0442069 -0.0763078 0 0.065301 0.0985457 -0.0872239 -0.062145 0.00308392 -0.0427355 0.0297543 0.0518732 -0.0231868 
-0.0740573 -0.0509292 0.0373766 -0.0872694 0.00221975 0.052996 -0.0293135 0.0935755 -0.0417263 -0.0729699 0.0415092 -0.0919378 -0.0766223 0.021472 0.0686189 0.0470447 -0.065301 0 0.031491 -0.0412721 -0.00317907 0.0555021 0.0468694 -0.00443568 0.0975927 -0.0315346 
0.096972 0.0563929 -0.0996766 0.0304774 0.0893499 0.0243681 -0.0370471 -0.0974447 -0.0661885 -0.010526 0.0594805 0.0303648 -0.0821595 0.0294699 0.00565865 -0.0427127 -0.0985457 -0.031491 0 -0.0050135 -0.0794355 0.0766808 -0.00774348 0.0556884 0.0802766 0.0062079 
-0.0958007 0.0442466 -0.0188794 -0.0337037 0.00867406 -0.0770707 -0.0475069 -0.0948732 -0.00907164 0.0194416 -0.0593998 -0.0888328 -0.0746104 -0.0260955 -0.092267 -0.0713169 0.0872239 0.0412721 0.0050135 0 0.0286273 -0.0394469 -0.00160552 0.0186177 -0.0237228 -0.00821216 
-0.0897047 -0.0885366 -0.0621742 -0.0105828 0.0607213 -0.0925112 0.0269463 0.0353513 0.00400984 0.0781899 0.0543493 -0.0085249 0.0212813 -0.0971999 0.0697687 0.0552171 0.062145 0.00317907 0.0794355 -0.0286273 0 0.00344601 0.0932236 0.0803132 -0.0345756 -0.0595635 
-0.0683234 0.0925513 0.0158787 -0.0413846 -0.025205 0.0679907 0.0978226 -0.0858352 0.00395391 0.0178309 0.0434182 0.0910345 -0.0161227 -0.0791998 0.0860126 -0.0682872 -0.00308392 -0.0555021 -0.0766808 0.0394469 -0.00344601 0 -0.040763 -0.0725186 -0.076635 0.0392916 
0.0899074 -0.043591 -0.0860062 0.0359586 -0.0550005 -0.0935491 0.0613502 0.0735458 -0.042075 0.0954478 -0.0405481 -0.0668207 -0.0838466 0.0279346 -0.0463865 0.0261205 0.0427355 -0.0468694 0.00774348 0.00160552 -0.0932236 0.040763 0 -0.0956204 -0.0940486 0.0278822 
-0.0718131 -0.0547366 0.0535174 -0.0320595 0.00888449 -0.0565797 0.0788214 -0.0295054 -0.0962835 -0.086236 -0.0332303 -0.0450424 -0.0367297 -0.0511032 0.0728652 -0.0683835 -0.0297543 0.00443568 -0.0556884 -0.0186177 -0.0803132 0.0725186 0.0956204 0 0.079267 0.0807099 
-0.0864539 0.0149899 -0.0474077 0.0511853 0.0166053 0.0941829 0.0629322 -0.0878831 0.0226395 0.0864055 0.000176255 0.0926556 0.0550337 0.0505162 0.0225977 -0.061781 -0.0518732 -0.0975927 -0.0802766 0.0237228 0.0345756 0.076635 0.0940486 -0.079267 0 0.0356096 
-0.0506496 -0.00330703 -0.0190449 -0.031785 -0.0882139 -0.0653146 -0.0299844 -0.0898244 -0.0284923 0.0920584 0.0145387 -0.0358851 -0.0329551 0.000125716 0.049386 -0.016776 0.0231868 0.0315346 -0.0062079 0.00821216 0.0595635 -0.0392916 -0.0278822 -0.0807099 -0.0356096 0 
