25

16000 4500

30 55 80

3

0 70280 49870 88590 53830 80750 44200 72140 23430 93720 64800 87370 31180 61260 97280 73690 74460 92220 86070 86440 94010 76950 80560 44070 63040 75610 
70350 0 29200 90120 17780 41190 94700 121590 68890 47810 88730 29720 99070 44910 42870 31930 125600 35740 55900 136840 32270 69620 18820 107880 32260 39450 
50040 28730 0 72030 22450 36500 69570 95720 43760 69700 63360 52780 76200 30030 51320 27730 100470 57630 68050 111710 58990 54340 45540 82750 44410 54080 
88520 90070 71920 0 91520 52100 59440 60560 66110 134800 28850 110520 97590 47060 69760 61740 81110 122880 132870 74340 107490 23120 101530 83020 109840 122410 
53760 17690 22930 91580 0 47430 86000 115290 60190 49810 82910 34120 82480 48180 59450 37580 118420 38970 46430 129660 40760 72890 27310 94640 22790 32460 
80700 41130 36510 52320 47450 0 78730 95610 67670 83150 58030 59130 104320 22850 30990 10430 110000 71490 93050 109390 56150 30040 50220 101870 69410 79080 
43840 95260 69790 59650 86400 78480 0 28080 27910 127760 34550 119450 38690 65020 102120 85030 31380 124300 120110 42380 125660 64430 111510 23580 95610 109650 
71830 122660 95780 61210 115270 95640 28460 0 55310 155160 38690 146850 67040 83780 116760 103790 24110 151700 147510 15700 152940 70300 138910 50440 124480 137050 
23400 68930 43460 66380 60070 67670 26850 54680 0 99960 42590 92420 38530 48530 90350 66760 57740 97270 92310 68980 98630 60290 85180 39740 69280 81850 
93490 47720 70120 135330 49770 83340 127160 155080 99920 0 130140 24490 122210 92100 79960 74080 158910 12790 39330 171880 35450 112670 36830 135080 30730 18370 
64740 88880 63320 28930 82920 57980 34540 37910 42330 130100 0 114370 72690 46120 81410 66130 58460 119220 122450 51690 114720 34990 106150 58120 99420 111990 
87470 29730 53440 110820 34290 59210 118940 146770 92640 24520 114240 0 116190 70740 55830 49950 149840 12860 52340 161080 11320 88540 12700 129060 36230 29370 
31230 99050 75930 97780 82600 104380 39100 67040 38590 122490 72470 116140 0 85240 123340 99750 59620 120990 114840 74900 122780 96980 109330 21500 91810 104380 
61520 44980 30060 47180 48210 22850 65000 83620 48540 92260 46040 70630 85190 0 44920 21330 97110 80190 93810 97400 67650 26690 61720 87270 70170 79840 
97250 42770 51250 69890 59360 30760 102630 116860 90230 80480 81100 56460 123410 44860 0 24070 133890 68820 97460 130640 47530 47610 47550 125770 73820 79000 
73340 32320 27340 62840 37700 11230 84630 103250 66320 74340 65670 50320 99500 20950 24610 0 116740 62680 83300 117030 47340 40560 41410 105090 59660 69330 
74650 126520 101050 81760 119130 109950 31560 23940 59170 159800 59240 150710 59870 97270 134590 117280 0 155560 151370 16070 156920 90850 142770 38910 128340 140910 
92090 35710 58110 123290 38960 71680 123610 151440 97310 12850 118910 12830 120810 80090 68300 62420 154510 0 43610 165750 23790 101010 25170 133680 30090 19510 
85640 55840 68200 132950 46220 92900 119310 147230 92070 39140 122290 52150 114360 93650 97590 83050 150300 43500 0 161540 61400 115250 54270 127230 23550 24760 
86140 136970 111500 75000 129580 109430 42770 15740 69620 171630 52480 161160 74870 97570 130550 117580 16380 166010 161820 0 166730 84090 153220 53910 138790 151360 
93990 32270 59460 107830 40810 56430 124960 152790 98660 35440 114770 11420 122710 67960 46750 47170 155860 23780 61880 166750 0 85550 15240 135580 45770 38910 
76260 68900 53600 23500 72130 29530 64240 70130 59260 111890 34850 87870 96130 25890 47190 39170 90680 100230 114550 83910 84890 0 78960 87820 91520 103760 
80640 18920 46110 101950 27460 50340 111120 138950 85310 36750 106120 12730 109360 61870 47550 41080 142020 25090 54570 153260 15280 79670 0 122230 35540 31600 
44110 108200 82730 83500 94760 101830 23870 50410 39880 135360 58400 129010 21490 87430 125470 106000 38650 133860 127710 53930 135650 88280 122200 0 103970 117250 
62750 32280 44840 110060 22660 69340 94990 124340 69180 30680 99400 36330 91470 70090 74030 59490 127410 30090 23640 138650 45580 92360 35520 103630 0 12570 
75380 39480 55030 122690 32850 79530 109050 136970 81810 18370 112030 29470 104100 80280 78980 69680 140040 19520 24870 151280 38720 104990 31590 116970 12620 0 

0 Ciudad_0 0 0 32400 0
1 Ciudad_1 783 11585 26185 1566
2 Ciudad_2 597 9263 21512 1194
3 Ciudad_3 438 5051 16288 876
4 Ciudad_4 477 11457 15664 954
5 Ciudad_5 172 10143 17592 344
6 Ciudad_6 539 5761 17116 1078
7 Ciudad_7 493 6232 19612 986
8 Ciudad_8 309 16500 23119 618
9 Ciudad_9 398 16603 27554 796
10 Ciudad_10 797 5206 19279 1594
11 Ciudad_11 439 11518 20860 878
12 Ciudad_12 148 11880 15995 296
13 Ciudad_13 491 2767 7108 982
14 Ciudad_14 803 22441 24482 1606
15 Ciudad_15 823 8532 22026 1646
16 Ciudad_16 680 6906 14358 1360
17 Ciudad_17 491 4012 17654 982
18 Ciudad_18 161 7619 13303 322
19 Ciudad_19 277 10863 24469 554
20 Ciudad_20 293 16475 26582 586
21 Ciudad_21 363 4665 11248 726
22 Ciudad_22 393 6837 20826 786
23 Ciudad_23 402 16847 27313 804
24 Ciudad_24 265 4571 8183 530
25 Ciudad_25 761 4082 15002 1522

0 0.0811712 -0.0615899 -0.0151494 -0.0744727 0.0339382 -0.00791173 0.011201 -0.0773604 -0.0273107 0.0170754 0.0235747 -0.000947794 0.0534506 0.0696282 0.0692548 -0.0225807 -0.0714118 -0.0653255 -0.0577657 -0.00789383 -0.0223929 -0.0723105 0.0149709 0.0541179 -0.00657688 
-0.0811712 0 0.021015 0.0365007 -0.00174973 -0.0148357 0.0619954 -0.0136387 0.0840295 -0.0889159 -0.0382014 -0.0158831 0.0109128 -0.00895711 -0.0903392 -0.0599117 -0.0837383 0.0541113 0.0851809 -0.0522596 -0.0429545 -0.0163252 0.0570704 0.0349168 0.0717399 0.0873259 
0.0615899 -0.021015 0 0.0885881 -0.0530416 -0.0684835 -0.0517862 0.05191 0.0904352 0.0300016 -0.0327081 0.0872782 0.0426166 -0.0696137 0.0812922 -0.0374872 0.000225326 0.0872455 0.0618436 0.0456933 -0.0480719 -0.0366392 -0.0869683 0.0540808 -0.092058 -0.083084 
0.0151494 -0.0365007 -0.0885881 0 -0.0120426 -0.0162658 0.003809 -0.0384651 -0.00270443 0.0190613 0.0310389 -0.0406039 0.0344198 0.0425692 -0.0691765 -0.0695009 0.0534417 0.0400277 0.0254765 0.0274414 0.0670669 0.0168905 -0.0207124 0.0695081 0.0878758 -0.0739829 
0.0744727 0.00174973 0.0530416 0.0120426 0 -0.0987613 -0.0260279 -0.0938596 0.0580719 -0.00617823 -0.0850478 -0.0214056 -0.0469211 0.0600832 0.016788 -0.0303713 0.00338292 -0.0978738 -0.0674504 0.0480596 -0.0505566 0.0482311 0.00364115 0.00164618 0.0228743 -0.0299982 
-0.0339382 0.0148357 0.0684835 0.0162658 0.0987613 0 0.0400635 -0.031027 0.079094 -0.0583381 -0.0711707 0.093582 -0.0638443 0.0884771 0.0625458 -0.0764548 -0.066861 0.0220039 0.0407892 -0.0444079 0.010669 -0.0731578 -0.0531331 0.0530566 -0.0128097 0.0138697 
0.00791173 -0.0619954 0.0517862 -0.003809 0.0260279 -0.0400635 0 0.0866948 -0.09557 -0.0757507 0.075986 0.0123742 -0.0967378 0.0630822 -0.0853833 -0.0734097 0.0289422 0.0373752 -0.0801865 -0.0752199 -0.0881032 0.0412415 -0.0401753 -0.0591821 0.0575873 -0.0778019 
-0.011201 0.0136387 -0.05191 0.0384651 0.0938596 0.031027 -0.0866948 0 -0.000826105 -0.0251348 -0.057321 -0.0791617 0.08984 0.0995526 0.0289211 -0.0522658 -0.0678977 0.0100756 -0.0807557 -0.0928956 0.0232082 0.05319 -0.0315758 -0.0586641 -0.0488709 0.0494399 
0.0773604 -0.0840295 -0.0904352 0.00270443 -0.0580719 -0.079094 0.09557 0.000826105 0 -0.0243469 -0.0225541 -0.068421 0.0557272 0.0679102 -0.0937949 0.0970149 0.0108463 -0.0562678 -0.0947977 0.00395501 0.0512604 0.0260709 0.0655937 0.0463399 -0.0185727 0.0126477 
0.0273107 0.0889159 -0.0300016 -0.0190613 0.00617823 0.0583381 0.0757507 0.0251348 0.0243469 0 0.0817367 0.0317464 -0.0575895 -0.0709808 -0.0832893 -0.0791099 -0.0731848 -0.0742794 -0.0680427 -0.0372719 0.00358102 0.0259861 0.0415025 0.0658282 -0.0527686 -0.0910893 
-0.0170754 0.0382014 0.0327081 -0.0310389 0.0850478 0.0711707 -0.075986 0.057321 0.0225541 -0.0817367 0 -0.0333595 0.0520184 -0.0474521 -0.00178169 -0.0328009 -0.0652261 0.0907834 -0.0239219 -0.0285676 -0.024854 0.040283 0.0100621 0.0775913 -0.00947077 0.0848209 
-0.0235747 0.0158831 -0.0872782 0.0406039 0.0214056 -0.093582 -0.0123742 0.0791617 0.068421 -0.0317464 0.0333595 0 -0.0443611 0.0211021 0.0163561 -0.0951356 -0.0502709 -0.0466476 0.0669868 -0.0439836 -0.00487685 0.0498688 0.00509099 0.0992945 0.0194083 -0.0203606 
0.000947794 -0.0109128 -0.0426166 -0.0344198 0.0469211 0.0638443 0.0967378 -0.08984 -0.0557272 0.0575895 -0.0520184 0.0443611 0 0.0646068 -0.0145293 -0.0954739 -0.0874894 -0.032698 0.0762646 -0.000216687 -0.0576632 0.0160058 0.0957507 -0.0627353 0.00573581 -0.0684308 
-0.0534506 0.00895711 0.0696137 -0.0425692 -0.0600832 -0.0884771 -0.0630822 -0.0995526 -0.0679102 0.0709808 0.0474521 -0.0211021 -0.0646068 0 0.00669552 -0.0319175 -0.0535445 -0.0682182 0.0401998 -0.0757573 0.0893866 -0.041799 0.082049 -0.0619875 0.0163821 0.043019 
-0.0696282 0.0903392 -0.0812922 0.0691765 -0.016788 -0.0625458 0.0853833 -0.0289211 0.0937949 0.0832893 0.00178169 -0.0163561 0.0145293 -0.00669552 0 -0.0633211 -0.0972001 -0.0707083 0.015779 0.0891662 0.0361623 -0.0297238 -0.0817857 -0.042135 0.0421794 -0.0913086 
-0.0692548 0.0599117 0.0374872 0.0695009 0.0303713 0.0764548 0.0734097 0.0522658 -0.0970149 0.0791099 0.0328009 0.0951356 0.0954739 0.0319175 0.0633211 0 -0.0127184 -0.0546211 0.0695181 0.0883608 -0.00666215 -0.0331396 0.0555926 0.0170801 -0.0606738 -0.0786398 
0.0225807 0.0837383 -0.000225326 -0.0534417 -0.00338292 0.066861 -0.0289422 0.0678977 -0.0108463 0.0731848 0.0652261 0.0502709 0.0874894 0.0535445 0.0972001 0.0127184 0 -0.0567964 0.0515824 0.060233 -0.0634995 0.0528383 -0.072652 0.0719217 0.0407955 0.0766074 
0.0714118 -0.0541113 -0.0872455 -0.0400277 0.0978738 -0.0220039 -0.0373752 -0.0100756 0.0562678 0.0742794 -0.0907834 0.0466476 0.032698 0.0682182 0.0707083 0.0546211 0.0567964 0 0.0290679 0.0359842 0.083185 0.0518642 0.0441932 -0.0198296 0.0935878 -0.0720697 
0.0653255 -0.0851809 -0.0618436 -0.0254765 0.0674504 -0.0407892 0.0801865 0.0807557 0.0947977 0.0680427 0.0239219 -0.0669868 -0.0762646 -0.0401998 -0.015779 -0.0695181 -0.0515824 -0.0290679 0 0.0678733 0.0795581 0.0779949 0.0881903 0.0948758 -0.0615686 -0.0150516 
0.0577657 0.0522596 -0.0456933 -0.0274414 -0.0480596 0.0444079 0.0752199 0.0928956 -0.00395501 0.0372719 0.0285676 0.0439836 0.000216687 0.0757573 -0.0891662 -0.0883608 -0.060233 -0.0359842 -0.0678733 0 0.0949134 0.0763439 0.00843479 0.00689932 0.0491423 0.0679555 
0.00789383 0.0429545 0.0480719 -0.0670669 0.0505566 -0.010669 0.0881032 -0.0232082 -0.0512604 -0.00358102 0.024854 0.00487685 0.0576632 -0.0893866 -0.0361623 0.00666215 0.0634995 -0.083185 -0.0795581 -0.0949134 0 0.0533255 0.0434407 -0.0191126 -0.0264966 -0.0701035 
0.0223929 0.0163252 0.0366392 -0.0168905 -0.0482311 0.0731578 -0.0412415 -0.05319 -0.0260709 -0.0259861 -0.040283 -0.0498688 -0.0160058 0.041799 0.0297238 0.0331396 -0.0528383 -0.0518642 -0.0779949 -0.0763439 -0.0533255 0 -0.0142318 0.0278321 -0.0218302 -0.0987104 
0.0723105 -0.0570704 0.0869683 0.0207124 -0.00364115 0.0531331 0.0401753 0.0315758 -0.0655937 -0.0415025 -0.0100621 -0.00509099 -0.0957507 -0.082049 0.0817857 -0.0555926 0.072652 -0.0441932 -0.0881903 -0.00843479 -0.0434407 0.0142318 0 -0.0171453 0.0289516 -0.048211 
-0.0149709 -0.0349168 -0.0540808 -0.0695081 -0.00164618 -0.0530566 0.0591821 0.0586641 -0.0463399 -0.0658282 -0.0775913 -0.0992945 0.0627353 0.0619875 0.042135 -0.0170801 -0.0719217 0.0198296 -0.0948758 -0.00689932 0.0191126 -0.0278321 0.0171453 0 -0.0658165 0.0718563 
-0.0541179 -0.0717399 0.092058 -0.0878758 -0.0228743 0.0128097 -0.0575873 0.0488709 0.0185727 0.0527686 0.00947077 -0.0194083 -0.00573581 -0.0163821 -0.0421794 0.0606738 -0.0407955 -0.0935878 0.0615686 -0.0491423 0.0264966 0.0218302 -0.0289516 0.0658165 0 -0.0361191 
0.00657688 -0.0873259 0.083084 0.0739829 0.0299982 -0.0138697 0.0778019 -0.0494399 -0.0126477 0.0910893 -0.0848209 0.0203606 0.0684308 -0.043019 0.0913086 0.0786398 -0.0766074 0.0720697 0.0150516 -0.0679555 0.0701035 0.0987104 0.048211 -0.0718563 0.0361191 0 
