25

16000 4500

30 55 80

4

0 80340 16850 77120 85900 41160 85300 58460 8820 90380 89990 62500 64530 64370 27870 48710 46240 59630 70770 75340 51510 86430 85180 49040 31910 72000 
79470 0 86250 23340 165030 57210 12910 25340 81960 169850 10370 23270 34180 78830 62701 54540 49050 28530 37660 11150 32810 23620 157600 39330 111380 24370 
16840 86640 0 82340 82750 45000 91600 65070 25380 94610 96290 68800 69750 65060 31710 52550 50150 65390 75990 81640 58120 92191 75320 54260 40310 77220 
76030 21850 82051 0 158290 46210 18890 26320 78520 166460 26850 17040 16480 62710 54370 43540 38050 18760 18780 12340 32010 13400 153401 28500 107940 5910 
85860 165470 82760 158820 0 121540 170430 140470 89460 19820 175120 144200 146470 130610 108250 127670 126690 141330 154710 157040 133520 170911 26100 130740 63880 153700 
41050 56800 44830 46170 121480 0 57810 39310 44700 130970 65770 36850 33200 30960 13380 9300 9440 29000 37830 48630 36240 56940 109040 19710 72960 41050 
84380 13010 91160 20340 169940 58090 0 30250 86870 174810 9250 27270 33290 79710 65672 55420 49930 29640 36180 14150 37720 13820 162510 40450 116290 23310 
57970 24940 64750 27070 140230 40120 29900 0 60460 148350 34590 12980 28270 62340 45320 38050 32560 16830 35220 19940 9880 33820 136100 22150 89880 26060 
8760 83000 25330 79780 89380 44660 87960 61120 0 92540 92650 65160 67190 68080 31370 52010 49050 62290 73430 78000 54170 89090 88660 51700 33770 74660 
90830 171170 95150 168100 20120 131580 176200 149290 93170 0 181300 153330 155510 145340 118290 139610 137140 150460 162080 166170 142340 177410 46160 139870 59860 162980 
89140 10250 95920 27930 174700 65660 9260 35010 91630 180990 0 32940 40860 87280 72371 62990 57500 37210 43770 18970 42480 22560 167270 48020 122470 30900 
61280 23230 68060 18630 143540 36890 27250 13100 63770 151660 32880 0 18190 58510 43011 34220 28730 8200 25140 18070 16940 26420 139410 19250 93190 15390 
64740 34100 69460 16550 146110 33290 33140 27770 67230 155170 41100 18440 0 46950 41450 27370 25130 13940 7850 24090 30030 27830 140610 15900 96650 11990 
64440 78310 65150 62740 130620 30940 79320 61620 68200 144920 87280 58360 46960 0 40290 24970 31620 50510 45320 70140 60140 74020 112010 41220 97270 58280 
27740 62820 31520 54350 108170 13370 65491 44990 31390 117660 72470 43610 41380 40370 0 20920 19970 37180 47620 56311 38040 64621 100270 26760 59650 49230 
48560 54010 52340 43380 127620 9270 55020 37320 52210 138990 62980 34060 27410 24920 20890 0 7320 26210 30630 45840 35840 54150 113750 16920 80470 38260 
46300 48610 50080 37980 126730 9370 49620 31920 49340 136730 57580 28660 25010 31520 20040 7230 0 20810 28560 40440 29960 48750 117640 11520 78210 32860 
58750 28100 65250 19370 141010 29330 29280 16110 61240 149130 37240 8150 13780 50950 37490 26660 21170 0 20730 20100 16980 28410 136600 11690 90660 14490 
70990 37460 75710 18140 154490 37750 35810 34600 73480 161800 43770 25270 7930 45310 47700 30600 28560 20770 0 27450 36860 29390 143710 22150 103280 14670 
74410 11080 81190 13510 156670 48650 14040 20280 76900 164790 18970 17830 24050 70270 56232 45980 40490 20200 27530 0 27750 18710 152540 31010 106320 14240 
50800 32790 57580 33800 133060 36710 37750 9590 53290 141180 42440 17660 29700 60350 38150 36060 30120 16940 36650 27790 0 41270 128930 20440 82710 30030 
85920 23620 91941 13270 170721 57100 13870 34150 88410 176350 22440 26440 27790 74020 64682 54430 48940 28650 29410 18700 41410 0 163291 39460 117830 17810 
85180 158030 75320 153620 26090 108900 162990 136460 88780 45680 167680 140190 140640 111570 100260 113720 117450 136460 143600 153030 129510 163471 0 125540 71660 148500 
49190 39110 53910 28440 130560 19620 40300 21510 51680 139570 48260 19340 15850 41240 26671 16950 11460 11490 22090 31120 20540 39430 125260 0 81100 23320 
31860 112200 40340 108980 64030 73020 117160 90320 33920 59380 122180 94360 96390 96440 59730 80570 78100 91490 102960 107200 83370 118290 71420 80900 0 103860 
71930 24300 76870 5940 153520 41020 22960 25510 74420 162360 30920 14950 11900 58280 49180 38350 32860 14460 14700 14290 29920 17470 148220 23310 103840 0 

0 Ciudad_0 0 0 32400 0
1 Ciudad_1 781 8456 23056 1562
2 Ciudad_2 822 15941 28190 1644
3 Ciudad_3 809 13123 24360 1618
4 Ciudad_4 281 16351 20558 562
5 Ciudad_5 268 7345 14794 536
6 Ciudad_6 697 9988 21343 1394
7 Ciudad_7 213 4304 17684 426
8 Ciudad_8 477 17589 24208 954
9 Ciudad_9 651 8536 19487 1302
10 Ciudad_10 820 4028 18101 1640
11 Ciudad_11 109 15956 25298 218
12 Ciudad_12 743 23000 27115 1486
13 Ciudad_13 725 17785 22126 1450
14 Ciudad_14 605 4054 6095 1210
15 Ciudad_15 824 7029 20523 1648
16 Ciudad_16 518 2827 10279 1036
17 Ciudad_17 400 9773 23415 800
18 Ciudad_18 227 12682 18366 454
19 Ciudad_19 554 4819 18425 1108
20 Ciudad_20 714 4975 15082 1428
21 Ciudad_21 540 10561 17144 1080
22 Ciudad_22 428 13111 27100 856
23 Ciudad_23 789 10574 21040 1578
24 Ciudad_24 498 4691 8303 996
25 Ciudad_25 540 10002 20922 1080

0 0.0866853 -0.0503896 0.0697944 0.0151346 -0.0453125 0.0652288 0.0811723 -0.0719366 0.00727569 -0.0517487 0.0438697 -0.0786257 -0.0529645 -0.0283477 -0.0668265 0.0728873 0.0338489 -0.0663435 0.000788573 -0.0181667 -0.0713292 0.0797616 -0.073841 -0.0791692 0.0545902 
-0.0866853 0 -0.0851679 -0.0372932 0.0586453 0.0655043 -0.0605249 -0.0627023 0.0711557 -0.0535002 0.0112476 -0.0648782 -0.0378116 0.045549 -0.0705695 0.0147352 -0.033658 0.0294945 -0.0781371 -0.0216189 0.0112802 0.0981256 0.0460824 -0.080168 0.0306435 0.00838901 
0.0503896 0.0851679 0 -0.0894584 -0.0937619 -0.0603854 0.0588526 -0.00119904 -0.0149484 0.0406997 -0.0535303 -0.0705689 -0.0472687 -0.0208778 -0.064942 -0.0278285 -0.0283727 0.0884398 -0.0940698 -0.0188298 0.0223212 -0.00682144 -0.0186237 0.000465111 -0.0152782 0.0574324 
-0.0697944 0.0372932 0.0894584 0 0.0585064 -0.0636924 -0.0361398 0.0674066 0.0179145 -0.0833351 0.0460497 0.0383477 0.0623075 0.0409 0.090819 -0.00769998 -0.00741338 0.0081148 0.0137275 0.0149099 -0.00171414 -0.0958653 0.0016773 -0.0692276 -0.0361423 0.0688979 
-0.0151346 -0.0586453 0.0937619 -0.0585064 0 0.0895685 -0.0428033 0.070659 0.0616623 0.0224386 0.0796072 -0.0730343 0.083903 -0.0949057 0.0470526 0.00691197 0.0231222 0.018256 -0.0391719 0.0254601 -0.0216439 0.0389966 0.0218693 -0.0197779 0.0343983 0.0939077 
0.0453125 -0.0655043 0.0603854 0.0636924 -0.0895685 0 0.0650932 -0.0539666 0.0439171 -0.0210971 -0.00556257 0.0313145 -0.0164882 0.0600405 -0.0675938 0.0575104 -0.0745039 -0.0248387 -0.0289479 -0.0488413 0.0504602 0.0331126 0.0825471 -0.00348225 0.0835704 0.0195512 
-0.0652288 0.0605249 -0.0588526 0.0361398 0.0428033 -0.0650932 0 -0.0531611 -0.0697558 0.0567901 0.0436255 0.0031002 -0.0471038 0.0360123 0.0510841 -0.0550351 0.053088 -0.0205508 0.0830006 0.00225954 0.0418772 -0.0571965 0.0506097 -0.0675422 -0.0636731 -0.0287623 
-0.0811723 0.0627023 0.00119904 -0.0674066 -0.070659 0.0539666 0.0531611 0 0.01089 0.0482578 -0.0850638 -0.00841477 0.0236558 -0.0707522 0.0131894 0.0724535 -0.0333945 -0.0694959 0.0908896 -0.0755424 -0.0500324 0.0724447 0.0231481 0.0807124 -0.0674214 -0.0453735 
0.0719366 -0.0711557 0.0149484 -0.0179145 -0.0616623 -0.0439171 0.0697558 -0.01089 0 0.0336011 0.0109478 0.0481883 0.0882264 0.0911104 -0.0593754 -0.0598816 0.0356343 0.0671623 -0.00714868 -0.0885455 -0.0795395 0.085404 0.0572508 0.0403315 0.0176585 -0.0951607 
-0.00727569 0.0535002 -0.0406997 0.0833351 -0.0224386 0.0210971 -0.0567901 -0.0482578 -0.0336011 0 0.0255747 0.0953491 0.00919162 0.0156659 0.00695289 0.063299 0.0682002 0.00125057 0.0324785 0.0265539 0.0354571 -0.0153126 -0.0281617 0.0271142 0.0771474 0.024496 
0.0517487 -0.0112476 0.0535303 -0.0460497 -0.0796072 0.00556257 -0.0436255 0.0850638 -0.0109478 -0.0255747 0 0.0490559 0.0544655 -0.0836857 -0.00708051 0.0700168 0.0565466 0.0411582 0.0378513 -0.0962325 -0.0616913 0.0735705 -0.0258322 -0.0776687 -0.0450329 0.0655346 
-0.0438697 0.0648782 0.0705689 -0.0383477 0.0730343 -0.0313145 -0.0031002 0.00841477 -0.0481883 -0.0953491 -0.0490559 0 -0.0417747 -0.0225907 -0.0790424 -0.0383973 -0.0834764 0.0251677 -0.0939664 0.0759769 -0.0973748 -0.0743523 -0.0924005 -0.0930737 0.0521924 0.0784543 
0.0786257 0.0378116 0.0472687 -0.0623075 -0.083903 0.0164882 0.0471038 -0.0236558 -0.0882264 -0.00919162 -0.0544655 0.0417747 0 0.0298394 0.036603 -0.0777834 -0.0224775 0.0225869 -0.0965742 -0.065504 0.00201249 -0.0793565 -0.0059144 -0.0597434 -0.0778758 0.0597157 
0.0529645 -0.045549 0.0208778 -0.0409 0.0949057 -0.0600405 -0.0360123 0.0707522 -0.0911104 -0.0156659 0.0836857 0.0225907 -0.0298394 0 0.0898751 0.0338605 0.0615699 0.0708056 -0.0752493 0.0331078 -0.094562 -0.0903537 -0.0569637 -0.0150447 0.0837259 -0.042701 
0.0283477 0.0705695 0.064942 -0.090819 -0.0470526 0.0675938 -0.0510841 -0.0131894 0.0593754 -0.00695289 0.00708051 0.0790424 -0.036603 -0.0898751 0 -0.0368134 -0.053492 -0.0583558 -0.0353858 0.0133776 0.0943568 -0.0994569 -0.0467538 0.00640222 0.0648228 0.0782958 
0.0668265 -0.0147352 0.0278285 0.00769998 -0.00691197 -0.0575104 0.0550351 -0.0724535 0.0598816 -0.063299 -0.0700168 0.0383973 0.0777834 -0.0338605 0.0368134 0 0.0872923 -0.0450658 -0.0366754 0.0452684 0.0840261 -0.0124271 0.0969945 -0.0832538 0.0399499 -0.00269817 
-0.0728873 0.033658 0.0283727 0.00741338 -0.0231222 0.0745039 -0.053088 0.0333945 -0.0356343 -0.0682002 -0.0565466 0.0834764 0.0224775 -0.0615699 0.053492 -0.0872923 0 -0.000174246 0.0297086 -0.0423777 -0.0686463 -0.0875593 0.0260923 0.0751797 0.0194503 -0.0420425 
-0.0338489 -0.0294945 -0.0884398 -0.0081148 -0.018256 0.0248387 0.0205508 0.0694959 -0.0671623 -0.00125057 -0.0411582 -0.0251677 -0.0225869 -0.0708056 0.0583558 0.0450658 0.000174246 0 0.0149139 -0.0100128 -0.0233296 -0.0200096 -0.0732723 -0.0476213 -0.0605844 -0.0869231 
0.0663435 0.0781371 0.0940698 -0.0137275 0.0391719 0.0289479 -0.0830006 -0.0908896 0.00714868 -0.0324785 -0.0378513 0.0939664 0.0965742 0.0752493 0.0353858 0.0366754 -0.0297086 -0.0149139 0 -0.0881063 -0.021823 0.0928278 -0.0665202 0.0268332 -0.00665874 -0.0297733 
-0.000788573 0.0216189 0.0188298 -0.0149099 -0.0254601 0.0488413 -0.00225954 0.0755424 0.0885455 -0.0265539 0.0962325 -0.0759769 0.065504 -0.0331078 -0.0133776 -0.0452684 0.0423777 0.0100128 0.0881063 0 -0.00384376 -0.0303455 -0.0482919 0.0120385 -0.0446741 -0.0157674 
0.0181667 -0.0112802 -0.0223212 0.00171414 0.0216439 -0.0504602 -0.0418772 0.0500324 0.0795395 -0.0354571 0.0616913 0.0973748 -0.00201249 0.094562 -0.0943568 -0.0840261 0.0686463 0.0233296 0.021823 0.00384376 0 0.083539 -0.0327635 0.0266099 -0.00531921 -0.000318493 
0.0713292 -0.0981256 0.00682144 0.0958653 -0.0389966 -0.0331126 0.0571965 -0.0724447 -0.085404 0.0153126 -0.0735705 0.0743523 0.0793565 0.0903537 0.0994569 0.0124271 0.0875593 0.0200096 -0.0928278 0.0303455 -0.083539 0 0.0254863 0.0391486 0.0941105 0.0315814 
-0.0797616 -0.0460824 0.0186237 -0.0016773 -0.0218693 -0.0825471 -0.0506097 -0.0231481 -0.0572508 0.0281617 0.0258322 0.0924005 0.0059144 0.0569637 0.0467538 -0.0969945 -0.0260923 0.0732723 0.0665202 0.0482919 0.0327635 -0.0254863 0 -0.032164 0.0802945 0.00286226 
0.073841 0.080168 -0.000465111 0.0692276 0.0197779 0.00348225 0.0675422 -0.0807124 -0.0403315 -0.0271142 0.0776687 0.0930737 0.0597434 0.0150447 -0.00640222 0.0832538 -0.0751797 0.0476213 -0.0268332 -0.0120385 -0.0266099 -0.0391486 0.032164 0 0.0929703 0.0164762 
0.0791692 -0.0306435 0.0152782 0.0361423 -0.0343983 -0.0835704 0.0636731 0.0674214 -0.0176585 -0.0771474 0.0450329 -0.0521924 0.0778758 -0.0837259 -0.0648228 -0.0399499 -0.0194503 0.0605844 0.00665874 0.0446741 0.00531921 -0.0941105 -0.0802945 -0.0929703 0 -0.0307386 
-0.0545902 -0.00838901 -0.0574324 -0.0688979 -0.0939077 -0.0195512 0.0287623 0.0453735 0.0951607 -0.024496 -0.0655346 -0.0784543 -0.0597157 0.042701 -0.0782958 0.00269817 0.0420425 0.0869231 0.0297733 0.0157674 0.000318493 -0.0315814 -0.00286226 -0.0164762 0.0307386 0 
