25

16000 4500

30 55 80

3

0 30340 54200 75280 84700 30830 16630 49970 9650 51290 86640 71500 25480 82410 72400 67130 38910 51360 30270 52940 64020 56870 82860 57390 59050 66470 
30270 0 29670 88261 73541 4970 46040 25220 31660 70690 96380 83450 53560 57880 46950 86670 67060 78900 20420 45700 76861 73140 87510 54220 76700 82820 
53940 29580 0 91390 47800 28970 66310 26150 48040 82030 95560 85600 76130 30210 33100 95931 88800 90530 29240 31541 80440 82021 86680 47370 86151 91450 
74920 87541 91080 0 98070 82781 66291 104580 69270 34180 15670 6050 70800 114791 120900 30010 55360 43120 70970 69590 13570 20630 18960 55630 21210 11200 
84430 73941 47770 98110 0 72311 95890 72940 77620 100300 93680 92520 105710 58280 75610 111820 114600 109510 62830 32680 90220 96410 84330 44820 101280 102460 
30840 4950 29050 83531 71931 0 45200 24970 26930 65960 93020 78760 54180 57260 46700 81940 67680 74170 15760 43040 72131 68410 84150 50860 71970 78090 
16580 45880 66360 66611 96000 45050 0 65510 19150 36050 77971 62831 12270 94570 87940 51890 23670 36120 42430 64240 55351 48201 74451 63550 48610 57801 
50350 26010 26240 106791 73010 25700 66120 0 51560 89190 111710 100880 73640 42510 27210 106931 87140 97400 36290 54280 95260 91640 102840 69280 95210 102701 
9630 31420 47970 69570 77610 26660 19340 50370 0 45900 80930 65790 29160 76180 70360 62120 41830 50240 24040 45850 58310 51160 75770 50300 53340 60760 
50950 70570 82090 34110 100260 65810 35600 87820 45680 0 46930 32550 36980 109780 108090 17060 21450 9800 58770 70580 29810 15450 48980 60430 13230 23010 
86450 96340 95260 15470 93450 93030 77821 110690 80800 47240 0 16950 83200 118981 125090 44800 68420 56180 79300 73780 23760 32590 11320 59820 36000 25990 
70820 83120 85480 6050 92480 78660 62191 98770 65170 32690 16790 0 68070 109201 114550 31950 53870 41630 65160 64000 7760 18040 18120 50040 21720 13140 
25710 53570 76360 70430 106000 54560 12230 73200 29150 37410 82220 67330 0 104570 95630 53010 22690 35800 52430 74240 60670 51240 81410 73630 49970 59750 
82020 57660 29850 114941 58740 57050 94390 43100 76120 109730 119111 109351 104210 0 18650 123631 116880 118230 56940 53661 107051 109721 110231 70051 113851 118441 
72150 45970 33330 120920 75620 45660 87920 27330 70440 107550 125080 114460 95440 18360 0 121451 109230 115940 53680 63841 109300 107541 116210 79340 111671 117221 
67630 86750 95791 29680 112470 81990 52280 104010 62140 16910 44570 31620 52840 123481 121791 0 34170 21350 72561 83100 30630 18650 47040 71380 13050 18490 
39090 67490 88910 55260 114640 67600 23740 87120 41700 21820 68080 53700 22750 117120 109580 34470 0 17520 64980 83000 50410 36600 70130 78230 34380 44160 
51630 79080 90700 43060 109620 74320 36280 96330 50200 10210 55880 41500 35830 118390 116700 21690 17550 0 67280 79190 38850 24400 57930 69790 22180 31960 
30180 20270 29390 71230 62820 15700 42550 34820 24280 58890 79080 65420 52370 57080 53910 72811 65040 67100 0 30550 60260 58901 70210 36920 63031 68581 
52630 45210 31010 69580 32640 42640 64090 55130 45820 70710 73740 63990 73910 53341 63130 82560 82800 79370 30630 0 61690 67150 64870 20880 72020 73930 
64230 76191 80390 13570 90190 71431 55601 93180 58580 29820 23680 7760 61720 106161 109390 31080 50340 38920 60000 61710 0 15390 23060 47750 19070 13740 
57140 73190 81881 20320 96280 68430 48511 90440 51490 15850 32110 17730 52410 108721 107881 19200 37030 24790 58651 66910 15080 0 34160 54490 7190 10010 
82840 87340 86260 19130 85050 84190 74401 101690 75990 48830 11320 18060 82440 109981 116090 47470 70010 57770 70300 64780 23090 34180 0 50820 37810 28660 
57500 54190 47050 55620 44580 51040 63890 68140 50650 60300 59780 50030 73980 69701 79170 71100 78220 69510 37150 20880 47730 54590 50150 0 60560 59970 
59000 76710 85981 21270 101410 71950 48660 93970 53350 13420 36100 21720 50040 113671 111981 13160 34600 22360 62751 72040 19070 7090 38150 60320 0 10170 
66350 82790 91080 11360 102410 78030 57721 100050 60700 23030 26250 13300 59650 117311 117481 18860 44210 31970 68251 73930 13470 10230 28720 59970 10060 0 

0 Ciudad_0 0 0 32400 0
1 Ciudad_1 670 4532 19132 1340
2 Ciudad_2 349 9352 21601 698
3 Ciudad_3 264 14644 25881 528
4 Ciudad_4 115 6757 10964 230
5 Ciudad_5 657 11488 18937 1314
6 Ciudad_6 630 6757 18112 1260
7 Ciudad_7 172 7187 20567 344
8 Ciudad_8 296 10189 16808 592
9 Ciudad_9 548 9501 20452 1096
10 Ciudad_10 160 7421 21494 320
11 Ciudad_11 755 8063 17405 1510
12 Ciudad_12 607 2039 6154 1214
13 Ciudad_13 708 21172 25513 1416
14 Ciudad_14 756 15173 17214 1512
15 Ciudad_15 451 2695 16189 902
16 Ciudad_16 134 15650 23102 268
17 Ciudad_17 436 2762 16404 872
18 Ciudad_18 124 7579 13263 248
19 Ciudad_19 354 15321 28927 708
20 Ciudad_20 813 13275 23382 1626
21 Ciudad_21 310 18783 25366 620
22 Ciudad_22 134 13138 27127 268
23 Ciudad_23 237 5416 15882 474
24 Ciudad_24 713 22934 26546 1426
25 Ciudad_25 111 10286 21206 222

0 -0.0421783 -0.00374991 0.0418577 -0.0944797 0.0254058 0.0472329 -0.0276112 0.0355379 0.0389957 0.0455427 -0.0587766 -0.0436934 -0.00926851 0.0200586 0.0419872 -0.0637827 -0.00547042 0.0968695 0.00692921 -0.0110908 0.0961377 0.064245 -0.0380287 -0.0253996 0.0130846 
0.0421783 0 0.0976529 0.0191243 -0.048595 0.0869763 0.0979204 0.0928346 0.0612563 -0.0813983 0.0708456 0.0825397 -0.00146864 0.0895771 -0.0403684 0.0836096 0.0422205 -0.0536322 0.0457024 0.0174176 -0.0856002 0.0912444 0.0796434 -0.0681298 -0.0864861 0.0576902 
0.00374991 -0.0976529 0 0.0317944 -0.0188645 -0.0709575 -0.0737441 0.0403655 -0.0571892 -0.0905953 -0.0492075 0.0595431 -0.0897969 0.058265 0.0965826 -0.0543329 0.0366858 0.0697596 0.0304266 -0.0814894 0.098671 0.0883415 -0.0597134 0.0306192 -0.0478843 0.0406833 
-0.0418577 -0.0191243 -0.0317944 0 0.0497776 0.073498 0.0985895 0.021161 -0.0321955 -0.0187394 -0.00517029 -0.0338217 0.0914905 0.0908448 -0.0575724 -0.0224183 -0.0087906 0.0736051 -0.0573633 -0.027255 0.0435071 0.0603193 -0.0796099 0.0131329 -0.0896184 -0.0325272 
0.0944797 0.048595 0.0188645 -0.0497776 0 -0.0587734 -0.00034246 -0.0219297 0.0616553 0.0879258 0.0691951 0.0126114 0.0351476 -0.0663206 -0.00769475 0.0855753 0.0663996 0.0495223 0.0442289 0.0774222 -0.0325664 0.0911049 0.064988 0.00986397 0.089501 0.0165797 
-0.0254058 -0.0869763 0.0709575 -0.073498 0.0587734 0 -0.0133776 -0.0550535 -0.0846486 -0.0205238 0.013471 -0.0498684 -0.0988375 0.0679561 -0.0765502 0.0850954 0.0683313 0.0645113 -0.0422486 -0.0610825 -0.0344876 -0.0886457 -0.00511262 -0.0837171 -0.0953629 -0.0705673 
-0.0472329 -0.0979204 0.0737441 -0.0985895 0.00034246 0.0133776 0 -0.0838677 -0.0940873 0.0305174 0.0789685 0.0830025 -0.0878867 0.0337491 0.0292443 -0.0975107 -0.073622 0.0179807 -0.0870934 0.0872389 0.00183016 0.0699213 0.00392199 0.0556913 -0.00925176 -0.0708765 
0.0276112 -0.0928346 -0.0403655 -0.021161 0.0219297 0.0550535 0.0838677 0 -0.0370461 -0.0914835 -0.0551291 0.09828 -0.0171422 0.0381402 -0.0370962 0.0431249 0.031608 -0.0369093 0.0266264 0.0300214 -0.0131086 -0.00502004 0.0799268 0.0121869 0.064939 0.0387501 
-0.0355379 -0.0612563 0.0571892 0.0321955 -0.0616553 0.0846486 0.0940873 0.0370461 0 -0.0866062 -0.00518137 0.0865639 0.0476194 0.0836951 0.0495471 -0.0879879 -0.0436332 -0.0140297 0.0775765 -0.0773132 -0.0175639 -0.0295561 -0.0267509 0.0603208 0.0875447 -0.0707997 
-0.0389957 0.0813983 0.0905953 0.0187394 -0.0879258 0.0205238 -0.0305174 0.0914835 0.0866062 0 0.0875698 0.0566811 0.0849951 -0.0779542 0.0354823 0.00184913 0.0897625 0.0782381 -0.072735 -0.0125545 -0.0468001 0.0537561 0.0271273 0.0446091 0.0692099 0.0727551 
-0.0455427 -0.0708456 0.0492075 0.00517029 -0.0691951 -0.013471 -0.0789685 0.0551291 0.00518137 -0.0875698 0 0.000927854 -0.0710498 -0.0944547 0.0299071 -0.00145299 -0.0669822 -0.0205725 0.0654211 0.0384788 -0.0836311 0.0761151 0.0018219 0.0207763 -0.0354965 -0.0418356 
0.0587766 -0.0825397 -0.0595431 0.0338217 -0.0126114 0.0498684 -0.0830025 -0.09828 -0.0865639 -0.0566811 -0.000927854 0 -0.0499053 -0.0526963 -0.075167 0.0217284 -0.0640254 -0.0636803 0.0914436 0.0551572 -0.0094111 -0.0735381 0.0414758 0.0584243 0.0461757 -0.0386412 
0.0436934 0.00146864 0.0897969 -0.0914905 -0.0351476 0.0988375 0.0878867 0.0171422 -0.0476194 -0.0849951 0.0710498 0.0499053 0 0.0487268 0.0523382 -0.0573772 -0.0837116 0.0196407 0.0591948 0.0649521 -0.0438103 -0.0455269 -0.043595 -0.00302495 0.016785 -0.0527422 
0.00926851 -0.0895771 -0.058265 -0.0908448 0.0663206 -0.0679561 -0.0337491 -0.0381402 -0.0836951 0.0779542 0.0944547 0.0526963 -0.0487268 0 -0.00889636 -0.0205817 0.0522854 0.00462462 -0.0567947 0.0647968 -0.000396599 -0.0394251 0.0419501 0.0801691 0.0309922 -0.0212444 
-0.0200586 0.0403684 -0.0965826 0.0575724 0.00769475 0.0765502 -0.0292443 0.0370962 -0.0495471 -0.0354823 -0.0299071 0.075167 -0.0523382 0.00889636 0 0.029906 -0.0849286 0.0762766 0.076653 -0.0369774 0.0317469 0.0393509 -0.0956876 0.0245545 -0.00381026 0.0179752 
-0.0419872 -0.0836096 0.0543329 0.0224183 -0.0855753 -0.0850954 0.0975107 -0.0431249 0.0879879 -0.00184913 0.00145299 -0.0217284 0.0573772 0.0205817 -0.029906 0 0.0670568 0.00462079 0.0914302 -0.00983683 0.0631237 0.0864885 0.0468064 -0.0846712 -0.0897603 0.0503823 
0.0637827 -0.0422205 -0.0366858 0.0087906 -0.0663996 -0.0683313 0.073622 -0.031608 0.0436332 -0.0897625 0.0669822 0.0640254 0.0837116 -0.0522854 0.0849286 -0.0670568 0 -0.0984701 -0.0407734 0.0215153 0.0162451 -0.0509673 0.0579001 0.0206797 -0.0734504 -0.0181948 
0.00547042 0.0536322 -0.0697596 -0.0736051 -0.0495223 -0.0645113 -0.0179807 0.0369093 0.0140297 -0.0782381 0.0205725 0.0636803 -0.0196407 -0.00462462 -0.0762766 -0.00462079 0.0984701 0 0.0749696 0.0949323 -0.00383637 -0.0204255 0.0131089 0.0110681 -0.0927996 -0.0953404 
-0.0968695 -0.0457024 -0.0304266 0.0573633 -0.0442289 0.0422486 0.0870934 -0.0266264 -0.0775765 0.072735 -0.0654211 -0.0914436 -0.0591948 0.0567947 -0.076653 -0.0914302 0.0407734 -0.0749696 0 0.00799038 -0.0609675 0.0363536 -0.0550053 -0.0280065 0.0907183 0.0653553 
-0.00692921 -0.0174176 0.0814894 0.027255 -0.0774222 0.0610825 -0.0872389 -0.0300214 0.0773132 0.0125545 -0.0384788 -0.0551572 -0.0649521 -0.0647968 0.0369774 0.00983683 -0.0215153 -0.0949323 -0.00799038 0 0.0653505 0.0224693 -0.0765074 -0.00699253 -0.0192844 0.00767559 
0.0110908 0.0856002 -0.098671 -0.0435071 0.0325664 0.0344876 -0.00183016 0.0131086 0.0175639 0.0468001 0.0836311 0.0094111 0.0438103 0.000396599 -0.0317469 -0.0631237 -0.0162451 0.00383637 0.0609675 -0.0653505 0 0.0265494 -0.0922694 0.0119414 0.02955 -0.064096 
-0.0961377 -0.0912444 -0.0883415 -0.0603193 -0.0911049 0.0886457 -0.0699213 0.00502004 0.0295561 -0.0537561 -0.0761151 0.0735381 0.0455269 0.0394251 -0.0393509 -0.0864885 0.0509673 0.0204255 -0.0363536 -0.0224693 -0.0265494 0 -0.087354 0.0186628 0.0791906 -0.00820317 
-0.064245 -0.0796434 0.0597134 0.0796099 -0.064988 0.00511262 -0.00392199 -0.0799268 0.0267509 -0.0271273 -0.0018219 -0.0414758 0.043595 -0.0419501 0.0956876 -0.0468064 -0.0579001 -0.0131089 0.0550053 0.0765074 0.0922694 0.087354 0 0.00571539 -0.0460561 -0.0536194 
0.0380287 0.0681298 -0.0306192 -0.0131329 -0.00986397 0.0837171 -0.0556913 -0.0121869 -0.0603208 -0.0446091 -0.0207763 -0.0584243 0.00302495 -0.0801691 -0.0245545 0.0846712 -0.0206797 -0.0110681 0.0280065 0.00699253 -0.0119414 -0.0186628 -0.00571539 0 -0.0621375 0.0540207 
0.0253996 0.0864861 0.0478843 0.0896184 -0.089501 0.0953629 0.00925176 -0.064939 -0.0875447 -0.0692099 0.0354965 -0.0461757 -0.016785 -0.0309922 0.00381026 0.0897603 0.0734504 0.0927996 -0.0907183 0.0192844 -0.02955 -0.0791906 0.0460561 0.0621375 0 -0.0638917 
-0.0130846 -0.0576902 -0.0406833 0.0325272 -0.0165797 0.0705673 0.0708765 -0.0387501 0.0707997 -0.0727551 0.0418356 0.0386412 0.0527422 0.0212444 -0.0179752 -0.0503823 0.0181948 0.0953404 -0.0653553 -0.00767559 0.064096 0.00820317 0.0536194 -0.0540207 0.0638917 0 
