25

16000 4500

30 55 80

3

0 57660 81520 70050 80960 61440 91570 90910 88300 94190 84390 97930 49920 34320 87310 24160 60070 55440 35760 68620 61750 90650 53220 87640 98610 93240 
57760 0 46490 63830 35900 52320 77600 38640 105341 72840 63550 73360 56490 76390 76470 34390 60230 26240 23040 27850 20600 72030 100020 34620 96621 65540 
81390 46050 0 29010 13360 23310 35140 22320 74811 27500 20970 28020 34040 111170 34010 69870 32850 42250 58110 25780 31960 28610 130070 22170 55130 20200 
70170 63430 28650 0 36240 13290 22800 48650 49601 28890 19640 33180 22490 99950 18540 70000 11990 42220 61710 43060 45560 24730 118850 46770 35301 28530 
81330 35860 13260 36280 0 28730 43660 15800 82081 39450 29610 40130 39460 101230 42530 57960 40120 33030 46200 13870 20050 38090 124860 13920 63650 32310 
61470 52340 23450 13700 28970 0 35220 41450 57411 34970 25170 38710 14120 91250 30960 61140 14160 30590 49410 34300 34470 31980 110150 39570 48451 33950 
92140 77280 35040 22370 43750 34880 0 55610 46000 18360 15360 23020 44460 121920 6950 91960 33960 61930 81570 56780 61590 10980 140820 54280 24420 19720 
90990 38630 22290 48850 15920 41300 55720 0 94651 48080 41550 48600 52030 110890 54590 67620 52690 44230 55860 25070 29730 49190 134520 6820 75710 40780 
88300 105251 74301 49621 81791 57101 45730 94271 0 61940 56520 66600 54670 119820 43620 89770 47361 80580 92970 87601 87771 55350 140660 92391 25310 63300 
94150 72300 27400 29050 39610 34910 19100 47970 62630 0 10730 5220 46490 124030 22470 90650 36910 59420 79060 52030 57800 10940 142930 47820 41520 8920 
83800 62950 20700 19070 29420 24560 15070 41270 56150 10730 0 14320 36140 113580 13940 80460 26840 49230 68870 42450 47600 9340 132480 39950 35060 9670 
97960 72820 27920 33230 40130 38720 23590 48490 67120 5300 14320 0 50300 127840 26960 94220 41000 62990 82630 52550 58730 15430 146740 48340 46010 8580 
49940 56530 34180 22400 39700 14100 43920 52180 54750 46660 36860 50400 0 79720 39660 49770 12420 31250 49470 39910 40080 43000 98620 50300 52320 45750 
34330 76210 111310 99840 100650 91230 121360 110600 119830 124060 114180 127800 79710 0 117100 52550 89860 75130 55450 88310 81440 120440 24280 107330 128400 123030 
87800 76190 33950 18040 42660 30540 6890 54520 43720 22350 14550 27010 40120 117580 0 87620 29620 57970 77610 55400 59620 15920 136480 53190 22900 23440 
24070 34260 69410 69890 57560 60800 91410 67510 89780 89870 80270 93460 49760 52690 87150 0 59910 32040 12360 45220 38350 87510 71720 64240 98450 88460 
60020 60080 32540 11770 40030 14050 33290 52510 47391 36110 26860 40400 12340 89800 29030 59840 0 36490 55310 42430 42600 32370 108700 50630 43760 35750 
55570 26330 42190 42470 32830 30610 61800 44070 80560 59000 49400 62590 31250 75470 57770 32200 36590 0 20610 21670 15450 56640 99100 39660 75261 57790 
35750 22940 57920 61730 46070 49310 81220 56020 92970 78420 68820 82010 49470 55650 77190 12380 55290 20590 0 33730 26860 76060 79280 52750 95871 76970 
68940 27730 25660 43070 13810 34220 56600 25010 87621 52010 42550 52530 39910 88840 55360 45570 42510 21750 33810 0 7660 51030 112470 20640 75341 44710 
62060 20380 31570 45840 19720 34330 61550 29840 87731 57700 47860 58440 40020 81960 59570 38690 42620 15870 26930 7380 0 56150 105590 26550 78521 50620 
91460 72060 28720 25700 38530 32280 10720 49290 55140 10310 9460 14970 43780 121240 15410 88560 33640 57330 76970 51560 56560 0 140140 49060 34030 11670 
53400 100060 130380 118910 124500 110300 140430 134450 140833 143130 133250 146870 98780 24310 136170 71910 108930 98980 79300 112160 105290 139510 0 131180 147470 142100 
88000 34590 22190 46680 13750 39130 54060 6770 92481 48100 40010 48620 49860 107900 52930 64630 50520 39830 52870 20670 26740 48490 131530 0 74050 40800 
97500 96481 54570 34501 63280 47591 24380 75140 24890 40590 35170 45250 51190 127280 22380 97320 42640 75271 96161 74911 78171 34000 146180 73810 0 41950 
93240 64990 20090 28510 32300 34000 19860 40660 63390 8930 9600 8570 45580 123020 23230 88810 36280 58190 77050 44720 50900 11700 141920 40510 42280 0 

0 Ciudad_0 0 0 32400 0
1 Ciudad_1 192 6060 20660 384
2 Ciudad_2 324 4367 16616 648
3 Ciudad_3 483 11042 22279 966
4 Ciudad_4 223 14323 18530 446
5 Ciudad_5 288 15496 22945 576
6 Ciudad_6 620 7682 19037 1240
7 Ciudad_7 486 10700 24080 972
8 Ciudad_8 260 14045 20664 520
9 Ciudad_9 469 11669 22620 938
10 Ciudad_10 804 12532 26605 1608
11 Ciudad_11 723 4921 14263 1446
12 Ciudad_12 275 11217 15332 550
13 Ciudad_13 708 15140 19481 1416
14 Ciudad_14 537 17130 19171 1074
15 Ciudad_15 724 4131 17625 1448
16 Ciudad_16 498 10148 17600 996
17 Ciudad_17 548 6990 20632 1096
18 Ciudad_18 454 1878 7562 908
19 Ciudad_19 210 13337 26943 420
20 Ciudad_20 130 10701 20808 260
21 Ciudad_21 602 10603 17186 1204
22 Ciudad_22 447 6268 20257 894
23 Ciudad_23 753 16790 27256 1506
24 Ciudad_24 469 7652 11264 938
25 Ciudad_25 201 11523 22443 402

0 0.0289203 -0.0729426 -0.00879712 -0.00617342 -0.0943372 -0.00999679 0.0899984 -0.0803632 -0.00372721 -0.0719443 0.0595461 0.0895374 -0.001549 0.0811739 0.0280772 0.0824491 -0.078572 -0.0515502 0.0150546 -0.0149797 -0.0393711 0.0295398 -0.0919556 -0.0343514 -0.009157 
-0.0289203 0 -0.0281726 -0.0618518 0.0311042 0.0453468 -0.00266063 -0.0798325 -0.0189242 0.0736506 0.0730943 0.065972 0.0559883 -0.075362 -0.0377403 0.068458 0.0149504 0.072626 0.048431 -0.0211284 0.0581646 -0.0519318 -0.0656243 -0.0387372 -0.0574437 0.0380755 
0.0729426 0.0281726 0 0.0072709 0.0958592 0.0658109 0.0830959 0.0422895 -0.0168359 0.0332278 -0.00500218 -0.0564591 -0.0534431 0.0157914 0.0197443 0.0127362 -0.0968253 0.0777746 0.0175073 -0.0247049 0.00696651 -0.0496245 -0.0417025 0.0181804 0.0787191 -0.0520594 
0.00879712 0.0618518 -0.0072709 0 -0.0965358 0.0394912 -0.0855026 0.0845255 0.0391196 0.0654142 -0.00713441 0.0132319 -0.0282823 0.0591596 -0.0823521 -0.00930745 -0.0668749 0.0654284 -0.0984732 -0.00301437 0.0186007 0.0237957 -0.0953528 -0.088239 -0.0254767 0.00106393 
0.00617342 -0.0311042 -0.0958592 0.0965358 0 -0.0671157 -0.072455 0.0408631 -0.053852 -0.0689821 -0.0617508 -0.0749362 0.0337685 0.0771488 0.0680879 0.0083224 -0.0577201 0.0538225 0.0679608 0.0227081 -0.0188603 0.0586776 -0.0891983 0.0260516 0.0780928 -0.0281958 
0.0943372 -0.0453468 -0.0658109 -0.0394912 0.0671157 0 -0.0133409 0.0725275 -0.0109494 0.0264364 0.00316624 -0.0173811 -0.0595118 -0.00837175 0.0962268 0.0821982 -0.0953703 0.044197 0.0544749 0.0566154 0.0867985 0.0158136 -0.0539203 -0.0395525 0.0469075 0.0351053 
0.00999679 0.00266063 -0.0830959 0.0855026 0.072455 0.0133409 0 0.054024 -0.067632 0.0235479 0.0919005 0.0244987 -0.0401474 -0.0162 0.0770794 0.0463373 -0.0966416 0.0543259 0.0896522 -0.0487772 0.0921037 0.0973888 -0.0914504 -0.0249783 -0.0999836 0.0254043 
-0.0899984 0.0798325 -0.0422895 -0.0845255 -0.0408631 -0.0725275 -0.054024 0 0.0757598 0.0509263 0.00088187 -0.00570439 -0.0944051 0.00663172 -0.031656 0.0997488 0.0209579 -0.0170704 -0.0923872 -0.0869621 -0.018387 0.0283035 -0.0878429 0.0967307 -0.0389683 0.0447752 
0.0803632 0.0189242 0.0168359 -0.0391196 0.053852 0.0109494 0.067632 -0.0757598 0 0.0605093 -0.0252988 -0.0879399 -0.0441211 -0.0804371 -0.0322538 -0.0101122 0.0590036 0.0498565 0.00550713 0.0730592 -0.0205904 0.0390239 0.066133 0.0791492 0.0818718 0.0887039 
0.00372721 -0.0736506 -0.0332278 -0.0654142 0.0689821 -0.0264364 -0.0235479 -0.0509263 -0.0605093 0 0.0475122 0.0129611 -0.0978151 -0.00767148 -0.030399 -0.0768839 -0.0747536 -0.00553337 0.00986634 0.00908579 0.0285643 0.00691706 0.066469 -0.0348377 -0.0460981 0.0749771 
0.0719443 -0.0730943 0.00500218 0.00713441 0.0617508 -0.00316624 -0.0919005 -0.00088187 0.0252988 -0.0475122 0 -0.0655446 0.0346799 0.0354584 0.0561297 0.0301537 0.00851962 0.0707798 0.0277893 0.0295463 0.0722526 -0.0912995 -0.0183667 0.0247315 -0.0410434 -0.0621537 
-0.0595461 -0.065972 0.0564591 -0.0132319 0.0749362 0.0173811 -0.0244987 0.00570439 0.0879399 -0.0129611 0.0655446 0 -0.0974361 0.0852683 -0.0176303 0.00880391 -0.0518415 -0.0601664 -0.0627141 -0.0444843 0.0940747 0.0442195 0.002375 -0.0434044 -0.0320922 -0.0449627 
-0.0895374 -0.0559883 0.0534431 0.0282823 -0.0337685 0.0595118 0.0401474 0.0944051 0.0441211 0.0978151 -0.0346799 0.0974361 0 -0.0932294 -0.0672041 0.0964932 0.0773253 0.0344987 -0.0181061 0.0271828 0.0868726 -0.0944859 -0.00656096 -0.0444271 0.00583276 0.0721722 
0.001549 0.075362 -0.0157914 -0.0591596 -0.0771488 0.00837175 0.0162 -0.00663172 0.0804371 0.00767148 -0.0354584 -0.0852683 0.0932294 0 -0.0909976 0.0810601 -0.0398099 -0.0130184 0.0106636 -0.010656 0.0844283 0.00215291 0.0367462 -0.0225016 -0.0181517 -0.0100516 
-0.0811739 0.0377403 -0.0197443 0.0823521 -0.0680879 -0.0962268 -0.0770794 0.031656 0.0322538 0.030399 -0.0561297 0.0176303 0.0672041 0.0909976 0 -0.039611 0.0354051 0.0548895 -0.0113149 -0.0857078 0.0329544 -0.0371029 -0.0053482 0.037755 0.0964355 0.080315 
-0.0280772 -0.068458 -0.0127362 0.00930745 -0.0083224 -0.0821982 -0.0463373 -0.0997488 0.0101122 0.0768839 -0.0301537 -0.00880391 -0.0964932 -0.0810601 0.039611 0 -0.00716037 -0.0251012 0.0955682 -0.04473 -0.0873235 -0.0453325 0.0423396 -0.0988492 0.00102343 -0.0849443 
-0.0824491 -0.0149504 0.0968253 0.0668749 0.0577201 0.0953703 0.0966416 -0.0209579 -0.0590036 0.0747536 -0.00851962 0.0518415 -0.0773253 0.0398099 -0.0354051 0.00716037 0 -0.0846039 -0.0194619 -0.0348604 0.0394556 -0.0775289 0.0203896 0.0282997 -0.0291547 0.0877133 
0.078572 -0.072626 -0.0777746 -0.0654284 -0.0538225 -0.044197 -0.0543259 0.0170704 -0.0498565 0.00553337 -0.0707798 0.0601664 -0.0344987 0.0130184 -0.0548895 0.0251012 0.0846039 0 -0.00619436 -0.00430933 -0.031679 -0.00886672 -0.0717888 -0.0500178 0.0898555 0.0273102 
0.0515502 -0.048431 -0.0175073 0.0984732 -0.0679608 -0.0544749 -0.0896522 0.0923872 -0.00550713 -0.00986634 -0.0277893 0.0627141 0.0181061 -0.0106636 0.0113149 -0.0955682 0.0194619 0.00619436 0 -0.00203862 -0.0450053 -0.065359 0.0329688 0.0193891 -0.0771321 0.0658141 
-0.0150546 0.0211284 0.0247049 0.00301437 -0.0227081 -0.0566154 0.0487772 0.0869621 -0.0730592 -0.00908579 -0.0295463 0.0444843 -0.0271828 0.010656 0.0857078 0.04473 0.0348604 0.00430933 0.00203862 0 -0.0826461 0.0195349 -0.0116924 -0.0326976 0.010099 -0.0234863 
0.0149797 -0.0581646 -0.00696651 -0.0186007 0.0188603 -0.0867985 -0.0921037 0.018387 0.0205904 -0.0285643 -0.0722526 -0.0940747 -0.0868726 -0.0844283 -0.0329544 0.0873235 -0.0394556 0.031679 0.0450053 0.0826461 0 0.0833255 -0.0846417 0.0988567 0.0144286 0.0958399 
0.0393711 0.0519318 0.0496245 -0.0237957 -0.0586776 -0.0158136 -0.0973888 -0.0283035 -0.0390239 -0.00691706 0.0912995 -0.0442195 0.0944859 -0.00215291 0.0371029 0.0453325 0.0775289 0.00886672 0.065359 -0.0195349 -0.0833255 0 0.0925735 0.0660921 -0.0594557 0.0664381 
-0.0295398 0.0656243 0.0417025 0.0953528 0.0891983 0.0539203 0.0914504 0.0878429 -0.066133 -0.066469 0.0183667 -0.002375 0.00656096 -0.0367462 0.0053482 -0.0423396 -0.0203896 0.0717888 -0.0329688 0.0116924 0.0846417 -0.0925735 0 -0.0739606 -0.0623044 -0.0154693 
0.0919556 0.0387372 -0.0181804 0.088239 -0.0260516 0.0395525 0.0249783 -0.0967307 -0.0791492 0.0348377 -0.0247315 0.0434044 0.0444271 0.0225016 -0.037755 0.0988492 -0.0282997 0.0500178 -0.0193891 0.0326976 -0.0988567 -0.0660921 0.0739606 0 0.0694348 -0.0895009 
0.0343514 0.0574437 -0.0787191 0.0254767 -0.0780928 -0.0469075 0.0999836 0.0389683 -0.0818718 0.0460981 0.0410434 0.0320922 -0.00583276 0.0181517 -0.0964355 -0.00102343 0.0291547 -0.0898555 0.0771321 -0.010099 -0.0144286 0.0594557 0.0623044 -0.0694348 0 -0.0413563 
0.009157 -0.0380755 0.0520594 -0.00106393 0.0281958 -0.0351053 -0.0254043 -0.0447752 -0.0887039 -0.0749771 0.0621537 0.0449627 -0.0721722 0.0100516 -0.080315 0.0849443 -0.0877133 -0.0273102 -0.0658141 0.0234863 -0.0958399 -0.0664381 0.0154693 0.0895009 0.0413563 0 
