25

16000 4500

30 55 80

3

0 80510 47070 28230 32050 85570 84060 76300 35830 87920 74220 12580 82611 13640 19240 74090 92610 57930 72090 74780 74900 29770 64500 32290 21650 16780 
80240 0 38730 71281 52730 70600 90470 126590 66901 98530 91230 68080 109470 70670 76120 115920 107750 84670 141271 120720 58030 57951 125000 63101 61830 96080 
47020 38620 0 52610 15870 75610 66040 90580 50910 74100 63960 34860 81860 37450 40250 82580 83320 72200 113611 86140 63040 37370 88140 47110 28920 62860 
28460 71141 52870 0 39430 63470 97120 97760 10680 103050 87300 24760 101850 22690 39880 95550 109440 31140 70240 96240 52800 23010 87740 8200 27200 39560 
32000 52710 15860 39660 0 74241 63800 78060 41930 69730 53980 19840 69630 22430 25320 70350 76120 65030 98591 73910 63591 24680 74970 37020 13900 47840 
85100 70740 75610 63040 73881 0 137081 149561 56350 143011 127251 75970 142911 75760 89710 143631 149401 39590 121380 147191 15720 59550 142620 54850 72590 100170 
84700 90580 66120 97450 64360 137381 0 45450 99810 9720 11690 77220 20990 79810 65690 30470 18940 122940 147370 36710 126731 83770 64430 94900 71690 94320 
76220 126220 90360 97560 78250 147941 45430 0 101591 42550 39370 74901 26870 77491 60761 16310 36550 124691 120790 10260 137271 89721 27940 96681 78080 77790 
35880 67311 50340 10680 41690 57120 99610 101691 0 105540 89790 29730 105120 28440 43470 99401 111930 24600 78640 100091 46900 21720 94750 5680 29690 49210 
87780 98460 74000 102980 69890 142911 9670 42390 105340 0 15740 81170 16070 83760 68770 28000 12510 128470 148820 34200 132261 89300 65490 100430 77220 95770 
74140 91330 64070 87290 54200 127221 11890 39730 89650 15810 0 67060 21140 69650 55130 26000 23410 112780 137760 32240 116571 73610 56130 84740 61530 84900 
12540 68360 34920 24350 19900 76550 76780 74971 30200 81470 66960 0 77970 2770 16750 72681 86160 53300 80191 73371 65880 18330 67020 25290 9500 28380 
81771 109560 82040 101420 70040 143061 20840 26730 104950 16090 21160 77990 0 80580 64390 12340 13050 128620 138890 18540 132411 89450 50690 99960 77370 86600 
13630 70970 37530 22280 22510 76070 79390 77581 28240 84080 69570 2770 80580 0 19360 75291 88770 51340 79461 75981 65400 18980 69170 23330 12110 29470 
19290 76450 39950 39770 25720 90610 65120 60361 44260 68870 55170 17570 64650 20160 0 57910 73560 67360 86930 58761 79940 32390 53420 39350 21880 31620 
73990 116190 82670 95330 70670 143691 30410 16190 99171 28100 26130 72481 12420 75071 57850 0 23920 122271 130100 6510 133041 86500 38620 94261 73710 78130 
92550 107960 83500 109430 76340 149361 19320 37020 111790 12820 23410 85940 13080 88530 73540 23950 0 134920 151530 28830 138711 95750 61510 106880 83670 98210 
57900 85620 72160 31440 64550 39810 122470 124551 24640 128400 112650 52590 128310 51300 66330 122261 134790 0 83480 122951 35360 44580 117500 28540 52550 62420 
72530 141291 114141 70460 99121 121760 147840 119910 78820 149500 137890 80871 138130 80261 87220 129550 151280 83500 0 124170 117310 90081 92530 78670 86751 56850 
74530 120680 86160 95870 74160 146261 36670 10120 99911 34330 32390 73221 18650 75811 59081 6510 28330 123011 124690 0 135591 88041 33210 95001 75750 77400 
74930 57920 62790 52870 63761 15720 126961 137761 46450 132891 117131 65800 132791 65590 79540 133511 139281 35200 116990 136161 0 49380 130820 44680 62420 90000 
29260 57791 37280 23060 24350 59670 83330 90241 21560 89260 73510 18280 89160 19090 32020 86640 95650 44660 88771 88641 49000 0 83300 16650 14030 45100 
64380 125060 88210 87660 75270 141250 64220 27800 94900 65260 55750 67080 50560 69280 53530 38390 60820 117360 93320 33010 130580 83030 0 89990 72330 55580 
32170 62951 45980 8190 36640 55260 94560 96641 5390 100490 84740 24680 99680 23390 38420 94351 106880 28490 78430 95041 44590 16670 89700 0 24640 47240 
20970 60830 27390 27400 12370 72251 69920 77010 29760 75850 60100 8810 75750 11400 20520 72700 82240 52860 86331 74730 61601 14550 71240 24850 0 36810 
16850 96350 62910 39590 47890 100520 94720 76550 49190 96380 84960 28420 87030 29550 31540 78470 98530 62250 56470 78060 89850 45680 55090 47240 37490 0 

0 Ciudad_0 0 0 32400 0
1 Ciudad_1 246 12594 27194 492
2 Ciudad_2 427 13105 25354 854
3 Ciudad_3 361 6984 18221 722
4 Ciudad_4 278 20238 24445 556
5 Ciudad_5 633 7013 14462 1266
6 Ciudad_6 613 12026 23381 1226
7 Ciudad_7 792 7458 20838 1584
8 Ciudad_8 197 21980 28599 394
9 Ciudad_9 100 13717 24668 200
10 Ciudad_10 632 10440 24513 1264
11 Ciudad_11 370 18388 27730 740
12 Ciudad_12 382 4322 8437 764
13 Ciudad_13 719 25438 29779 1438
14 Ciudad_14 806 6241 8282 1612
15 Ciudad_15 407 14710 28204 814
16 Ciudad_16 226 19934 27386 452
17 Ciudad_17 131 11725 25367 262
18 Ciudad_18 568 13130 18814 1136
19 Ciudad_19 785 9716 23322 1570
20 Ciudad_20 765 3949 14056 1530
21 Ciudad_21 314 6457 13040 628
22 Ciudad_22 693 4647 18636 1386
23 Ciudad_23 226 14240 24706 452
24 Ciudad_24 180 3996 7608 360
25 Ciudad_25 157 13811 24731 314

0 0.0781672 -0.0563478 0.0821611 0.00793813 -0.0120669 -0.0767767 -0.0365366 0.00328356 0.0844921 0.0192844 0.0350714 0.0274988 0.098606 0.00297556 -0.0437745 0.0458964 0.0187803 0.0636515 0.0270771 0.0768149 0.0455981 0.0659875 -0.00631129 -0.041884 -0.0610875 
-0.0781672 0 -0.0441479 0.0155548 0.0832455 -0.0344092 -0.0330745 0.0419002 -0.0947117 -0.056643 -0.0584839 0.0413395 -0.0306886 0.0479727 0.0772512 -0.000633938 -0.0231445 -0.0934303 -0.00540711 -0.0740706 -0.0254982 0.0886317 0.0593995 0.0863623 0.0326296 0.0955832 
0.0563478 0.0441479 0 -0.0857107 -0.0248872 -0.0788394 0.0338729 0.0759477 0.0225863 -0.0761575 0.0923055 -0.0989927 0.0831609 0.0205415 -0.0473232 0.0576838 0.0364068 0.0511784 0.0272475 0.00170561 -0.0925394 0.0479934 -0.0301302 -0.0373909 -0.0329806 -0.0141224 
-0.0821611 -0.0155548 0.0857107 0 -0.0935302 -0.00436268 -0.000527966 0.0269089 0.0338596 0.0927827 0.0924432 -0.000571579 0.0295914 -0.0950009 -0.0714793 -0.0980287 0.0505569 -0.0617703 -0.0553151 0.0135362 0.0574632 0.0831357 -0.0809932 -0.0509538 0.0150755 -0.0422434 
-0.00793813 -0.0832455 0.0248872 0.0935302 0 0.0331279 -0.0732088 -0.0734477 0.0828943 -0.0201599 0.00133775 -0.0709745 -0.0265999 0.0203091 -0.0845631 0.0406975 0.0820845 -0.0621328 0.0449928 -0.0803775 -0.0534423 0.0644291 -0.059597 0.0578446 -0.0137814 0.0666909 
0.0120669 0.0344092 0.0788394 0.00436268 -0.0331279 0 -0.022896 0.0650596 0.0536975 0.0141899 -0.0917139 0.00261953 -0.024916 -0.0801192 -0.0379731 -0.0326253 0.0953134 0.0411082 0.00914818 -0.0860802 0.0311538 0.0108534 0.0775354 0.0867347 0.0114774 -0.025839 
0.0767767 0.0330745 -0.0338729 0.000527966 0.0732088 0.022896 0 -0.0244347 0.0987099 -0.0470389 -0.0974601 -0.0520083 -0.0073012 0.0452205 0.0130331 -0.0877834 0.0621993 0.0463167 -0.0265549 0.0439443 0.0349852 0.0135294 -0.0136203 -0.0854839 -0.0183363 0.0619592 
0.0365366 -0.0419002 -0.0759477 -0.0269089 0.0734477 -0.0650596 0.0244347 0 0.0520591 -0.027817 0.0402207 0.0914432 0.0724092 -0.0395296 -0.0831043 0.0183399 0.0647539 0.0345772 0.0408049 0.0179564 -0.0533205 -0.0795397 0.0543732 -0.0906076 -0.0418619 0.0719872 
-0.00328356 0.0947117 -0.0225863 -0.0338596 -0.0828943 -0.0536975 -0.0987099 -0.0520591 0 -0.0732426 0.0381278 0.00277818 0.0720128 -0.0215401 0.0729595 -0.0624269 -0.0795746 0.0626461 -0.0695552 0.0833287 0.0323593 0.0175282 0.0309651 0.0436644 0.091658 0.025525 
-0.0844921 0.056643 0.0761575 -0.0927827 0.0201599 -0.0141899 0.0470389 0.027817 0.0732426 0 -0.0605814 -0.00434414 0.0136644 -0.026128 -0.0574916 -0.013617 0.0322989 -0.0688274 -0.0719181 0.0645605 -0.0279595 -0.0719462 -0.00863807 0.0886281 -0.0328428 -0.0584185 
-0.0192844 0.0584839 -0.0923055 -0.0924432 -0.00133775 0.0917139 0.0974601 -0.0402207 -0.0381278 0.0605814 0 -0.0615423 0.0316688 -0.0596087 -0.0553711 -0.0424338 -0.0680702 -0.0778164 -0.0117832 0.0922707 -0.00762859 -0.0187967 0.0919966 0.0257743 -0.0218651 0.021704 
-0.0350714 -0.0413395 0.0989927 0.000571579 0.0709745 -0.00261953 0.0520083 -0.0914432 -0.00277818 0.00434414 0.0615423 0 -0.0315623 0.0968337 -0.042 0.0698879 -0.0675663 -0.0505053 -0.0395366 0.0827915 0.0196227 -0.0802176 0.035095 0.0331254 0.0731705 0.0687916 
-0.0274988 0.0306886 -0.0831609 -0.0295914 0.0265999 0.024916 0.0073012 -0.0724092 -0.0720128 -0.0136644 -0.0316688 0.0315623 0 -0.0673904 0.0528178 -0.00576677 0.070691 -0.0733873 0.0538313 0.0141778 -0.0198205 0.0173006 -0.0239882 -0.0256064 0.0213666 0.00107538 
-0.098606 -0.0479727 -0.0205415 0.0950009 -0.0203091 0.0801192 -0.0452205 0.0395296 0.0215401 0.026128 0.0596087 -0.0968337 0.0673904 0 -0.0261708 0.00686244 -0.0764839 -0.0275068 -0.000470562 0.0937567 0.0643362 -0.047005 -0.0605833 -0.0622537 -0.0838772 -0.0638385 
-0.00297556 -0.0772512 0.0473232 0.0714793 0.0845631 0.0379731 -0.0130331 0.0831043 -0.0729595 0.0574916 0.0553711 0.042 -0.0528178 0.0261708 0 0.0412914 -0.0503545 0.0636447 0.0726988 -0.0635984 0.0896103 0.0968348 -0.0096875 0.00962034 0.0316434 0.0321182 
0.0437745 0.000633938 -0.0576838 0.0980287 -0.0406975 0.0326253 0.0877834 -0.0183399 0.0624269 0.013617 0.0424338 -0.0698879 0.00576677 -0.00686244 -0.0412914 0 -0.015669 0.0822843 0.0860987 -0.021172 0.0561622 -0.0539711 0.0388376 0.0954583 0.0435534 0.0132081 
-0.0458964 0.0231445 -0.0364068 -0.0505569 -0.0820845 -0.0953134 -0.0621993 -0.0647539 0.0795746 -0.0322989 0.0680702 0.0675663 -0.070691 0.0764839 0.0503545 0.015669 0 -0.0512343 -0.0960897 -0.00891551 -0.0734103 -0.0207454 0.081938 -0.0659009 0.0337993 -0.0598105 
-0.0187803 0.0934303 -0.0511784 0.0617703 0.0621328 -0.0411082 -0.0463167 -0.0345772 -0.0626461 0.0688274 0.0778164 0.0505053 0.0733873 0.0275068 -0.0636447 -0.0822843 0.0512343 0 -0.00458306 -0.0965252 0.0472598 -0.0603875 0.0354339 -0.0856725 -0.0241146 -0.0364875 
-0.0636515 0.00540711 -0.0272475 0.0553151 -0.0449928 -0.00914818 0.0265549 -0.0408049 0.0695552 0.0719181 0.0117832 0.0395366 -0.0538313 0.000470562 -0.0726988 -0.0860987 0.0960897 0.00458306 0 0.0904749 0.0937999 -0.0206486 0.0284325 -0.052639 -0.0979627 -0.0873513 
-0.0270771 0.0740706 -0.00170561 -0.0135362 0.0803775 0.0860802 -0.0439443 -0.0179564 -0.0833287 -0.0645605 -0.0922707 -0.0827915 -0.0141778 -0.0937567 0.0635984 0.021172 0.00891551 0.0965252 -0.0904749 0 -0.0785128 -0.0187565 -0.0109862 -0.0523551 -0.0925166 -0.0807388 
-0.0768149 0.0254982 0.0925394 -0.0574632 0.0534423 -0.0311538 -0.0349852 0.0533205 -0.0323593 0.0279595 0.00762859 -0.0196227 0.0198205 -0.0643362 -0.0896103 -0.0561622 0.0734103 -0.0472598 -0.0937999 0.0785128 0 0.0749845 -0.0140908 -0.0207192 0.0977011 -0.0349091 
-0.0455981 -0.0886317 -0.0479934 -0.0831357 -0.0644291 -0.0108534 -0.0135294 0.0795397 -0.0175282 0.0719462 0.0187967 0.0802176 -0.0173006 0.047005 -0.0968348 0.0539711 0.0207454 0.0603875 0.0206486 0.0187565 -0.0749845 0 -0.0766857 -0.0282032 0.000506294 -0.046187 
-0.0659875 -0.0593995 0.0301302 0.0809932 0.059597 -0.0775354 0.0136203 -0.0543732 -0.0309651 0.00863807 -0.0919966 -0.035095 0.0239882 0.0605833 0.0096875 -0.0388376 -0.081938 -0.0354339 -0.0284325 0.0109862 0.0140908 0.0766857 0 -0.0232124 0.0351189 -0.0551017 
0.00631129 -0.0863623 0.0373909 0.0509538 -0.0578446 -0.0867347 0.0854839 0.0906076 -0.0436644 -0.0886281 -0.0257743 -0.0331254 0.0256064 0.0622537 -0.00962034 -0.0954583 0.0659009 0.0856725 0.052639 0.0523551 0.0207192 0.0282032 0.0232124 0 -0.0524942 -0.0803981 
0.041884 -0.0326296 0.0329806 -0.0150755 0.0137814 -0.0114774 0.0183363 0.0418619 -0.091658 0.0328428 0.0218651 -0.0731705 -0.0213666 0.0838772 -0.0316434 -0.0435534 -0.0337993 0.0241146 0.0979627 0.0925166 -0.0977011 -0.000506294 -0.0351189 0.0524942 0 0.0348203 
0.0610875 -0.0955832 0.0141224 0.0422434 -0.0666909 0.025839 -0.0619592 -0.0719872 -0.025525 0.0584185 -0.021704 -0.0687916 -0.00107538 0.0638385 -0.0321182 -0.0132081 0.0598105 0.0364875 0.0873513 0.0807388 0.0349091 0.046187 0.0551017 0.0803981 -0.0348203 0 
