25

16000 4500

30 55 80

3

0 49230 76760 59840 13270 29410 29220 56340 19290 26440 29780 22440 18450 17560 57100 17260 24180 16810 48940 25590 34150 72401 12090 85920 27250 88410 
49200 0 34010 25880 38430 31700 56270 11790 50150 29100 40600 57960 45980 55350 9330 34020 44270 58620 5140 34520 30710 27130 39460 42890 38070 45930 
77300 33780 0 19460 67990 61640 86210 38460 73050 53370 60260 80860 75920 81130 32740 62330 67170 86680 37130 57420 49330 11740 69020 11070 60970 12340 
59530 25810 19580 0 50700 48290 72860 36500 54420 35600 41140 62230 60640 62500 33800 44560 48540 68910 29310 38790 30210 21500 51730 28740 42140 31230 
13400 38340 66870 49950 0 18780 30090 45450 19840 17040 21950 26850 13000 22920 46210 7500 19260 25920 38050 17760 26320 62520 4090 76030 19420 78520 
29390 31670 61830 48490 18140 0 25520 32820 36760 25270 34510 43770 17390 39840 37750 19370 34480 42840 28560 30320 34600 56170 18570 70990 31980 73480 
29510 56180 86340 73000 28430 25610 0 53890 45060 45170 49850 51960 19800 47080 60430 35790 46320 42280 52410 45660 54220 80680 26740 95500 47320 97990 
56060 11540 38260 36300 45290 32870 53930 0 57660 35970 48190 64890 48670 62210 7190 40880 51880 65480 8130 43040 39230 30770 46320 46530 45660 50180 
19470 50630 72290 54680 21160 37000 45100 58080 0 25250 18250 9600 31480 9680 58840 19800 7680 18160 50680 17350 27320 70030 22570 81450 15640 83940 
26420 28960 52120 35200 18630 25140 45660 36130 25070 0 15500 32880 28570 32530 36890 12270 19190 35800 28730 9520 13100 49860 19660 61280 12970 63770 
29500 40380 59540 41160 22750 33660 49710 48170 17840 14990 0 25650 33070 25920 48930 16540 11960 33220 40770 7100 11340 57280 24160 68700 3140 71190 
22560 57790 79980 62370 27930 43770 51780 64900 9510 32940 25940 0 38250 6650 65660 26570 14630 15630 57500 25040 35010 77720 29340 89140 23330 91630 
18450 45910 76070 60790 11370 17410 19830 48620 31070 28110 33180 38080 0 34150 53390 18730 30490 34780 44200 28990 37550 70410 9680 85230 30650 87720 
17650 55270 80370 62760 24170 40010 46870 62380 9560 32320 26330 6620 34490 0 63140 24010 16970 8980 54980 25430 35400 78110 25580 89530 23720 92020 
56940 9300 32780 33850 46170 37830 60500 7390 58540 36850 49070 65770 53460 63090 0 41760 52760 66360 9440 43120 39310 25290 47200 41050 46540 44700 
17170 34180 61710 44790 8630 19460 35890 41290 19680 11980 17060 26780 18800 24100 42050 0 16800 27370 33890 12870 21430 57351 9890 70870 14530 73360 
24210 44650 66310 48700 20430 34480 45930 52450 7730 19270 12270 14720 30750 17140 53210 16710 0 25620 45050 11370 21340 64050 21840 75470 9660 77960 
16570 58550 85940 69020 27300 43140 42360 65660 18180 35600 33620 15580 34750 8960 66420 27290 25590 0 58260 32720 42690 81721 27980 95100 31010 97590 
48750 5140 37420 29680 37980 28560 52400 8340 50350 28660 40880 57580 44190 54900 9370 33570 44570 58170 0 35730 31920 30540 39010 46300 38350 49340 
25570 34580 56240 38630 18820 29740 45780 43070 17230 9530 7500 25040 29140 25310 43230 12610 11350 32610 35670 0 10410 53980 20230 65400 5150 67890 
33820 31470 48810 30430 27070 35220 54030 39960 26780 12980 11460 34590 37390 34860 40120 20860 20900 42160 32560 10010 0 46550 28480 57970 12460 60460 
72261 26870 11730 21460 62410 56060 80630 30790 70050 50370 57570 77860 70340 78130 25070 57081 64170 81681 30220 54420 46640 0 63440 17940 57970 21940 
12130 39450 69050 52130 2480 18620 26870 46540 22180 19220 24290 29190 9780 25260 47320 9840 21600 28010 39160 20100 28660 63630 0 78210 21760 80700 
86430 42890 11070 28590 77120 70770 95340 46880 82180 62500 69390 89990 85050 90260 41160 71460 76300 95810 46240 66550 58460 17780 78150 0 70100 8820 
27340 38220 59880 42270 20590 31500 47550 46010 15520 12830 3430 23330 30910 23600 46770 14380 9640 30900 38610 4940 12700 57620 22000 69040 0 71530 
89090 45700 12390 31250 79780 73430 98000 50380 84840 65160 72050 92650 87710 92920 44660 74120 78960 98470 49050 69210 61120 21910 80810 8760 72760 0 

0 Ciudad_0 0 0 32400 0
1 Ciudad_1 646 8651 23251 1292
2 Ciudad_2 343 8229 20478 686
3 Ciudad_3 372 6673 17910 744
4 Ciudad_4 321 9341 13548 642
5 Ciudad_5 333 10549 17998 666
6 Ciudad_6 602 1925 13280 1204
7 Ciudad_7 828 6162 19542 1656
8 Ciudad_8 664 9274 15893 1328
9 Ciudad_9 270 7306 18257 540
10 Ciudad_10 693 6057 20130 1386
11 Ciudad_11 784 4577 13919 1568
12 Ciudad_12 458 23756 27871 916
13 Ciudad_13 157 25981 30322 314
14 Ciudad_14 407 12739 14780 814
15 Ciudad_15 161 3263 16757 322
16 Ciudad_16 180 18103 25555 360
17 Ciudad_17 485 10080 23722 970
18 Ciudad_18 263 12190 17874 526
19 Ciudad_19 557 15028 28634 1114
20 Ciudad_20 136 20521 30628 272
21 Ciudad_21 150 11587 18170 300
22 Ciudad_22 396 17115 31104 792
23 Ciudad_23 730 9633 20099 1460
24 Ciudad_24 368 16532 20144 736
25 Ciudad_25 216 11538 22458 432

0 -0.0664442 0.0389754 0.0502832 0.0567499 0.0221 -0.0732044 0.0398903 0.00499338 -0.057449 0.00989983 0.00659535 -0.0316499 0.0376826 0.0661824 0.0434646 -0.0404736 -0.0388519 0.0252682 -0.0160275 -0.0794527 -0.0998422 0.00804435 -0.0929882 0.0677527 0.0530296 
0.0664442 0 -0.0954854 -0.0202006 -0.000700999 -0.0902556 -0.0835475 -0.00134085 -0.0603949 0.0563942 -0.0180243 0.0960112 0.00445246 -0.0608646 0.0861222 0.0429828 0.0249809 0.000186983 -0.0608563 0.0404019 -0.0028742 -0.0547679 0.0435399 -0.094616 -0.00867211 0.094505 
-0.0389754 0.0954854 0 0.090853 -0.0136266 -0.0696686 0.0112469 0.00837044 -0.0105881 -0.0641755 -0.0580859 -0.0524458 -0.00587374 -0.0856466 0.0636385 -0.0781591 -0.0614195 0.0654747 -0.0974229 -0.0237582 -0.0312353 0.0989841 -0.070947 -0.0747486 0.00835457 0.0375283 
-0.0502832 0.0202006 -0.090853 0 -0.0675101 0.0887379 0.0741496 0.0875876 -0.0730425 0.0220926 0.0476619 0.0600586 -0.00882878 0.097569 -0.0649556 0.0428919 0.0190617 0.00744583 -0.00305955 -0.0515811 0.0247074 -0.0198231 0.0588381 0.00162082 0.031962 -0.0466076 
-0.0567499 0.000700999 0.0136266 0.0675101 0 0.000933548 -0.0499782 0.0603357 -0.0737215 0.0802739 -0.0778511 -0.0135453 0.0924018 -0.0298799 0.0374697 -0.0594931 0.0944074 0.058379 0.0268432 0.0698444 -0.0396153 0.0680938 0.0254065 0.00895116 -0.0642219 0.0762852 
-0.0221 0.0902556 0.0696686 -0.0887379 -0.000933548 0 -0.0115417 0.0915834 0.0817269 -0.0565924 0.0786791 0.0476655 -0.0225965 0.0432475 0.0431255 0.0528518 -0.0758921 -0.0455825 0.088152 0.0324148 0.0808439 -0.00471547 0.0984314 -0.0612103 0.0800101 -0.0791509 
0.0732044 0.0835475 -0.0112469 -0.0741496 0.0499782 0.0115417 0 0.0225648 0.0910491 -0.0921528 0.0762364 -0.0132085 -0.0860785 -0.0455468 -0.0789309 0.0857229 0.00801251 -0.00494547 0.0275216 0.00384557 -0.00268015 0.0891946 -0.0103726 0.0147153 0.0960095 0.0456329 
-0.0398903 0.00134085 -0.00837044 -0.0875876 -0.0603357 -0.0915834 -0.0225648 0 -0.0878003 -0.00503973 -0.00664058 0.0577299 0.00394239 0.0084094 -0.00379638 0.0704305 0.0508679 -0.0736701 -0.0738546 0.0158604 0.0983039 0.069026 -0.0893054 -0.0141527 -0.0703561 0.0776378 
-0.00499338 0.0603949 0.0105881 0.0730425 0.0737215 -0.0817269 -0.0910491 0.0878003 0 0.00269506 -0.0967476 -0.0451886 -0.0775911 -0.0903251 0.0499015 0.00908745 -0.0703184 0.0589827 -0.0499345 -0.0137575 -0.0974356 -0.0401663 -0.0207004 0.0640301 -0.0526396 0.0801666 
0.057449 -0.0563942 0.0641755 -0.0220926 -0.0802739 0.0565924 0.0921528 0.00503973 -0.00269506 0 0.0571377 0.00417378 -0.0443746 -0.0856613 -0.0531727 -0.0660735 0.0663546 -0.0554813 -0.00539195 0.0678147 -0.0830561 -0.0467886 -0.0360842 -0.0855287 -0.044805 -0.00594774 
-0.00989983 0.0180243 0.0580859 -0.0476619 0.0778511 -0.0786791 -0.0762364 0.00664058 0.0967476 -0.0571377 0 0.0204935 0.020327 0.0223704 0.013294 -0.00973087 0.0646844 0.0454298 -0.0750556 -0.0394452 0.0969825 0.0848867 0.0923613 0.0897139 -0.0380924 0.0349941 
-0.00659535 -0.0960112 0.0524458 -0.0600586 0.0135453 -0.0476655 0.0132085 -0.0577299 0.0451886 -0.00417378 -0.0204935 0 0.0517963 0.0304361 -0.0409804 0.0390739 -0.0616812 0.00915828 0.0869153 0.0501339 0.0504849 0.0913099 -0.0989057 -0.00709158 -0.0699458 -0.0556875 
0.0316499 -0.00445246 0.00587374 0.00882878 -0.0924018 0.0225965 0.0860785 -0.00394239 0.0775911 0.0443746 -0.020327 -0.0517963 0 -0.0209966 -0.0832964 0.00396705 0.0437289 0.0741712 -0.0145358 0.0209187 -0.0983618 0.00942834 0.0891594 0.0640449 -0.0320589 -0.0464649 
-0.0376826 0.0608646 0.0856466 -0.097569 0.0298799 -0.0432475 0.0455468 -0.0084094 0.0903251 0.0856613 -0.0223704 -0.0304361 0.0209966 0 -0.0312236 0.0324854 0.0152952 0.0147326 0.0742007 0.0202664 -0.00581013 0.0691357 0.0834837 -0.0663547 -0.0334925 -0.0184298 
-0.0661824 -0.0861222 -0.0636385 0.0649556 -0.0374697 -0.0431255 0.0789309 0.00379638 -0.0499015 0.0531727 -0.013294 0.0409804 0.0832964 0.0312236 0 0.0880586 0.0102091 0.0177194 0.0233885 0.0492073 -0.0186101 0.0616431 0.0828014 0.0242352 -0.00259822 0.0411805 
-0.0434646 -0.0429828 0.0781591 -0.0428919 0.0594931 -0.0528518 -0.0857229 -0.0704305 -0.00908745 0.0660735 0.00973087 -0.0390739 -0.00396705 -0.0324854 -0.0880586 0 0.00332741 -0.0699967 0.089649 -0.0501533 -0.0132183 -0.0995232 0.0699814 -0.0837957 0.0802696 0.0481574 
0.0404736 -0.0249809 0.0614195 -0.0190617 -0.0944074 0.0758921 -0.00801251 -0.0508679 0.0703184 -0.0663546 -0.0646844 0.0616812 -0.0437289 -0.0152952 -0.0102091 -0.00332741 0 0.0473775 0.0969436 -0.0781344 -0.0692626 -0.0527654 -0.0842317 -0.0260867 -0.0706964 -0.052383 
0.0388519 -0.000186983 -0.0654747 -0.00744583 -0.058379 0.0455825 0.00494547 0.0736701 -0.0589827 0.0554813 -0.0454298 -0.00915828 -0.0741712 -0.0147326 -0.0177194 0.0699967 -0.0473775 0 -0.0375479 -0.0108761 -0.0616478 0.0740295 0.0438643 0.0812574 0.0370663 -0.00574192 
-0.0252682 0.0608563 0.0974229 0.00305955 -0.0268432 -0.088152 -0.0275216 0.0738546 0.0499345 0.00539195 0.0750556 -0.0869153 0.0145358 -0.0742007 -0.0233885 -0.089649 -0.0969436 0.0375479 0 0.0862763 0.0799162 -0.0016655 -0.0945251 -0.0335357 0.00552184 0.0501202 
0.0160275 -0.0404019 0.0237582 0.0515811 -0.0698444 -0.0324148 -0.00384557 -0.0158604 0.0137575 -0.0678147 0.0394452 -0.0501339 -0.0209187 -0.0202664 -0.0492073 0.0501533 0.0781344 0.0108761 -0.0862763 0 0.0889408 -0.0624708 0.0528516 -0.0206289 0.0256973 0.0320014 
0.0794527 0.0028742 0.0312353 -0.0247074 0.0396153 -0.0808439 0.00268015 -0.0983039 0.0974356 0.0830561 -0.0969825 -0.0504849 0.0983618 0.00581013 0.0186101 0.0132183 0.0692626 0.0616478 -0.0799162 -0.0889408 0 0.0531809 0.000105337 0.0553487 -0.0937186 -0.0307955 
0.0998422 0.0547679 -0.0989841 0.0198231 -0.0680938 0.00471547 -0.0891946 -0.069026 0.0401663 0.0467886 -0.0848867 -0.0913099 -0.00942834 -0.0691357 -0.0616431 0.0995232 0.0527654 -0.0740295 0.0016655 0.0624708 -0.0531809 0 0.0660138 -0.00376093 -0.0388978 0.0411719 
-0.00804435 -0.0435399 0.070947 -0.0588381 -0.0254065 -0.0984314 0.0103726 0.0893054 0.0207004 0.0360842 -0.0923613 0.0989057 -0.0891594 -0.0834837 -0.0828014 -0.0699814 0.0842317 -0.0438643 0.0945251 -0.0528516 -0.000105337 -0.0660138 0 -0.0298016 0.00582463 0.0376796 
0.0929882 0.094616 0.0747486 -0.00162082 -0.00895116 0.0612103 -0.0147153 0.0141527 -0.0640301 0.0855287 -0.0897139 0.00709158 -0.0640449 0.0663547 -0.0242352 0.0837957 0.0260867 -0.0812574 0.0335357 0.0206289 -0.0553487 0.00376093 0.0298016 0 0.0634352 0.0367224 
-0.0677527 0.00867211 -0.00835457 -0.031962 0.0642219 -0.0800101 -0.0960095 0.0703561 0.0526396 0.044805 0.0380924 0.0699458 0.0320589 0.0334925 0.00259822 -0.0802696 0.0706964 -0.0370663 -0.00552184 -0.0256973 0.0937186 0.0388978 -0.00582463 -0.0634352 0 -0.0667363 
-0.0530296 -0.094505 -0.0375283 0.0466076 -0.0762852 0.0791509 -0.0456329 -0.0776378 -0.0801666 0.00594774 -0.0349941 0.0556875 0.0464649 0.0184298 -0.0411805 -0.0481574 0.052383 0.00574192 -0.0501202 -0.0320014 0.0307955 -0.0411719 -0.0376796 -0.0367224 0.0667363 0 
