25

16000 4500

30 55 80

3

0 49210 41720 54240 81200 84310 63490 76010 34260 79140 19860 69890 58420 88750 27630 24080 92020 66350 80270 60800 79550 60020 61610 63820 67540 38350 
48980 0 21240 30150 37770 48210 39710 48020 29050 32130 49510 44380 40440 44860 23530 56530 125880 20400 40350 35870 57631 51510 18340 57860 60830 11090 
42190 21410 0 12590 39550 43830 25120 35850 32740 49300 45310 31690 22500 47100 16600 52330 121680 28400 38620 20180 77041 58500 37750 62300 66020 15800 
54690 30230 12580 0 30160 34440 14820 26460 44670 54160 57240 21390 11780 37710 28530 64260 133910 21650 29230 8400 85861 70430 46570 74230 77950 26800 
81700 37750 39590 30220 0 13890 23870 19330 60280 48400 84060 22430 30010 10950 55110 91762 165654 19970 5910 26710 85700 82740 47290 89090 92060 46190 
84860 48360 43910 34540 13900 0 22250 10190 71120 61220 89240 15260 28420 18460 59860 96992 170884 29320 9480 27770 99200 93580 59840 99930 102900 54930 
62850 38880 24380 13980 24300 22370 0 14070 56470 55550 69010 7950 6290 30750 40330 76030 145460 23040 21770 6330 94010 82230 54170 86030 89750 38600 
76540 48220 36340 26970 19400 10490 14270 0 68430 62470 81000 6750 20440 25540 52290 89542 163682 30570 16560 19790 100930 94190 61090 97990 101710 50120 
34390 28650 32810 44730 60800 71410 57260 67990 0 48120 32800 63830 54640 67890 16610 39820 109170 43600 63550 52320 48540 29440 28800 33540 37260 20600 
78250 31030 48260 52810 47060 60120 55220 61460 46720 0 78070 58930 56430 54150 52800 85090 155110 32310 52260 51380 45930 61010 18810 72800 72210 40360 
19890 49350 44990 57120 84400 88750 69530 80380 32710 79380 0 76220 64460 92020 29000 8920 78270 67080 83540 64070 78000 58470 60060 62270 65990 38570 
70000 44420 31340 20940 22400 15700 7770 7270 63430 59870 76000 0 13940 28620 47290 83020 153110 27640 19640 13290 98330 89190 58490 92990 96710 45560 
58450 40510 22470 11750 29770 28300 6920 20000 54560 57680 64740 13880 0 36640 38420 71760 141190 25170 27660 6690 96141 80320 56300 84120 87840 37080 
89510 44830 47400 38030 10970 18160 30450 25400 67360 55480 91870 28600 36590 0 63100 98890 173464 27050 9690 34090 92780 89820 54370 96170 99140 53270 
27930 23930 16570 28490 55410 59730 41020 51750 16620 53860 28960 47590 38400 63000 0 35980 105330 39110 54520 36080 61910 42380 40270 46180 49900 12890 
24220 56420 52060 64190 91470 96110 76600 87450 39780 86450 8910 83290 71530 99090 36070 0 71240 74150 90610 71140 85070 65540 67130 69340 73060 45640 
91790 125360 121000 133460 165011 169761 145960 162771 108720 155950 77850 152560 140890 172561 105010 70830 0 143330 164081 140500 154010 134480 136230 138280 142000 114580 
66920 20570 28430 21260 19990 29040 23670 30380 43400 33500 67610 27380 24880 27080 39240 74630 144620 0 21180 19830 71960 65860 32120 72210 75180 29010 
80460 40190 38350 28980 5720 8880 20920 15870 62950 53050 83000 19070 27060 9760 54050 90522 164414 21150 0 24560 91020 85410 51670 91760 94730 47600 
61140 36000 20250 8370 26490 28120 7130 19820 52340 52670 64360 13700 6730 34040 36200 71380 140810 20160 25170 0 91130 78100 51290 81900 85620 34470 
79530 57181 76921 85831 85660 99150 94500 100740 48550 42610 77940 98210 95710 92750 61750 84960 154310 71590 91170 90660 0 35770 47621 43430 41220 65740 
60270 51590 58690 70610 83740 94350 83140 93870 29830 60850 58680 89710 80520 90830 42490 65700 135050 66540 86490 78200 35580 0 45900 12920 12330 46480 
61730 17990 37730 46640 46620 58880 53980 60220 28790 19550 60140 57690 55190 53710 40020 67160 137180 31070 51020 50140 47531 45860 0 55300 57060 27580 
64380 57820 62800 74720 89970 100580 87250 97980 33940 73070 62790 93820 84630 97060 46600 69810 139160 72770 92720 82310 43770 13440 55610 0 5260 50590 
67730 60480 66150 78070 92630 103240 90600 101330 37290 72170 66140 97170 87980 99720 49950 73160 142510 75430 95380 85660 41250 12540 57220 5270 0 53940 
38690 11540 15880 26740 45880 54820 39270 49890 20380 41470 38670 45840 37030 52970 12930 45690 115040 28510 47860 34330 65670 46140 27880 49940 53660 0 

0 Ciudad_0 0 0 32400 0
1 Ciudad_1 524 12782 27382 1048
2 Ciudad_2 284 6687 18936 568
3 Ciudad_3 238 5034 16271 476
4 Ciudad_4 700 4137 8344 1400
5 Ciudad_5 178 12343 19792 356
6 Ciudad_6 322 14803 26158 644
7 Ciudad_7 816 13242 26622 1632
8 Ciudad_8 528 8098 14717 1056
9 Ciudad_9 649 15970 26921 1298
10 Ciudad_10 383 1079 15152 766
11 Ciudad_11 234 8451 17793 468
12 Ciudad_12 561 24617 28732 1122
13 Ciudad_13 478 14203 18544 956
14 Ciudad_14 766 8915 10956 1532
15 Ciudad_15 509 11882 25376 1018
16 Ciudad_16 563 19289 26741 1126
17 Ciudad_17 809 9730 23372 1618
18 Ciudad_18 594 5931 11615 1188
19 Ciudad_19 117 9016 22622 234
20 Ciudad_20 207 18580 28687 414
21 Ciudad_21 736 7130 13713 1472
22 Ciudad_22 288 9276 23265 576
23 Ciudad_23 227 10687 21153 454
24 Ciudad_24 689 19123 22735 1378
25 Ciudad_25 703 1756 12676 1406

0 -0.0265576 0.0701991 -0.0503904 0.00715859 -0.0806811 0.0508811 -0.0466374 -0.0564914 0.0990837 0.0602313 0.0946332 -0.0404415 -0.000490353 -0.0549601 0.069039 -0.0716595 -0.0829647 -0.0446844 0.0994912 -0.0345944 0.072286 0.0858396 0.0744136 0.0106654 0.0793848 
0.0265576 0 -0.0604344 0.062395 0.0435226 -0.0300398 0.00924592 -0.0416098 -0.0189944 -0.0244551 0.0851485 0.0259112 0.0155385 0.00668089 -0.0957569 0.0831025 -0.0572439 -0.0946272 0.0368762 0.00128606 -0.0346256 0.0234097 -0.0844032 -0.0631014 0.0918499 -0.0109145 
-0.0701991 0.0604344 0 -0.0761285 0.0346246 -0.0259649 -0.0234892 -0.0636812 -0.0661167 -0.00816967 0.0560893 -0.0769831 0.0508062 -0.0596845 0.00317108 0.0592163 0.0168909 0.0514576 0.0979213 4.49042e-05 -0.0570417 -0.0711643 0.0126976 -0.038946 -0.0724596 -0.0527934 
0.0503904 -0.062395 0.0761285 0 0.0793237 0.00586831 -0.00833348 -0.0143886 0.00303711 0.0289773 0.072966 0.0710997 -0.0411377 0.0843936 -0.0593237 0.00481105 0.0780186 -0.0964767 0.0297225 -0.0671206 -0.0251725 0.0970461 -0.0246479 0.028059 -0.00868017 -0.0432449 
-0.00715859 -0.0435226 -0.0346246 -0.0793237 0 -0.014961 0.0870492 0.0785072 0.0684671 -0.0771506 -0.0198714 -0.0001136 -0.0826692 0.0358656 -0.02973 -0.0278698 0.0446694 0.0534264 0.0590335 0.0359869 0.0248644 -0.093919 0.0148913 -0.0660927 -0.0680014 -0.0213008 
0.0806811 0.0300398 0.0259649 -0.00586831 0.014961 0 -0.0563011 0.0956127 0.0112825 0.0297531 -0.0039759 0.00485723 -0.0841573 0.042144 0.00683929 -0.0795585 -0.00515117 -0.0844315 0.081442 0.0224743 0.0253539 0.0810196 0.06024 0.0603352 0.0452864 0.0276288 
-0.0508811 -0.00924592 0.0234892 0.00833348 -0.0870492 0.0563011 0 -0.080433 -0.0140883 -0.0223773 0.0656468 -0.0982918 0.0984944 -0.0651635 -0.0539345 -0.0368971 0.0269804 -0.0934381 0.0238911 0.0749709 0.0600255 0.0431996 -0.0743346 0.0736549 0.00608006 0.0186111 
0.0466374 0.0416098 0.0636812 0.0143886 -0.0785072 -0.0956127 0.080433 0 -0.0123326 -0.0839963 -0.0245789 0.0107045 0.0823685 -0.0727576 0.0395568 0.0738961 0.0656292 -0.0364288 -0.0893492 0.0589252 -0.0978351 -0.0828894 0.0896513 0.0889432 0.0277794 0.0063558 
0.0564914 0.0189944 0.0661167 -0.00303711 -0.0684671 -0.0112825 0.0140883 0.0123326 0 0.00945765 -0.0737942 0.0439796 0.00196866 0.0945714 -0.0864192 -0.0790051 0.0675812 0.0182955 -0.0508419 0.0852546 -0.0326609 -0.0409711 0.0730345 -0.0957919 -0.021019 -0.00888402 
-0.0990837 0.0244551 0.00816967 -0.0289773 0.0771506 -0.0297531 0.0223773 0.0839963 -0.00945765 0 0.0596267 0.0774354 0.0187781 -0.0243342 0.0757931 -0.000139235 0.099537 -0.049293 0.094413 -0.0862594 0.0412657 0.0747087 0.0744023 0.0997957 -0.0263019 -0.0526372 
-0.0602313 -0.0851485 -0.0560893 -0.072966 0.0198714 0.0039759 -0.0656468 0.0245789 0.0737942 -0.0596267 0 0.0658651 -0.0582438 -0.0255821 -0.0417751 0.03027 -0.0149148 -0.0376676 -0.0155217 -0.060627 0.0317594 0.00125343 -0.0945238 -0.0795771 0.0113251 -0.0296405 
-0.0946332 -0.0259112 0.0769831 -0.0710997 0.0001136 -0.00485723 0.0982918 -0.0107045 -0.0439796 -0.0774354 -0.0658651 0 0.0550374 -0.0378768 -0.00818963 0.00902808 -0.00317988 0.0320694 0.024074 -0.0610343 -0.0546575 0.0596896 0.047954 0.0234145 0.0760131 0.0272701 
0.0404415 -0.0155385 -0.0508062 0.0411377 0.0826692 0.0841573 -0.0984944 -0.0823685 -0.00196866 -0.0187781 0.0582438 -0.0550374 0 0.0742092 -0.0392869 0.0693333 0.0139597 0.0339567 0.0108903 0.0416072 0.0675877 0.0206631 0.0129538 0.072652 0.00301317 0.00435051 
0.000490353 -0.00668089 0.0596845 -0.0843936 -0.0358656 -0.042144 0.0651635 0.0727576 -0.0945714 0.0243342 0.0255821 0.0378768 -0.0742092 0 -0.0473643 0.00719172 -0.0697569 -0.0339298 -0.0976144 0.0728865 0.0888447 -0.0469796 -0.0726843 0.085538 0.00742631 -0.0903367 
0.0549601 0.0957569 -0.00317108 0.0593237 0.02973 -0.00683929 0.0539345 -0.0395568 0.0864192 -0.0757931 0.0417751 0.00818963 0.0392869 0.0473643 0 0.00917799 -0.0876102 0.0781872 -0.0822769 -0.0708788 0.0148426 0.066453 0.0536775 -0.0114762 0.0875459 -0.0978615 
-0.069039 -0.0831025 -0.0592163 -0.00481105 0.0278698 0.0795585 0.0368971 -0.0738961 0.0790051 0.000139235 -0.03027 -0.00902808 -0.0693333 -0.00719172 -0.00917799 0 -0.0773053 0.0994054 0.072495 0.0785435 -0.0980593 0.0915314 -0.010653 -0.00546946 0.0271709 0.0810582 
0.0716595 0.0572439 -0.0168909 -0.0780186 -0.0446694 0.00515117 -0.0269804 -0.0656292 -0.0675812 -0.099537 0.0149148 0.00317988 -0.0139597 0.0697569 0.0876102 0.0773053 0 0.0201743 0.0306465 -0.0606577 -0.0754281 -0.0384768 0.0789139 0.0452704 0.00556497 -0.0221896 
0.0829647 0.0946272 -0.0514576 0.0964767 -0.0534264 0.0844315 0.0934381 0.0364288 -0.0182955 0.049293 0.0376676 -0.0320694 -0.0339567 0.0339298 -0.0781872 -0.0994054 -0.0201743 0 -0.0860729 0.0724798 0.0825705 0.0151449 0.0913402 -0.051785 0.0429643 0.0053516 
0.0446844 -0.0368762 -0.0979213 -0.0297225 -0.0590335 -0.081442 -0.0238911 0.0893492 0.0508419 -0.094413 0.0155217 -0.024074 -0.0108903 0.0976144 0.0822769 -0.072495 -0.0306465 0.0860729 0 -0.0376292 0.039915 -0.0365412 0.0393471 -0.00635477 -0.0439527 0.0616436 
-0.0994912 -0.00128606 -4.49042e-05 0.0671206 -0.0359869 -0.0224743 -0.0749709 -0.0589252 -0.0852546 0.0862594 0.060627 0.0610343 -0.0416072 -0.0728865 0.0708788 -0.0785435 0.0606577 -0.0724798 0.0376292 0 0.0552468 0.00560888 -0.0247944 -0.0602768 0.00364479 -0.0391474 
0.0345944 0.0346256 0.0570417 0.0251725 -0.0248644 -0.0253539 -0.0600255 0.0978351 0.0326609 -0.0412657 -0.0317594 0.0546575 -0.0675877 -0.0888447 -0.0148426 0.0980593 0.0754281 -0.0825705 -0.039915 -0.0552468 0 0.063839 0.0157052 -0.0488453 0.0416901 0.0186165 
-0.072286 -0.0234097 0.0711643 -0.0970461 0.093919 -0.0810196 -0.0431996 0.0828894 0.0409711 -0.0747087 -0.00125343 -0.0596896 -0.0206631 0.0469796 -0.066453 -0.0915314 0.0384768 -0.0151449 0.0365412 -0.00560888 -0.063839 0 -0.021545 0.0557968 -0.054895 -0.0270179 
-0.0858396 0.0844032 -0.0126976 0.0246479 -0.0148913 -0.06024 0.0743346 -0.0896513 -0.0730345 -0.0744023 0.0945238 -0.047954 -0.0129538 0.0726843 -0.0536775 0.010653 -0.0789139 -0.0913402 -0.0393471 0.0247944 -0.0157052 0.021545 0 -0.00169339 -0.0860413 -0.0159291 
-0.0744136 0.0631014 0.038946 -0.028059 0.0660927 -0.0603352 -0.0736549 -0.0889432 0.0957919 -0.0997957 0.0795771 -0.0234145 -0.072652 -0.085538 0.0114762 0.00546946 -0.0452704 0.051785 0.00635477 0.0602768 0.0488453 -0.0557968 0.00169339 0 -0.0116431 0.0115799 
-0.0106654 -0.0918499 0.0724596 0.00868017 0.0680014 -0.0452864 -0.00608006 -0.0277794 0.021019 0.0263019 -0.0113251 -0.0760131 -0.00301317 -0.00742631 -0.0875459 -0.0271709 -0.00556497 -0.0429643 0.0439527 -0.00364479 -0.0416901 0.054895 0.0860413 0.0116431 0 -0.0137062 
-0.0793848 0.0109145 0.0527934 0.0432449 0.0213008 -0.0276288 -0.0186111 -0.0063558 0.00888402 0.0526372 0.0296405 -0.0272701 -0.00435051 0.0903367 0.0978615 -0.0810582 0.0221896 -0.0053516 -0.0616436 0.0391474 -0.0186165 0.0270179 0.0159291 -0.0115799 0.0137062 0 
