25

16000 4500

30 55 80

3

0 94700 44900 76690 24970 34070 74750 42510 92750 64170 48250 75400 89190 19090 55840 85420 49760 64290 49900 87030 52300 97370 90680 82400 60810 58080 
95590 0 130351 162511 88690 72090 96310 68650 34510 98401 51300 31890 127691 114570 40450 54420 75060 73340 52060 159151 53250 106640 56900 69660 155760 153491 
45360 129790 0 32280 67850 65020 120110 86400 116710 59650 85030 99580 70010 27910 101200 109380 64430 109650 95260 42380 76260 94760 136740 127760 37350 23580 
77350 162990 32290 0 99840 98000 152100 119860 149910 85750 118010 132780 77070 59900 133190 141580 94840 141640 127250 20060 108460 118840 170220 160530 49100 34220 
24600 87820 67040 98840 0 45510 53410 21170 92270 82850 44920 72070 111610 41300 49490 95420 65150 42950 37620 109180 65350 112760 72000 61060 69800 75380 
34300 71950 65000 98010 45520 0 93810 48210 63120 47180 21330 45030 76490 48540 40160 55790 26690 79840 44980 97400 22670 74300 90620 92260 92230 87270 
74610 95700 119310 151200 52960 93650 0 46220 116410 132950 83050 103290 161710 92070 67820 127690 115250 24760 55840 161540 104560 162860 55500 39140 121400 127230 
42730 67860 86000 119320 21080 48180 46430 0 82520 91580 37580 63990 120340 60190 29680 87340 72890 32460 17690 129660 59090 120510 51410 49810 89520 94640 
93150 34480 117470 149630 92550 63480 116860 82620 0 84730 48210 22040 108870 107270 53060 23150 62450 93890 66030 145480 40640 80340 78540 91300 150060 140610 
64140 97880 59440 84770 82840 47060 132870 91520 84350 0 61740 67220 30200 66110 79970 64890 23120 122410 90070 74340 43900 42870 130770 134800 96250 83020 
48080 51640 84630 117640 44500 20950 83300 37700 48370 62840 0 28170 92130 66320 19850 51520 40560 69330 32320 117030 22890 85230 70310 74340 106540 105090 
75570 31770 100260 132420 72020 44870 103310 63980 21820 67520 27680 0 96810 89690 35650 25160 45240 84290 48620 128270 23430 75430 70880 83640 132850 123400 
89200 127730 71100 77550 112140 76800 162170 120820 108190 30030 91590 97070 0 84190 109820 86780 52970 151710 120460 58420 73750 41970 160620 164650 107910 94680 
19030 113730 26850 58640 41380 48530 92310 60070 106860 66380 66760 89730 84310 0 74870 99530 60290 81850 68930 68980 66410 105160 110270 99960 45510 39740 
55920 39630 100710 132510 49370 40280 67820 29720 52990 80360 19490 35620 109650 74900 0 60020 58080 51370 13130 136980 40410 102750 51120 55150 114380 113890 
85730 54370 110050 141930 95500 56060 127750 87460 23290 64900 51160 25170 87290 99850 60090 0 48770 108730 73060 131500 33220 57580 95320 108080 142640 133190 
49110 74220 64240 94340 64520 25890 114550 72130 61780 23500 39170 44650 52790 59260 57400 48820 0 103760 68900 83910 21330 49140 107860 111890 99320 87820 
64350 73020 109050 140940 42700 80280 24870 32850 93730 122690 69680 83800 151450 81810 51460 107610 104990 0 39480 151280 91190 152600 31540 18370 111140 116970 
49910 51280 94700 126500 37670 44910 55900 17780 65940 90120 31930 48570 119480 68890 13100 72970 69620 39450 0 136840 52850 115190 48180 47810 106110 107880 
87070 158670 42770 20040 109560 97570 161820 129580 145140 75000 117580 128010 58200 69620 136970 131380 84090 151360 136970 0 104650 99970 181320 171630 68790 53910 
52610 52980 76930 109100 65410 22940 104790 59190 40540 44190 22170 23410 73480 66730 40400 33210 21910 90820 52870 104450 0 63860 90860 94890 109520 100070 
96770 106640 94960 118310 112180 73550 162210 119790 80240 42170 83780 75550 42660 104280 102010 57150 48360 151420 114480 99180 63160 0 149220 156840 131770 118540 
90830 56450 136110 169590 71820 90490 55700 51460 78410 130950 69700 70570 160240 110300 50870 94380 108290 31550 48210 181660 90620 148740 0 17370 140260 146090 
82460 69130 127160 159810 60810 92100 39330 49770 91090 135330 74080 83250 164620 99920 55250 107060 112670 18370 47720 171880 95000 157720 17420 0 129250 135080 
60790 155020 37240 48700 70010 92320 121920 89680 149140 95990 106830 132010 106350 45610 114420 141810 99700 111460 106130 68460 108690 131100 140510 129570 0 15250 
58300 153140 23870 34170 75550 87430 127710 94760 140060 83500 106000 122930 93860 39880 114140 132730 88280 117250 108200 53930 99610 118610 146300 135360 15510 0 

0 Ciudad_0 0 0 32400 0
1 Ciudad_1 155 6766 21366 310
2 Ciudad_2 383 4359 16608 766
3 Ciudad_3 743 15707 26944 1486
4 Ciudad_4 129 13637 17844 258
5 Ciudad_5 535 12793 20242 1070
6 Ciudad_6 177 5926 17281 354
7 Ciudad_7 265 6610 19990 530
8 Ciudad_8 793 16886 23505 1586
9 Ciudad_9 811 12479 23430 1622
10 Ciudad_10 777 14275 28348 1554
11 Ciudad_11 114 10492 19834 228
12 Ciudad_12 180 11215 15330 360
13 Ciudad_13 230 3880 8221 460
14 Ciudad_14 216 23149 25190 432
15 Ciudad_15 327 11269 24763 654
16 Ciudad_16 639 6583 14035 1278
17 Ciudad_17 101 13531 27173 202
18 Ciudad_18 762 22845 28529 1524
19 Ciudad_19 336 7009 20615 672
20 Ciudad_20 332 13317 23424 664
21 Ciudad_21 134 7455 14038 268
22 Ciudad_22 210 10371 24360 420
23 Ciudad_23 754 6122 16588 1508
24 Ciudad_24 370 9790 13402 740
25 Ciudad_25 184 3561 14481 368

0 -0.0533683 0.0575576 0.0456879 0.0146471 -0.094032 -0.00419808 0.0778302 0.0620393 -0.0881788 -0.082737 0.00790072 0.0926106 0.0543456 -0.0652479 -0.00499309 0.0360517 0.063063 -0.0663434 -0.0397671 -0.0797677 0.0326004 -0.09499 0.0484957 0.094478 0.0414063 
0.0533683 0 -0.0749992 -0.0790628 -0.0566197 0.0363446 0.0375449 0.00022355 -0.0519123 0.0073195 0.0105621 -0.0116425 -0.0117501 -0.0303913 0.0746406 0.0379278 -0.0534162 0.0315534 -0.0847945 0.0797626 0.0734069 0.0726055 -0.0753917 0.0601448 0.0953555 0.0769788 
-0.0575576 0.0749992 0 0.00116466 -0.0295987 0.0775618 0.0254675 -0.0654233 0.0754422 -0.0915514 0.0980734 0.0392257 0.0150136 -0.0699445 0.0450954 0.077788 0.00862418 0.013899 -0.0997205 0.00363221 -0.0273785 0.0403983 0.0599762 -0.0639534 0.0943647 -0.0658763 
-0.0456879 0.0790628 -0.00116466 0 -0.054086 -0.0794472 -0.0526368 -0.0702218 0.00541544 -0.0166272 -0.0101018 -0.0174309 0.0975964 0.0535519 -0.0804945 -0.0672456 0.0617838 0.00228447 0.095779 0.0546089 0.0802332 0.0286903 0.0979587 -0.0539295 -0.0555257 0.0619341 
-0.0146471 0.0566197 0.0295987 0.054086 0 0.0438721 -0.088271 0.073705 -0.0346173 0.0788732 -0.00432782 -0.0817586 0.0882137 -0.0428258 -0.0676876 -0.0714069 0.0681732 -0.0376936 0.0270561 0.0658946 0.0802952 0.08901 -0.00061192 0.0913394 -0.00151489 -0.0550335 
0.094032 -0.0363446 -0.0775618 0.0794472 -0.0438721 0 0.0783253 -0.0546003 0.0692223 0.0190358 0.0691093 0.0170797 0.0663507 0.0820724 0.00966129 0.0915069 0.0398744 0.0669328 0.0589448 -0.0944492 -0.0468907 0.0343335 0.0648137 -0.023097 -0.094309 -0.0243081 
0.00419808 -0.0375449 -0.0254675 0.0526368 0.088271 -0.0783253 0 -0.0257965 0.017161 -0.0583756 0.0198697 0.0265001 -0.0697722 0.0933739 -0.0298699 -0.0753418 0.0946288 0.0696772 0.0185792 -0.00270726 -0.0950743 -0.0164785 -0.0942231 0.0615971 0.0234155 0.0324214 
-0.0778302 -0.00022355 0.0654233 0.0702218 -0.073705 0.0546003 0.0257965 0 -0.0619295 -0.0282571 -0.0167823 0.048196 -0.0616638 0.0159661 0.0183957 -0.071429 0.0420949 -0.0034971 0.0652583 -0.061667 -0.085 0.0149515 0.0848154 0.0390843 -0.0159006 0.0199973 
-0.0620393 0.0519123 -0.0754422 -0.00541544 0.0346173 -0.0692223 -0.017161 0.0619295 0 -0.0618887 0.0547443 0.0540078 0.0148726 0.0490277 -0.0958266 -0.0780272 0.0569478 0.0968131 -0.086065 -0.00122951 -0.0834645 -0.0209622 0.026645 0.085715 0.0965329 -0.03402 
0.0881788 -0.0073195 0.0915514 0.0166272 -0.0788732 -0.0190358 0.0583756 0.0282571 0.0618887 0 0.0573791 0.0393183 0.0577804 -0.0234068 0.0386493 -0.0752634 0.0926066 0.081902 -0.0115327 -0.0149348 -0.0905622 -0.0676092 0.0802674 -0.0517931 -0.0221277 0.0598238 
0.082737 -0.0105621 -0.0980734 0.0101018 0.00432782 -0.0691093 -0.0198697 0.0167823 -0.0547443 -0.0573791 0 0.0507954 0.0530169 -0.0453981 -0.0234838 -0.0289267 0.0322699 0.0614214 -0.0340925 0.0539982 0.0654988 -0.079888 -0.082849 -0.00341885 0.0935341 0.0108765 
-0.00790072 0.0116425 -0.0392257 0.0174309 0.0817586 -0.0170797 -0.0265001 -0.048196 -0.0540078 -0.0393183 -0.0507954 0 -0.0856465 0.0607731 0.0955673 0.0284113 -0.0994278 0.0804455 0.00812687 0.0463262 -0.00377038 -0.0346434 -0.0388853 0.0625934 -0.0603211 0.00617907 
-0.0926106 0.0117501 -0.0150136 -0.0975964 -0.0882137 -0.0663507 0.0697722 0.0616638 -0.0148726 -0.0577804 -0.0530169 0.0856465 0 -0.0600333 0.0752087 0.0463678 -0.0547476 -0.0303082 0.0781961 0.0245135 -0.0717048 0.0284895 0.0220391 -0.0791197 0.0989519 -0.0082156 
-0.0543456 0.0303913 0.0699445 -0.0535519 0.0428258 -0.0820724 -0.0933739 -0.0159661 -0.0490277 0.0234068 0.0453981 -0.0607731 0.0600333 0 -0.0111517 0.00109101 -0.0243675 0.0923535 0.0358004 -0.0716563 -0.0238394 0.0709197 0.0500837 0.0109527 0.0941985 0.0879558 
0.0652479 -0.0746406 -0.0450954 0.0804945 0.0676876 -0.00966129 0.0298699 -0.0183957 0.0958266 -0.0386493 0.0234838 -0.0955673 -0.0752087 0.0111517 0 -0.0782891 0.0976795 -0.0908509 -0.092384 0.0385953 -0.0575973 -0.0428925 0.0595267 0.0651535 0.0266867 0.0654274 
0.00499309 -0.0379278 -0.077788 0.0672456 0.0714069 -0.0915069 0.0753418 0.071429 0.0780272 0.0752634 0.0289267 -0.0284113 -0.0463678 -0.00109101 0.0782891 0 0.0283788 -0.0148321 0.029878 -0.0562281 -0.0641128 -0.0749119 0.0266257 -0.0301682 -0.0531331 0.0649882 
-0.0360517 0.0534162 -0.00862418 -0.0617838 -0.0681732 -0.0398744 -0.0946288 -0.0420949 -0.0569478 -0.0926066 -0.0322699 0.0994278 0.0547476 0.0243675 -0.0976795 -0.0283788 0 0.000954036 -0.0160508 -0.0931529 0.0786702 0.0272792 0.0176018 -0.0566725 -0.0969012 0.0196776 
-0.063063 -0.0315534 -0.013899 -0.00228447 0.0376936 -0.0669328 -0.0696772 0.0034971 -0.0968131 -0.081902 -0.0614214 -0.0804455 0.0303082 -0.0923535 0.0908509 0.0148321 -0.000954036 0 -0.0101379 0.043083 0.0607993 0.00788787 0.0205696 0.0508063 -0.0504131 -0.0857331 
0.0663434 0.0847945 0.0997205 -0.095779 -0.0270561 -0.0589448 -0.0185792 -0.0652583 0.086065 0.0115327 0.0340925 -0.00812687 -0.0781961 -0.0358004 0.092384 -0.029878 0.0160508 0.0101379 0 -0.0991199 -0.0303935 -0.0770658 -0.0307997 -0.0391539 -0.0310018 0.0435212 
0.0397671 -0.0797626 -0.00363221 -0.0546089 -0.0658946 0.0944492 0.00270726 0.061667 0.00122951 0.0149348 -0.0539982 -0.0463262 -0.0245135 0.0716563 -0.0385953 0.0562281 0.0931529 -0.043083 0.0991199 0 0.0450719 0.0417627 -0.0576972 0.0709135 -0.0964621 -0.0101041 
0.0797677 -0.0734069 0.0273785 -0.0802332 -0.0802952 0.0468907 0.0950743 0.085 0.0834645 0.0905622 -0.0654988 0.00377038 0.0717048 0.0238394 0.0575973 0.0641128 -0.0786702 -0.0607993 0.0303935 -0.0450719 0 -0.010362 0.0754072 0.0740006 0.0983824 0.0488368 
-0.0326004 -0.0726055 -0.0403983 -0.0286903 -0.08901 -0.0343335 0.0164785 -0.0149515 0.0209622 0.0676092 0.079888 0.0346434 -0.0284895 -0.0709197 0.0428925 0.0749119 -0.0272792 -0.00788787 0.0770658 -0.0417627 0.010362 0 -0.00605781 -0.0371648 -0.0610903 0.0939758 
0.09499 0.0753917 -0.0599762 -0.0979587 0.00061192 -0.0648137 0.0942231 -0.0848154 -0.026645 -0.0802674 0.082849 0.0388853 -0.0220391 -0.0500837 -0.0595267 -0.0266257 -0.0176018 -0.0205696 0.0307997 0.0576972 -0.0754072 0.00605781 0 0.0170905 -0.00426399 0.0358735 
-0.0484957 -0.0601448 0.0639534 0.0539295 -0.0913394 0.023097 -0.0615971 -0.0390843 -0.085715 0.0517931 0.00341885 -0.0625934 0.0791197 -0.0109527 -0.0651535 0.0301682 0.0566725 -0.0508063 0.0391539 -0.0709135 -0.0740006 0.0371648 -0.0170905 0 0.00382492 0.0475127 
-0.094478 -0.0953555 -0.0943647 0.0555257 0.00151489 0.094309 -0.0234155 0.0159006 -0.0965329 0.0221277 -0.0935341 0.0603211 -0.0989519 -0.0941985 -0.0266867 0.0531331 0.0969012 0.0504131 0.0310018 0.0964621 -0.0983824 0.0610903 0.00426399 -0.00382492 0 -0.0323922 
-0.0414063 -0.0769788 0.0658763 -0.0619341 0.0550335 0.0243081 -0.0324214 -0.0199973 0.03402 -0.0598238 -0.0108765 -0.00617907 0.0082156 -0.0879558 -0.0654274 -0.0649882 -0.0196776 0.0857331 -0.0435212 0.0101041 -0.0488368 -0.0939758 -0.0358735 -0.0475127 0.0323922 0 
