15

16000 4500

30 55 80

2

0 90940 65960 92061 68130 46470 89960 88650 81490 87490 81220 37470 79710 41330 89360 54620 
91020 0 155350 6920 65500 47680 81520 49960 155260 102610 170610 126420 12810 127440 179580 39730 
65830 157100 0 158221 118271 110120 133250 146560 71580 117760 22120 30920 145870 36670 30260 118270 
92140 6510 156470 0 62400 47920 77550 56020 156670 99510 171730 127540 14880 127920 180700 39970 
68060 66010 118451 62100 0 44180 24690 98250 147240 40130 138971 99342 55980 83741 147111 44020 
46670 47820 110560 47661 44090 0 67810 58700 116230 78130 125820 82070 36590 83090 133960 8760 
90840 81920 133750 77060 24260 67500 0 118020 169602 32820 154270 116450 75750 99040 162480 67340 
89060 49700 146340 56170 97580 58640 117590 0 139740 133320 161650 116250 49050 129480 169790 55340 
81350 155420 71690 156940 147290 116390 169933 139860 0 158770 50620 54040 144190 81710 56910 124070 
87810 102260 117930 98350 40410 78740 32680 133720 159110 0 136910 105610 92230 85660 143120 78740 
81060 173740 21960 174861 138761 125350 153910 161790 50300 136450 0 46150 162510 58200 8980 133500 
37290 126050 30670 127171 98932 81580 115830 116510 54360 105200 45930 0 114820 28660 54070 89730 
79720 12740 143780 14910 55650 36530 75660 49180 143960 92210 159040 115120 0 116140 168010 28580 
41370 127450 36750 126490 83421 82980 98230 129050 81570 85490 58450 28660 116220 0 66590 90520 
89240 182070 30090 183191 146941 133530 162160 169970 56780 142630 9020 54330 170840 66330 0 141830 
54540 39870 118430 39711 44360 9000 68080 55890 123850 78900 133690 89940 28640 90490 142660 0 

0 Ciudad_0 0 0 32400 0
1 Ciudad_1 698 6495 21095 1396
2 Ciudad_2 711 7072 19321 1422
3 Ciudad_3 287 11724 22961 574
4 Ciudad_4 617 11746 15953 1234
5 Ciudad_5 303 2909 10358 606
6 Ciudad_6 815 9347 20702 1630
7 Ciudad_7 414 12901 26281 828
8 Ciudad_8 183 17581 24200 366
9 Ciudad_9 669 10948 21899 1338
10 Ciudad_10 680 12731 26804 1360
11 Ciudad_11 381 18216 27558 762
12 Ciudad_12 381 22759 26874 762
13 Ciudad_13 122 8291 12632 244
14 Ciudad_14 140 14011 16052 280
15 Ciudad_15 675 12351 25845 1350

0 -0.00576017 0.0409623 0.0985899 0.0405736 0.00750356 -0.0439977 0.0897805 0.0414809 0.0349324 0.099652 -0.0337929 0.00825544 0.0815332 0.0690922 0.00900872 
0.00576017 0 -0.0966437 0.06988 0.0087627 -0.0317114 0.0763236 0.0756869 -0.0416092 -0.0620648 -0.0969238 0.0920158 0.0577867 -0.0744575 0.0954796 -0.0283109 
-0.0409623 0.0966437 0 0.086625 -0.0878888 0.0842156 -0.0711956 -0.0604378 0.0611516 -0.0607856 -0.0273717 -0.011567 -0.00756635 -0.0380973 -0.0580943 0.00588786 
-0.0985899 -0.06988 -0.086625 0 -0.00308164 -0.0415748 -0.0619742 0.0689913 -0.0646179 -0.0745083 -0.0115592 0.0159831 -0.0619106 0.0818764 -0.00470218 -0.00140551 
-0.0405736 -0.0087627 0.0878888 0.00308164 0 -0.0974022 -0.00889073 -0.0839042 -0.019674 -0.0547534 0.032679 -0.0974903 -0.0412585 0.0271335 -0.0491405 0.0320866 
-0.00750356 0.0317114 -0.0842156 0.0415748 0.0974022 0 -0.0573859 0.0515892 0.0303757 0.00957787 -0.0966202 -0.0508 -0.00043874 0.0579543 -0.0977851 0.0715279 
0.0439977 -0.0763236 0.0711956 0.0619742 0.00889073 0.0573859 0 0.00321853 0.0456618 0.0440186 -0.0724611 0.00718557 -0.0252889 0.0350865 0.0644999 0.0815614 
-0.0897805 -0.0756869 0.0604378 -0.0689913 0.0839042 -0.0515892 -0.00321853 0 0.00459852 0.07554 0.0663336 -0.0150658 0.0259878 -0.0685305 -0.0588685 -0.0875014 
-0.0414809 0.0416092 -0.0611516 0.0646179 0.019674 -0.0303757 -0.0456618 -0.00459852 0 0.011481 -0.0232575 -0.0884728 0.0952062 -0.0530181 -0.0857745 -0.0866082 
-0.0349324 0.0620648 0.0607856 0.0745083 0.0547534 -0.00957787 -0.0440186 -0.07554 -0.011481 0 0.0590647 -0.0380439 -0.0497975 0.0450062 0.0624582 0.0318577 
-0.099652 0.0969238 0.0273717 0.0115592 -0.032679 0.0966202 0.0724611 -0.0663336 0.0232575 -0.0590647 0 -0.0191945 -0.0900649 -0.0785175 -0.0228447 0.0758392 
0.0337929 -0.0920158 0.011567 -0.0159831 0.0974903 0.0508 -0.00718557 0.0150658 0.0884728 0.0380439 0.0191945 0 -0.000212091 0.0888093 0.0974985 0.0455851 
-0.00825544 -0.0577867 0.00756635 0.0619106 0.0412585 0.00043874 0.0252889 -0.0259878 -0.0952062 0.0497975 0.0900649 0.000212091 0 0.0728103 -0.0547285 0.0576782 
-0.0815332 0.0744575 0.0380973 -0.0818764 -0.0271335 -0.0579543 -0.0350865 0.0685305 0.0530181 -0.0450062 0.0785175 -0.0888093 -0.0728103 0 0.0494365 0.0468287 
-0.0690922 -0.0954796 0.0580943 0.00470218 0.0491405 0.0977851 -0.0644999 0.0588685 0.0857745 -0.0624582 0.0228447 -0.0974985 0.0547285 -0.0494365 0 0.0134601 
-0.00900872 0.0283109 -0.00588786 0.00140551 -0.0320866 -0.0715279 -0.0815614 0.0875014 0.0866082 -0.0318577 -0.0758392 -0.0455851 -0.0576782 -0.0468287 -0.0134601 0 
