15

16000 4500

30 55 80

2

0 11640 20250 12010 12440 45840 46600 61901 30750 99311 43930 11340 19450 15940 9930 92821 
11580 0 28280 23040 9110 49750 50510 61350 26110 109251 47840 19370 16920 6960 17960 102911 
19800 27960 0 18450 31070 48620 53390 70410 43080 94991 46400 9680 38080 30650 11370 78600 
12010 23090 18450 0 19290 56340 57100 72401 41410 87301 54430 12090 22440 27250 13270 86601 
12550 9230 31480 19470 0 58080 58840 70030 34790 104271 56170 22570 9600 15640 21160 103511 
45610 49200 48670 56060 57660 0 7190 30770 37420 135051 2730 46320 64890 45660 45290 105011 
46490 50080 53460 56940 58540 7390 0 25290 36240 141621 9300 47200 65770 46540 46170 111581 
61811 61490 70340 72261 70050 30790 25070 0 39690 158721 32620 63440 77860 57970 62410 133931 
30780 26070 43740 41270 34630 37880 36710 39380 0 128571 36060 34830 42440 21270 33800 118560 
99321 109071 94871 87301 104251 135131 141541 158711 128721 0 132911 98541 102712 114051 99721 71241 
43700 47290 46430 54150 55750 2730 9270 32800 35840 132811 0 44360 62980 43750 43380 102771 
10910 19070 9780 12130 22180 46540 47320 63630 34190 98581 44320 0 29190 21760 2480 85640 
19320 16920 38250 22560 9510 64900 65660 77720 42480 102762 62990 29340 0 23330 27930 109161 
15930 6960 30910 27340 15520 46010 46770 57620 21700 113981 44100 22000 23330 0 20590 105961 
8570 16730 13000 13400 19840 45450 46210 62520 32010 100151 43540 4090 26850 19420 0 88860 
93151 102961 78760 86821 103731 105051 111591 134341 118870 71371 102831 85700 109271 105821 87390 0 

0 Ciudad_0 0 0 32400 0
1 Ciudad_1 694 9942 24542 1388
2 Ciudad_2 593 4488 16737 1186
3 Ciudad_3 214 8592 19829 428
4 Ciudad_4 595 9239 13446 1190
5 Ciudad_5 297 17140 24589 594
6 Ciudad_6 182 14128 25483 364
7 Ciudad_7 799 7281 20661 1598
8 Ciudad_8 654 6710 13329 1308
9 Ciudad_9 581 16296 27247 1162
10 Ciudad_10 288 12263 26336 576
11 Ciudad_11 299 16541 25883 598
12 Ciudad_12 535 22973 27088 1070
13 Ciudad_13 150 24084 28425 300
14 Ciudad_14 823 24489 26530 1646
15 Ciudad_15 682 8319 21813 1364

0 0.0520815 0.0893922 -0.0417714 0.0374992 0.0951789 -0.0119568 0.0067997 -0.0408488 0.0429725 -0.0776709 0.096079 -0.00710012 0.0692088 0.0491784 0.0738255 
-0.0520815 0 -0.0809086 -0.0380119 0.089266 0.0416904 -0.0777765 -0.0323301 -0.024059 0.0880852 0.0399104 -0.0331721 0.0478824 -0.0944542 0.0584258 -0.0758498 
-0.0893922 0.0809086 0 -0.0964267 -0.0177706 -0.056522 0.0909939 -0.035631 0.0432412 -0.0794069 -0.0668071 0.0269441 -0.033735 0.0903519 -0.0233775 0.0186064 
0.0417714 0.0380119 0.0964267 0 -0.0305202 0.0940216 0.00084645 0.0397134 -0.0582035 0.0802155 0.00628774 0.0154413 0.0661804 -0.0229757 0.00223807 -0.0122372 
-0.0374992 -0.089266 0.0177706 0.0305202 0 0.0206626 0.0547343 -0.0522748 0.0175002 -0.0443535 0.0112443 -0.0541362 0.0488444 0.0921573 0.00988559 -0.0396444 
-0.0951789 -0.0416904 0.056522 -0.0940216 -0.0206626 0 -0.0649066 0.0927119 0.0656264 -0.0806764 -0.0782504 -0.0150472 0.00412218 0.00285229 -0.0826092 0.028686 
0.0119568 0.0777765 -0.0909939 -0.00084645 -0.0547343 0.0649066 0 0.0766279 0.000984006 -0.0220417 0.0119929 -0.0217796 -0.0657302 0.044274 -0.043492 0.0850851 
-0.0067997 0.0323301 0.035631 -0.0397134 0.0522748 -0.0927119 -0.0766279 0 0.00135963 -0.0288171 -0.0427529 -0.0378018 0.0670562 0.000880824 0.0986187 0.0989981 
0.0408488 0.024059 -0.0432412 0.0582035 -0.0175002 -0.0656264 -0.000984006 -0.00135963 0 -0.0342949 -0.0512354 0.0950866 0.0691219 -0.0397273 -0.00990301 0.0546329 
-0.0429725 -0.0880852 0.0794069 -0.0802155 0.0443535 0.0806764 0.0220417 0.0288171 0.0342949 0 0.0961327 0.000515344 -0.0490162 0.0686086 0.0629893 -0.0783066 
0.0776709 -0.0399104 0.0668071 -0.00628774 -0.0112443 0.0782504 -0.0119929 0.0427529 0.0512354 -0.0961327 0 0.0883491 -0.0127493 0.0174196 -0.0732306 0.0867242 
-0.096079 0.0331721 -0.0269441 -0.0154413 0.0541362 0.0150472 0.0217796 0.0378018 -0.0950866 -0.000515344 -0.0883491 0 0.0755203 0.0551292 0.0929824 0.0534117 
0.00710012 -0.0478824 0.033735 -0.0661804 -0.0488444 -0.00412218 0.0657302 -0.0670562 -0.0691219 0.0490162 0.0127493 -0.0755203 0 -0.0596706 0.0485022 -0.0198358 
-0.0692088 0.0944542 -0.0903519 0.0229757 -0.0921573 -0.00285229 -0.044274 -0.000880824 0.0397273 -0.0686086 -0.0174196 -0.0551292 0.0596706 0 -0.0318457 -0.0843821 
-0.0491784 -0.0584258 0.0233775 -0.00223807 -0.00988559 0.0826092 0.043492 -0.0986187 0.00990301 -0.0629893 0.0732306 -0.0929824 -0.0485022 0.0318457 0 0.0539589 
-0.0738255 0.0758498 -0.0186064 0.0122372 0.0396444 -0.028686 -0.0850851 -0.0989981 -0.0546329 0.0783066 -0.0867242 -0.0534117 0.0198358 0.0843821 -0.0539589 0 
