15

16000 4500

30 55 80

2

0 68220 79920 81630 97660 84261 76661 66900 74691 33280 99550 86381 69130 94270 96130 93470 
68330 0 52610 27490 124710 22320 16390 33800 22710 90680 43920 28330 45050 134840 40500 63840 
80110 52860 0 74760 96330 50270 41400 22750 32260 106510 76030 44550 11300 106460 76010 17840 
81790 27900 74930 0 154420 31730 36880 60790 43910 104140 28020 40520 71870 162820 24600 86160 
97360 124680 96310 154240 0 131250 120100 95810 113240 131040 157570 126030 84950 16230 156050 96550 
84861 22310 49860 31550 131400 0 13390 36360 18390 107211 30390 11710 48030 141530 28950 61090 
76721 16400 40940 36490 120240 13500 0 27340 10110 103121 42580 14110 39110 130370 39160 52170 
67110 33840 22690 60410 95930 36350 27380 0 18340 93510 63480 31130 13870 106060 63320 35370 
74911 22540 31840 43850 113380 18360 10100 18340 0 101311 46970 13140 30010 123510 45330 43070 
33290 91220 107000 104630 130800 107261 103741 93980 101771 0 122550 113461 96210 125250 119130 120550 
99710 43930 75950 28040 157800 30460 42620 63280 46870 122060 0 34400 74120 167930 3410 76940 
86211 28090 44390 40400 125970 11710 13790 30930 12950 112611 34570 0 42560 136100 34550 52500 
69220 45090 11360 71610 85030 48420 39550 13800 30410 95620 74180 42700 0 95160 74160 25340 
93920 135030 106660 162690 16140 141600 130450 106160 123590 125540 167920 136380 95300 0 166400 108030 
96300 40520 76310 24630 156200 28920 39210 63290 45320 118650 3410 34760 74480 166330 0 77350 
93730 63980 17970 85880 96590 61390 52520 35400 43380 120130 77010 52920 25480 107680 77170 0 

0 Ciudad_0 0 0 32400 0
1 Ciudad_1 722 7738 22338 1444
2 Ciudad_2 603 6756 19005 1206
3 Ciudad_3 468 12829 24066 936
4 Ciudad_4 672 5051 9258 1344
5 Ciudad_5 650 11105 18554 1300
6 Ciudad_6 305 8741 20096 610
7 Ciudad_7 774 14002 27382 1548
8 Ciudad_8 145 18022 24641 290
9 Ciudad_9 293 3962 14913 586
10 Ciudad_10 140 13684 27757 280
11 Ciudad_11 802 10803 20145 1604
12 Ciudad_12 726 4206 8321 1452
13 Ciudad_13 575 20324 24665 1150
14 Ciudad_14 554 25155 27196 1108
15 Ciudad_15 459 12245 25739 918

0 -0.0896017 0.0243763 -0.0317027 0.0118729 -0.0830923 0.0422994 0.0504838 0.0247368 -0.0574601 0.0312136 0.049489 0.0867492 0.0188465 -0.0405958 0.0592609 
0.0896017 0 -0.0442339 0.0397992 -0.0192789 0.0330447 0.0694933 -0.0952229 -0.0746848 -0.0331942 0.0489466 0.0412016 0.00370272 -0.00216939 -0.0959063 0.0649725 
-0.0243763 0.0442339 0 0.0764121 -0.0311414 -0.0441723 0.0242979 -0.0357256 0.0394731 0.0854859 -0.0710367 -0.075987 0.0570711 -0.0123189 -0.028836 0.097507 
0.0317027 -0.0397992 -0.0764121 0 -0.0284838 -0.0499145 -0.0690022 -0.0194408 -0.0205092 0.0298275 0.08059 -0.0962516 -0.0406451 -0.0149942 0.0186845 0.0214733 
-0.0118729 0.0192789 0.0311414 0.0284838 0 -0.0439742 -0.050202 -0.0213287 0.0538847 0.0419103 0.0391411 0.0146843 0.0470263 0.0617737 -0.0737323 -0.0920199 
0.0830923 -0.0330447 0.0441723 0.0499145 0.0439742 0 -0.0392449 0.0885558 -0.0428305 0.00351435 -0.0864081 0.0635528 -0.0473813 0.0879171 0.0119618 0.0202264 
-0.0422994 -0.0694933 -0.0242979 0.0690022 0.050202 0.0392449 0 -0.00937043 0.00795666 0.0169992 0.0915067 -0.000280635 0.089051 0.0792947 -0.027901 0.0629479 
-0.0504838 0.0952229 0.0357256 0.0194408 0.0213287 -0.0885558 0.00937043 0 -0.0636368 0.0892954 -0.0308605 0.0925499 -0.0881025 -0.0557618 0.0287706 0.076848 
-0.0247368 0.0746848 -0.0394731 0.0205092 -0.0538847 0.0428305 -0.00795666 0.0636368 0 -0.0347781 0.0686672 -0.0401819 0.0129082 -0.0961863 0.0550941 0.014082 
0.0574601 0.0331942 -0.0854859 -0.0298275 -0.0419103 -0.00351435 -0.0169992 -0.0892954 0.0347781 0 -0.0911543 0.0900985 -0.090779 -0.0271984 -0.0326847 -0.0971917 
-0.0312136 -0.0489466 0.0710367 -0.08059 -0.0391411 0.0864081 -0.0915067 0.0308605 -0.0686672 0.0911543 0 -0.064843 0.0477007 0.0435254 -0.0476356 -0.00765102 
-0.049489 -0.0412016 0.075987 0.0962516 -0.0146843 -0.0635528 0.000280635 -0.0925499 0.0401819 -0.0900985 0.064843 0 -0.0398558 -0.0683304 0.0107075 0.0450665 
-0.0867492 -0.00370272 -0.0570711 0.0406451 -0.0470263 0.0473813 -0.089051 0.0881025 -0.0129082 0.090779 -0.0477007 0.0398558 0 -0.0276783 -0.0978739 0.0188527 
-0.0188465 0.00216939 0.0123189 0.0149942 -0.0617737 -0.0879171 -0.0792947 0.0557618 0.0961863 0.0271984 -0.0435254 0.0683304 0.0276783 0 0.00321688 -0.0410452 
0.0405958 0.0959063 0.028836 -0.0186845 0.0737323 -0.0119618 0.027901 -0.0287706 -0.0550941 0.0326847 0.0476356 -0.0107075 0.0978739 -0.00321688 0 -0.0542402 
-0.0592609 -0.0649725 -0.097507 -0.0214733 0.0920199 -0.0202264 -0.0629479 -0.076848 -0.014082 0.0971917 0.00765102 -0.0450665 -0.0188527 0.0410452 0.0542402 0 
