15

16000 4500

30 55 80

2

0 46260 88331 96601 68010 40810 24590 53600 48171 57840 60170 15290 47450 82821 83910 27190 
46200 0 44050 53150 66490 25450 49960 29770 15250 12230 56760 42810 34020 38540 48650 52250 
88091 44000 0 10290 83590 52550 82560 42950 41410 33650 73770 80971 54750 6230 24190 86310 
96571 52970 10270 0 89550 59570 88520 47860 49890 42620 78830 89400 60710 15880 19280 92270 
67970 66570 83920 89190 0 47270 45750 42630 53260 66910 10200 53220 33960 79620 70880 43830 
40950 25360 52600 59620 47130 0 32600 14550 12970 29620 37390 31340 13860 47090 44860 36350 
24920 49140 82550 88550 46100 32550 0 42320 43540 60190 39940 9880 31020 77660 72910 5280 
53110 28910 42460 47600 42550 13940 42040 0 15870 26840 32820 42920 13800 38350 31620 45790 
48461 14990 41850 50120 53300 13330 43600 16560 0 18540 43570 41341 20830 36340 41040 47341 
57760 12070 33500 42600 65680 29030 59300 26860 17890 0 55950 54370 36320 27990 42300 63050 
60410 56920 74120 78510 10170 37460 39870 33020 43610 57300 0 45370 24150 70010 61270 41960 
15550 42970 81311 89440 53260 31300 9820 43500 41151 54550 45400 0 33290 75801 73810 12440 
47750 33830 54780 60780 33890 13930 30970 13680 20520 37060 24150 33270 0 50670 44950 34720 
82531 38440 6160 15800 79260 46990 77260 38620 35850 28090 69440 75411 50420 0 25810 81010 
84400 49250 24150 19530 71980 45230 73330 32310 41510 42820 62250 74210 45350 25720 0 77080 
27510 51700 86310 92310 43840 36310 5290 46080 47061 63280 42040 12760 34780 81420 76670 0 

0 Ciudad_0 0 0 32400 0
1 Ciudad_1 624 12129 26729 1248
2 Ciudad_2 540 11828 24077 1080
3 Ciudad_3 659 12676 23913 1318
4 Ciudad_4 485 9923 14130 970
5 Ciudad_5 459 11479 18928 918
6 Ciudad_6 123 7223 18578 246
7 Ciudad_7 810 4391 17771 1620
8 Ciudad_8 148 3515 10134 296
9 Ciudad_9 407 6474 17425 814
10 Ciudad_10 364 8399 22472 728
11 Ciudad_11 184 15951 25293 368
12 Ciudad_12 171 3913 8028 342
13 Ciudad_13 378 20937 25278 756
14 Ciudad_14 388 3440 5481 776
15 Ciudad_15 301 2925 16419 602

0 0.0750989 -0.0676964 0.0817018 0.0767121 -0.0658609 -0.0035199 -0.0883967 0.0605776 0.0219934 -0.038187 0.0649799 0.0294249 -0.0625125 0.0187079 -0.0556144 
-0.0750989 0 0.0256715 -0.0376845 0.00290139 0.0630336 0.0349455 0.0643304 0.0905384 -0.0175648 0.023711 0.0166636 0.0986774 -0.00155936 0.0697178 0.0804334 
0.0676964 -0.0256715 0 0.00833686 -0.0324838 -0.0282888 0.00261177 0.0372768 0.078205 -0.0968465 -0.0257801 -0.027001 -0.0446607 0.0426179 0.012357 0.0403937 
-0.0817018 0.0376845 -0.00833686 0 -0.0112847 0.0502627 -0.0401696 0.0699528 -0.0539471 -0.0204422 0.0176495 0.0850163 0.000963574 0.0764942 0.0789034 0.0441355 
-0.0767121 -0.00290139 0.0324838 0.0112847 0 -0.0797635 0.0186823 -0.0787602 0.0884463 -0.0679222 0.0224869 -0.0933253 0.0229317 0.0577285 0.0801197 -0.0721624 
0.0658609 -0.0630336 0.0282888 -0.0502627 0.0797635 0 0.0767401 0.0493934 -0.0910942 -0.0872245 -0.089055 0.0615677 0.0579452 0.0270313 0.0454048 -0.0721123 
0.0035199 -0.0349455 -0.00261177 0.0401696 -0.0186823 -0.0767401 0 -0.056873 0.0430025 -0.0926689 -0.0196394 0.0834141 -0.0231275 -0.0548225 -0.00309551 0.0313204 
0.0883967 -0.0643304 -0.0372768 -0.0699528 0.0787602 -0.0493934 0.056873 0 -0.00749403 0.0442761 -0.0706462 -0.0704747 0.0300626 0.0183111 -0.0880123 0.0692072 
-0.0605776 -0.0905384 -0.078205 0.0539471 -0.0884463 0.0910942 -0.0430025 0.00749403 0 0.0385552 0.0868538 0.0674898 0.051076 -0.0324271 -0.0278126 0.0745756 
-0.0219934 0.0175648 0.0968465 0.0204422 0.0679222 0.0872245 0.0926689 -0.0442761 -0.0385552 0 0.0176148 -0.0721685 0.056194 -0.00867142 0.00655292 -0.0733977 
0.038187 -0.023711 0.0257801 -0.0176495 -0.0224869 0.089055 0.0196394 0.0706462 -0.0868538 -0.0176148 0 -0.0872585 0.0873946 0.0670604 0.0427204 -0.0517497 
-0.0649799 -0.0166636 0.027001 -0.0850163 0.0933253 -0.0615677 -0.0834141 0.0704747 -0.0674898 0.0721685 0.0872585 0 -0.0410746 -0.0606866 -0.0909119 -0.0801274 
-0.0294249 -0.0986774 0.0446607 -0.000963574 -0.0229317 -0.0579452 0.0231275 -0.0300626 -0.051076 -0.056194 -0.0873946 0.0410746 0 -0.0769098 0.0882413 0.054849 
0.0625125 0.00155936 -0.0426179 -0.0764942 -0.0577285 -0.0270313 0.0548225 -0.0183111 0.0324271 0.00867142 -0.0670604 0.0606866 0.0769098 0 -0.0836603 -0.065643 
-0.0187079 -0.0697178 -0.012357 -0.0789034 -0.0801197 -0.0454048 0.00309551 0.0880123 0.0278126 -0.00655292 -0.0427204 0.0909119 -0.0882413 0.0836603 0 -0.0599501 
0.0556144 -0.0804334 -0.0403937 -0.0441355 0.0721624 0.0721123 -0.0313204 -0.0692072 -0.0745756 0.0733977 0.0517497 0.0801274 -0.054849 0.065643 0.0599501 0 
