15

16000 4500

30 55 80

2

0 50941 92751 91440 96450 75910 76210 49310 69650 64640 49720 24280 44970 91230 81440 94581 
51061 0 137773 103641 92220 82280 52100 15280 45540 59500 21230 72601 23220 83460 57960 142902 
92801 137743 0 140991 111514 94983 144893 132233 137923 137732 128923 69441 122493 114864 133533 31220 
90990 103631 141351 0 202421 162160 149801 115361 143241 50070 120501 89141 117041 193391 157061 118581 
96200 91870 111305 202802 0 23070 59960 79550 52810 149200 72530 115100 71390 9820 42090 135015 
75930 82130 94894 162320 23080 0 56290 69810 48910 135520 62790 94830 59680 20620 40530 118604 
76390 52140 144795 149631 60440 56260 0 39820 8040 109170 32800 100020 33360 52320 20600 166484 
49450 15280 132263 115381 79900 69960 39780 0 33220 71240 8910 73080 10980 71140 45640 143381 
69770 45520 137774 143011 53160 48980 8010 33200 0 102550 26180 93400 26740 45040 14050 159864 
64610 59100 137842 50100 149170 135780 108720 70830 102160 0 77850 69990 78550 140500 114580 135311 
49430 21240 128745 120011 72830 62890 32710 8920 26150 78270 0 73060 7220 64070 38570 143361 
24310 72661 69411 89141 115520 94980 100060 73160 93500 69950 73570 0 68820 110300 105290 71241 
45090 23200 122215 116961 71200 59800 33450 11010 26890 78940 7130 68720 0 62170 39310 139021 
91250 83700 114645 193972 10310 20630 52340 71380 45190 140810 64360 110150 62560 0 34470 138355 
81960 58010 133314 156841 42450 40610 20380 45690 14140 115040 38670 105590 39230 34330 0 157024 
94731 143082 30970 118401 135135 118604 166424 143581 159864 135381 143991 71371 139241 138485 157154 0 

0 Ciudad_0 0 0 32400 0
1 Ciudad_1 178 11719 26319 356
2 Ciudad_2 397 12821 25070 794
3 Ciudad_3 693 14522 25759 1386
4 Ciudad_4 346 11229 15436 692
5 Ciudad_5 785 10788 18237 1570
6 Ciudad_6 803 11546 22901 1606
7 Ciudad_7 609 2014 15394 1218
8 Ciudad_8 216 12399 19018 432
9 Ciudad_9 345 14488 25439 690
10 Ciudad_10 748 7243 21316 1496
11 Ciudad_11 473 4773 14115 946
12 Ciudad_12 103 22709 26824 206
13 Ciudad_13 486 14417 18758 972
14 Ciudad_14 410 13745 15786 820
15 Ciudad_15 627 12797 26291 1254

0 0.0581117 -0.06395 0.0533814 -0.0430889 -0.0343367 -0.089539 -0.059782 0.00135759 0.0417152 -0.0616625 -0.0698514 -0.0654201 0.0174597 0.0338522 0.0103106 
-0.0581117 0 -0.0242249 -0.0962163 -0.0860229 0.0248617 0.000490102 -0.0955563 -0.0640053 -0.0841904 0.0318681 -0.0583504 0.0935731 0.0301937 -0.0118617 -0.0674214 
0.06395 0.0242249 0 -0.0603567 0.0955325 -0.0358197 0.0583679 0.0225673 0.045462 0.0767814 0.0632442 -0.0704541 -0.0264816 -0.0629811 0.0364002 -0.0760311 
-0.0533814 0.0962163 0.0603567 0 -0.0934522 -0.0157731 -0.005234 0.0701832 0.0458288 0.0593179 -0.0510187 0.0312541 -0.0306868 0.0684757 0.0332677 -0.0554415 
0.0430889 0.0860229 -0.0955325 0.0934522 0 0.0775409 0.0872673 0.042826 0.0581318 -0.0642157 0.0212349 -0.0251712 0.062502 -0.0166364 0.0850115 0.0270962 
0.0343367 -0.0248617 0.0358197 0.0157731 -0.0775409 0 -0.0632561 -0.0908958 -0.00302023 0.0972661 -0.0844481 -0.0413181 -0.0468249 -0.0490278 -0.0590788 0.0159579 
0.089539 -0.000490102 -0.0583679 0.005234 -0.0872673 0.0632561 0 0.0373244 0.0283612 -0.0828721 0.0620755 0.0666658 0.066398 -0.0570941 -0.00197403 0.0679951 
0.059782 0.0955563 -0.0225673 -0.0701832 -0.042826 0.0908958 -0.0373244 0 0.0686245 0.0280169 -0.0134467 -0.0059717 0.0860364 0.0485838 -0.0689227 0.0999657 
-0.00135759 0.0640053 -0.045462 -0.0458288 -0.0581318 0.00302023 -0.0283612 -0.0686245 0 -0.0912196 0.0591206 -0.0777142 0.064025 0.00224659 -0.0482392 0.0154715 
-0.0417152 0.0841904 -0.0767814 -0.0593179 0.0642157 -0.0972661 0.0828721 -0.0280169 0.0912196 0 0.0583844 -0.0381994 -0.0401825 -0.0219892 0.0512593 -0.026371 
0.0616625 -0.0318681 -0.0632442 0.0510187 -0.0212349 0.0844481 -0.0620755 0.0134467 -0.0591206 -0.0583844 0 0.0485297 0.0829596 0.036297 -0.0262631 -0.00284438 
0.0698514 0.0583504 0.0704541 -0.0312541 0.0251712 0.0413181 -0.0666658 0.0059717 0.0777142 0.0381994 -0.0485297 0 0.097975 0.0906543 0.0451943 -0.0272742 
0.0654201 -0.0935731 0.0264816 0.0306868 -0.062502 0.0468249 -0.066398 -0.0860364 -0.064025 0.0401825 -0.0829596 -0.097975 0 0.0775465 0.0717639 0.0289935 
-0.0174597 -0.0301937 0.0629811 -0.0684757 0.0166364 0.0490278 0.0570941 -0.0485838 -0.00224659 0.0219892 -0.036297 -0.0906543 -0.0775465 0 -0.0437204 -0.0277375 
-0.0338522 0.0118617 -0.0364002 -0.0332677 -0.0850115 0.0590788 0.00197403 0.0689227 0.0482392 -0.0512593 0.0262631 -0.0451943 -0.0717639 0.0437204 0 -0.0409572 
-0.0103106 0.0674214 0.0760311 0.0554415 -0.0270962 -0.0159579 -0.0679951 -0.0999657 -0.0154715 0.026371 0.00284438 0.0272742 -0.0289935 0.0277375 0.0409572 0 
