15

16000 4500

30 55 80

2

0 37350 13430 34340 7950 44440 69860 56450 19840 54920 90331 55520 25360 93830 65850 42960 
37440 0 37010 58040 45200 13230 78831 31030 27470 23830 59310 52800 18900 58060 66060 30160 
13490 36920 0 24880 18590 43670 58350 53320 28100 58730 94810 44010 22720 93030 74120 49430 
33620 57990 24880 0 34060 64740 41780 65570 51310 79800 116071 51410 43790 114490 92420 72690 
7970 45080 18620 34260 0 52170 73570 64040 27570 62650 98061 60710 32950 101580 59820 46640 
44560 13340 43890 64910 52320 0 77301 21180 38970 34360 61880 48200 22820 51320 78600 43210 
69700 79861 58130 41790 73580 77561 0 70610 81680 103061 134691 39300 61890 124010 127700 99940 
55970 31020 53540 65660 63470 21060 70510 0 51880 52960 82000 35080 32360 54670 96360 60960 
19820 26920 28250 51260 27580 39120 81940 52080 0 41490 76571 63260 27600 84510 46240 23650 
54810 23590 58950 79980 62570 34380 102071 53170 41350 0 38590 76040 42140 49430 52290 32040 
89581 59320 94891 115921 97341 62100 134671 82340 75811 38870 0 108650 77350 41440 65930 57490 
55450 53890 43880 51400 60550 48270 39550 35290 64060 77090 108870 0 40210 87840 109170 76780 
24860 19010 22430 43450 32360 22660 61980 32640 27060 42210 76980 39350 0 72020 72650 41900 
93990 57950 93190 114620 101750 51320 124240 54710 84840 49390 41330 87770 72120 0 97350 79210 
65750 65580 74180 92860 60240 78440 127870 96410 46110 52390 65680 108260 72710 96460 0 36380 
42990 29790 49540 72730 46700 43020 100270 60820 23590 32120 57590 76070 42170 79320 36410 0 

0 Ciudad_0 0 0 32400 0
1 Ciudad_1 345 4864 19464 690
2 Ciudad_2 132 5428 17677 264
3 Ciudad_3 703 14577 25814 1406
4 Ciudad_4 159 24927 29134 318
5 Ciudad_5 215 10661 18110 430
6 Ciudad_6 408 9230 20585 816
7 Ciudad_7 625 10808 24188 1250
8 Ciudad_8 130 11636 18255 260
9 Ciudad_9 212 9105 20056 424
10 Ciudad_10 706 5889 19962 1412
11 Ciudad_11 263 9453 18795 526
12 Ciudad_12 770 11563 15678 1540
13 Ciudad_13 425 13972 18313 850
14 Ciudad_14 573 4762 6803 1146
15 Ciudad_15 126 11111 24605 252

0 -0.0159155 -0.0253044 -0.0700276 0.0363958 -0.0981463 -0.0180876 0.0769747 0.00200278 -0.0830298 0.00761116 -0.0378774 0.0485748 0.0334576 -0.0114431 -0.0266256 
0.0159155 0 0.0442675 0.048302 -0.0297319 0.0256753 -0.0711006 0.0399689 -0.00912991 -0.00646744 -0.0366238 0.0337323 0.0070221 0.0744842 0.0896715 0.0924385 
0.0253044 -0.0442675 0 0.0305848 0.0388104 0.00265208 -0.0566118 0.0441988 0.0316822 -0.0449521 -0.0368937 0.0554951 -0.0673938 -0.07934 0.0504706 -0.000295407 
0.0700276 -0.048302 -0.0305848 0 -0.00827236 -0.0223718 -0.0303379 0.0502851 0.0239035 -0.0217648 -0.095808 -0.0321918 0.0773773 -0.0507259 -0.0451305 -0.0116014 
-0.0363958 0.0297319 -0.0388104 0.00827236 0 0.0885618 -0.0173267 0.0568893 0.0114889 0.0530029 0.0532167 -0.0475428 0.0640782 0.0648263 0.0206197 -0.0445499 
0.0981463 -0.0256753 -0.00265208 0.0223718 -0.0885618 0 0.0997474 0.0681462 -0.00821532 0.0872042 -0.0773581 -0.0623539 0.000612315 0.0666837 -0.0205549 -0.040072 
0.0180876 0.0711006 0.0566118 0.0303379 0.0173267 -0.0997474 0 -0.0347044 0.0984564 0.0379701 0.0815879 0.0814024 -0.0184518 0.0722803 0.0544308 -0.0405174 
-0.0769747 -0.0399689 -0.0441988 -0.0502851 -0.0568893 -0.0681462 0.0347044 0 -0.0952486 -0.0332349 0.0784833 -0.0177049 -0.0216283 0.094978 0.014751 0.00683537 
-0.00200278 0.00912991 -0.0316822 -0.0239035 -0.0114889 0.00821532 -0.0984564 0.0952486 0 0.00608696 -0.0261031 0.0212228 -0.0741028 0.0667647 -0.0232819 0.00316809 
0.0830298 0.00646744 0.0449521 0.0217648 -0.0530029 -0.0872042 -0.0379701 0.0332349 -0.00608696 0 0.0149625 0.0313317 -0.0317799 -0.0816952 0.0315847 -0.0232945 
-0.00761116 0.0366238 0.0368937 0.095808 -0.0532167 0.0773581 -0.0815879 -0.0784833 0.0261031 -0.0149625 0 0.0727848 0.0272075 -0.0765936 0.0391988 0.00610909 
0.0378774 -0.0337323 -0.0554951 0.0321918 0.0475428 0.0623539 -0.0814024 0.0177049 -0.0212228 -0.0313317 -0.0727848 0 0.0722649 -0.069086 -0.0308474 -0.0771392 
-0.0485748 -0.0070221 0.0673938 -0.0773773 -0.0640782 -0.000612315 0.0184518 0.0216283 0.0741028 0.0317799 -0.0272075 -0.0722649 0 0.00298589 -0.0892207 -0.0437683 
-0.0334576 -0.0744842 0.07934 0.0507259 -0.0648263 -0.0666837 -0.0722803 -0.094978 -0.0667647 0.0816952 0.0765936 0.069086 -0.00298589 0 -0.000264619 -0.0446575 
0.0114431 -0.0896715 -0.0504706 0.0451305 -0.0206197 0.0205549 -0.0544308 -0.014751 0.0232819 -0.0315847 -0.0391988 0.0308474 0.0892207 0.000264619 0 0.0325695 
0.0266256 -0.0924385 0.000295407 0.0116014 0.0445499 0.040072 0.0405174 -0.00683537 -0.00316809 0.0232945 -0.00610909 0.0771392 0.0437683 0.0446575 -0.0325695 0 
