15

16000 4500

30 55 80

2

0 68440 75601 34670 38210 73960 62520 92340 29640 73520 14940 79890 65580 82860 73220 58790 
68380 0 96810 39890 67790 96680 56640 60220 94981 10850 56080 27680 52880 47810 19600 56670 
74001 95890 0 73511 51170 9960 116111 142131 103171 96770 61641 120840 64800 130751 95010 51120 
33950 40240 73791 0 36400 72150 45220 70310 59540 47260 23040 50570 52020 58530 50050 49280 
36250 67340 51250 35760 0 46100 78360 104380 65420 71240 23890 85040 53140 93000 69660 44010 
72500 95670 9840 72010 45950 0 114610 140630 101670 96550 60140 120620 65550 129250 94790 51870 
61790 56280 116441 45190 79050 114800 0 29890 81880 65591 63400 38740 91620 26250 73741 90860 
91410 60170 141731 70070 104340 140090 29650 0 111530 68540 90980 33760 105320 14150 78490 107760 
30010 94962 104121 60230 66730 102480 81290 111180 0 101823 44310 103660 94950 103980 102590 87310 
72770 10590 96980 46550 71440 96850 65970 68480 101662 0 60410 35460 49440 56850 11120 55820 
13920 56370 61781 22730 24390 60140 62120 90100 43410 60970 0 71300 52850 78880 60670 44970 
79370 27540 121150 50290 85400 121150 38900 33810 103850 35330 72040 0 79450 23150 45860 81930 
64360 53400 65331 52330 53910 65961 91300 105340 93850 50200 52000 79440 0 91890 44370 15821 
82240 47990 130461 58110 93070 128820 26290 14150 104690 57080 79710 23100 91860 0 66340 94300 
72680 19870 95930 50280 70990 95800 74471 78830 102460 11110 60320 46120 44780 66420 0 53340 
57940 56620 51100 49500 44560 51730 91320 107900 87110 56630 45580 82000 15280 94450 53440 0 

0 Ciudad_0 0 0 32400 0
1 Ciudad_1 155 9366 23966 310
2 Ciudad_2 276 7723 19972 552
3 Ciudad_3 233 16544 27781 466
4 Ciudad_4 208 2601 6808 416
5 Ciudad_5 258 10765 18214 516
6 Ciudad_6 457 4072 15427 914
7 Ciudad_7 823 9587 22967 1646
8 Ciudad_8 504 1238 7857 1008
9 Ciudad_9 512 10197 21148 1024
10 Ciudad_10 347 4245 18318 694
11 Ciudad_11 559 5020 14362 1118
12 Ciudad_12 369 22361 26476 738
13 Ciudad_13 299 8072 12413 598
14 Ciudad_14 422 9398 11439 844
15 Ciudad_15 260 13492 26986 520

0 0.00576483 0.0101001 0.0249883 0.00578753 0.0677266 0.0726287 0.0990822 0.079672 -0.0420597 0.0283305 -0.0570368 0.0632804 0.040796 -0.060875 0.0910871 
-0.00576483 0 0.0529956 -0.05229 0.0245653 0.0319568 -0.0470766 -0.0832002 -0.0625432 -0.0879798 -0.0349242 0.062617 -0.0522638 0.0482132 -0.0963113 -0.043109 
-0.0101001 -0.0529956 0 0.00847513 0.0318663 0.0597566 0.0497648 0.0714938 0.0894718 -0.00642491 -0.0813942 0.0729619 0.0690231 -0.0489685 0.0901865 -0.0568135 
-0.0249883 0.05229 -0.00847513 0 -0.0783999 0.00688022 -0.00289736 0.00495729 -0.0496857 0.0824365 -0.0679219 0.0262933 -0.0873622 0.0174228 0.0859083 0.00906642 
-0.00578753 -0.0245653 -0.0318663 0.0783999 0 0.00610319 0.0509046 0.0168717 -0.0374958 0.00168873 0.0957424 0.0946884 -0.0251453 -0.0507002 0.0669492 0.00162989 
-0.0677266 -0.0319568 -0.0597566 -0.00688022 -0.00610319 0 -0.0270781 -0.0506284 -0.0781181 0.0244135 0.00334475 -0.0984143 0.022831 0.0121854 -0.0194431 -0.0469311 
-0.0726287 0.0470766 -0.0497648 0.00289736 -0.0509046 0.0270781 0 -0.0661619 0.0602664 -0.0209866 0.0977161 0.059951 -0.0516073 0.016503 -0.0500038 0.0016532 
-0.0990822 0.0832002 -0.0714938 -0.00495729 -0.0168717 0.0506284 0.0661619 0 -0.0639512 0.0486292 -0.0203876 -0.0757949 0.0413583 0.00759188 0.04931 -0.081531 
-0.079672 0.0625432 -0.0894718 0.0496857 0.0374958 0.0781181 -0.0602664 0.0639512 0 0.060662 -0.076119 0.0281982 -0.0185157 0.0892555 0.0156795 -0.0548935 
0.0420597 0.0879798 0.00642491 -0.0824365 -0.00168873 -0.0244135 0.0209866 -0.0486292 -0.060662 0 -0.0255239 -0.0726266 -0.0850638 0.0214454 -0.0920823 -0.0162131 
-0.0283305 0.0349242 0.0813942 0.0679219 -0.0957424 -0.00334475 -0.0977161 0.0203876 0.076119 0.0255239 0 0.0282943 0.0458683 0.00629198 -0.00429848 0.00593589 
0.0570368 -0.062617 -0.0729619 -0.0262933 -0.0946884 0.0984143 -0.059951 0.0757949 -0.0281982 0.0726266 -0.0282943 0 -0.0223453 -0.0431458 -0.0069782 -0.0234971 
-0.0632804 0.0522638 -0.0690231 0.0873622 0.0251453 -0.022831 0.0516073 -0.0413583 0.0185157 0.0850638 -0.0458683 0.0223453 0 -0.0752736 0.0780687 -0.0681243 
-0.040796 -0.0482132 0.0489685 -0.0174228 0.0507002 -0.0121854 -0.016503 -0.00759188 -0.0892555 -0.0214454 -0.00629198 0.0431458 0.0752736 0 -0.0870504 -0.0846965 
0.060875 0.0963113 -0.0901865 -0.0859083 -0.0669492 0.0194431 0.0500038 -0.04931 -0.0156795 0.0920823 0.00429848 0.0069782 -0.0780687 0.0870504 0 -0.0398889 
-0.0910871 0.043109 0.0568135 -0.00906642 -0.00162989 0.0469311 -0.0016532 0.081531 0.0548935 0.0162131 -0.00593589 0.0234971 0.0681243 0.0846965 0.0398889 0 
