15

16000 4500

30 55 80

2

0 66730 79600 73390 31670 25390 86180 74630 26380 77990 81670 63930 91240 89290 94550 95690 
66750 0 23800 67840 38120 44920 144380 139220 85131 12800 85670 128520 150590 23130 46720 88360 
79870 23900 0 91260 52030 58240 163021 147790 101711 29290 109090 137090 151121 32690 70220 111780 
73200 67800 91180 0 66670 71140 110760 132610 71170 70990 19600 128620 162370 83380 49850 24880 
31370 38140 51840 65620 0 9100 113930 103400 52711 49400 83040 92700 115710 60700 67170 88620 
25230 44860 57880 69930 9220 0 109530 95220 47640 56120 86430 84520 107530 67420 73890 92930 
86280 144750 163171 110890 114020 109630 0 64491 63890 153170 99820 70570 112890 166600 156970 113420 
74760 139250 147580 132890 103610 95320 64781 0 63520 150510 132231 13670 51170 161810 167920 147461 
26380 85021 101800 71220 53360 47590 63420 63180 0 95180 74171 60250 94950 107581 106960 88431 
78000 12840 29140 71060 49370 56170 153040 150470 95270 0 88890 139770 163070 14140 46110 90210 
81700 85940 109320 19950 83630 87080 100010 132381 74681 89130 0 129451 166071 101520 67990 15470 
63930 128420 136750 128970 92780 84490 70350 13710 60130 139680 128841 0 43650 150980 158571 144071 
91150 148550 151921 161490 115920 107630 112710 51650 94850 160730 165071 43890 0 170940 185220 186262 
89860 23400 32530 83540 61230 68030 166390 162330 108241 14270 101370 151630 173100 0 49890 96870 
94500 46680 69900 49890 67280 74080 156690 167390 106940 46140 67720 158931 185140 49900 0 60490 
95110 88520 111900 24880 89650 94120 113450 146951 88091 90300 15520 144021 185711 96910 60700 0 

0 Ciudad_0 0 0 32400 0
1 Ciudad_1 610 9193 23793 1220
2 Ciudad_2 794 14289 26538 1588
3 Ciudad_3 637 6705 17942 1274
4 Ciudad_4 521 9957 14164 1042
5 Ciudad_5 601 21996 29445 1202
6 Ciudad_6 157 11871 23226 314
7 Ciudad_7 602 3953 17333 1204
8 Ciudad_8 225 17052 23671 450
9 Ciudad_9 468 14030 24981 936
10 Ciudad_10 785 4646 18719 1570
11 Ciudad_11 519 3530 12872 1038
12 Ciudad_12 826 3797 7912 1652
13 Ciudad_13 504 4241 8582 1008
14 Ciudad_14 587 13322 15363 1174
15 Ciudad_15 318 8383 21877 636

0 0.00530333 -0.0237214 0.052716 0.0396675 0.0573713 0.00614821 0.00356542 -0.0623867 0.0940335 0.0491276 -0.0295078 -0.0762634 -0.0358056 0.0246352 0.0193139 
-0.00530333 0 -0.0867831 -0.0926916 0.0552958 -0.0738355 -0.0581044 -0.0301258 -0.0726417 0.0563119 0.0387669 -0.0111371 -0.0385334 -0.068744 0.0511623 0.0325947 
0.0237214 0.0867831 0 0.0340117 -0.0206167 0.0185698 -0.00922265 0.0194206 0.0823633 0.0353115 -0.030853 0.0495764 0.093058 0.0131494 -0.082328 -0.0753171 
-0.052716 0.0926916 -0.0340117 0 -0.0419935 -0.00528098 -0.0758781 -0.0535943 -0.0972007 0.0798794 -0.0216731 -0.0846149 -0.00212021 -0.0780955 0.0182853 0.0733082 
-0.0396675 -0.0552958 0.0206167 0.0419935 0 -0.0538356 0.0304726 0.0836498 -0.0891363 0.0377651 0.0608232 -0.0017462 0.0220013 0.094837 0.0906258 0.0560385 
-0.0573713 0.0738355 -0.0185698 0.00528098 0.0538356 0 0.0139193 -0.0187066 -0.0635318 -0.00850168 0.03335 -0.0959514 0.0195943 -0.0097403 -0.00931377 0.060858 
-0.00614821 0.0581044 0.00922265 0.0758781 -0.0304726 -0.0139193 0 -0.0270829 -0.0715043 0.0160658 -0.0908052 0.0919262 -0.0628996 0.0328336 0.0815608 0.016345 
-0.00356542 0.0301258 -0.0194206 0.0535943 -0.0836498 0.0187066 0.0270829 0 -0.0608273 0.0872284 -0.00867616 0.0668335 -0.0543574 0.0511512 0.0956728 -0.0170209 
0.0623867 0.0726417 -0.0823633 0.0972007 0.0891363 0.0635318 0.0715043 0.0608273 0 -0.02381 -0.080247 -0.0579414 -0.0901585 -0.00354059 0.0743179 -0.0309787 
-0.0940335 -0.0563119 -0.0353115 -0.0798794 -0.0377651 0.00850168 -0.0160658 -0.0872284 0.02381 0 -0.0823322 -0.0487832 0.0976978 0.00635848 -0.0639225 0.0366372 
-0.0491276 -0.0387669 0.030853 0.0216731 -0.0608232 -0.03335 0.0908052 0.00867616 0.080247 0.0823322 0 -0.0005716 -0.0985591 0.0663019 0.0848156 0.0438754 
0.0295078 0.0111371 -0.0495764 0.0846149 0.0017462 0.0959514 -0.0919262 -0.0668335 0.0579414 0.0487832 0.0005716 0 0.0944296 0.0469653 0.066438 -0.0318694 
0.0762634 0.0385334 -0.093058 0.00212021 -0.0220013 -0.0195943 0.0628996 0.0543574 0.0901585 -0.0976978 0.0985591 -0.0944296 0 0.0318803 0.0284721 -0.0475118 
0.0358056 0.068744 -0.0131494 0.0780955 -0.094837 0.0097403 -0.0328336 -0.0511512 0.00354059 -0.00635848 -0.0663019 -0.0469653 -0.0318803 0 -0.0217942 0.0182318 
-0.0246352 -0.0511623 0.082328 -0.0182853 -0.0906258 0.00931377 -0.0815608 -0.0956728 -0.0743179 0.0639225 -0.0848156 -0.066438 -0.0284721 0.0217942 0 -0.0540565 
-0.0193139 -0.0325947 0.0753171 -0.0733082 -0.0560385 -0.060858 -0.016345 0.0170209 0.0309787 -0.0366372 -0.0438754 0.0318694 0.0475118 -0.0182318 0.0540565 0 
