15

16000 4500

30 55 80

2

0 83220 96000 99300 74750 73550 91580 49990 39370 91600 90810 10620 73680 41440 47540 82800 
83350 0 29540 25820 135070 33250 27790 66580 79360 91612 27700 91190 38240 74650 72800 14130 
96120 29620 0 17670 154750 57390 55980 63220 80100 116971 8240 103960 62380 74150 71410 16750 
99300 25900 17640 0 157270 56200 47250 74480 89150 111302 24300 108500 61030 84440 82590 18100 
75370 135370 154790 157260 0 106280 119191 125160 113750 69410 151940 67700 102770 115820 121920 141590 
73560 33150 57010 56100 106000 0 18960 82760 88190 60830 55070 80160 6140 86730 88980 43500 
91550 28100 56080 47230 118771 18960 0 89910 100860 69111 54240 98150 22850 97980 96130 40670 
50010 66520 63110 74610 124570 82770 89940 0 19360 126840 55011 60440 87520 13410 9160 58600 
39320 79300 80070 89270 113220 88440 100940 19570 0 121460 72340 49090 90100 7890 12020 72500 
91650 91950 116850 111591 69170 60670 69040 126600 121890 0 114910 89650 57030 121800 125630 103340 
90830 27890 8580 24590 151790 55430 54250 55440 72320 115011 0 98670 60420 66370 63630 15110 
10750 91120 103900 108590 66870 79110 97140 60540 49130 89910 98710 0 79030 51200 57300 90700 
74010 38140 62000 61080 102300 6150 22870 87400 90110 56810 60060 80080 0 88650 91760 48490 
41660 74630 74100 84600 115560 86920 98050 13600 7510 121790 66370 51430 88830 0 6520 67830 
47840 72870 70931 82610 121740 89120 96290 9120 11630 125820 62811 57610 91850 6550 0 66070 
81340 13850 16070 18410 139970 42610 40210 57190 71050 102191 14230 89180 47600 66340 64490 0 

0 Ciudad_0 0 0 32400 0
1 Ciudad_1 430 12942 27542 860
2 Ciudad_2 136 12891 25140 272
3 Ciudad_3 174 12960 24197 348
4 Ciudad_4 234 11979 16186 468
5 Ciudad_5 718 20349 27798 1436
6 Ciudad_6 655 15423 26778 1310
7 Ciudad_7 685 2859 16239 1370
8 Ciudad_8 204 9277 15896 408
9 Ciudad_9 823 3727 14678 1646
10 Ciudad_10 420 7565 21638 840
11 Ciudad_11 781 10648 19990 1562
12 Ciudad_12 680 21785 25900 1360
13 Ciudad_13 482 16676 21017 964
14 Ciudad_14 438 5867 7908 876
15 Ciudad_15 375 11713 25207 750

0 -0.0106542 -0.0660183 -0.0100781 0.0651267 -0.0264592 0.0389366 -0.0882927 0.018835 -0.0173154 0.00271613 -0.0549584 -0.00696438 0.0437815 -0.0759909 0.0670389 
0.0106542 0 0.0819796 -0.0549708 0.0388169 0.0556951 -0.0825726 -0.0945534 0.0560965 -0.0581241 -0.00785965 0.036357 0.00678976 0.00544705 -0.052122 0.0175928 
0.0660183 -0.0819796 0 0.0181057 -0.0639287 0.0869684 0.0233805 0.070757 -0.048727 0.0719496 0.049721 0.086705 0.0777934 0.0699539 -0.09295 0.00704953 
0.0100781 0.0549708 -0.0181057 0 -0.01222 -0.0861555 -0.0577687 -0.0367108 0.0320338 0.0475056 0.0140268 0.039985 0.0415859 -0.00398745 0.0762768 -0.0458116 
-0.0651267 -0.0388169 0.0639287 0.01222 0 0.0625539 -0.0549941 -0.0344279 -0.00894825 0.0418041 0.0446848 0.0163462 -0.0944381 -0.0636868 0.0191777 0.0633562 
0.0264592 -0.0556951 -0.0869684 0.0861555 -0.0625539 0 -0.0610426 0.0295851 -0.0524878 -0.0828522 -0.0200989 0.0237332 0.0978363 0.0619359 0.0427967 -0.0568687 
-0.0389366 0.0825726 -0.0233805 0.0577687 0.0549941 0.0610426 0 -0.0328715 0.0446293 -0.0188217 0.0500835 0.0692532 0.0213229 0.0193973 -0.0776779 0.0475942 
0.0882927 0.0945534 -0.070757 0.0367108 0.0344279 -0.0295851 0.0328715 0 0.034941 -0.0502141 -0.0805897 -0.0270187 -0.0574953 -0.078531 -0.0128604 -0.00784023 
-0.018835 -0.0560965 0.048727 -0.0320338 0.00894825 0.0524878 -0.0446293 -0.034941 0 -0.0697089 -0.0730091 0.0651078 0.0591461 0.0278122 -0.0983873 0.0549274 
0.0173154 0.0581241 -0.0719496 -0.0475056 -0.0418041 0.0828522 0.0188217 0.0502141 0.0697089 0 0.00499319 0.0457002 0.0650682 0.0363209 0.0578483 0.0708224 
-0.00271613 0.00785965 -0.049721 -0.0140268 -0.0446848 0.0200989 -0.0500835 0.0805897 0.0730091 -0.00499319 0 0.0493575 -0.0963329 0.0466815 -0.0423493 0.0694857 
0.0549584 -0.036357 -0.086705 -0.039985 -0.0163462 -0.0237332 -0.0692532 0.0270187 -0.0651078 -0.0457002 -0.0493575 0 -0.0513315 -0.0478287 0.0126492 -0.00893268 
0.00696438 -0.00678976 -0.0777934 -0.0415859 0.0944381 -0.0978363 -0.0213229 0.0574953 -0.0591461 -0.0650682 0.0963329 0.0513315 0 -0.0405299 0.0770464 -0.0167037 
-0.0437815 -0.00544705 -0.0699539 0.00398745 0.0636868 -0.0619359 -0.0193973 0.078531 -0.0278122 -0.0363209 -0.0466815 0.0478287 0.0405299 0 -0.000395554 0.0593155 
0.0759909 0.052122 0.09295 -0.0762768 -0.0191777 -0.0427967 0.0776779 0.0128604 0.0983873 -0.0578483 0.0423493 -0.0126492 -0.0770464 0.000395554 0 0.0861314 
-0.0670389 -0.0175928 -0.00704953 0.0458116 -0.0633562 0.0568687 -0.0475942 0.00784023 -0.0549274 -0.0708224 -0.0694857 0.00893268 0.0167037 -0.0593155 -0.0861314 0 
