15

16000 4500

30 55 80

2

0 68590 80880 83060 32740 66691 74080 64110 38020 71940 36190 55140 43350 53710 92890 69960 
68970 0 94873 133500 98510 44200 23380 132490 43400 95753 103650 13530 42750 122090 93580 79190 
80570 94493 0 61580 68860 52890 110882 94720 103650 10620 102450 88170 55000 85350 28270 144261 
83060 134100 63170 0 53890 104440 148250 48170 121620 53620 84920 124000 91630 48900 89370 159150 
32780 98490 68880 53860 0 87090 105850 34660 70400 59840 35500 85040 62770 24480 93300 102340 
66650 44660 52360 104720 87150 0 67330 119680 69260 60040 102840 48720 30120 110310 50000 111140 
74440 23400 110010 146470 106160 66930 0 138700 39030 110910 107230 21310 55140 128190 118050 59350 
63780 131910 94300 48300 34850 119600 137990 0 101400 84200 46540 118460 96890 11470 121230 126680 
36750 43420 99851 120310 68900 68910 39020 100270 0 96311 68200 30450 48420 89870 109640 42830 
71680 95143 10730 53170 59970 60290 111532 84740 96780 0 93560 88880 55710 75370 38430 135480 
35970 103510 101990 85040 34380 102321 107720 46680 69350 92950 0 90060 78390 36490 121060 89390 
55520 13530 88790 124140 85060 48260 21290 119040 30440 89690 90200 0 34010 108640 96890 70640 
43460 42610 55350 91660 62790 29750 54920 96550 50150 56250 78720 33800 0 86370 63450 89390 
53530 121660 86090 49340 24780 110480 127150 11370 91150 75990 36230 108210 86820 0 112110 116370 
92590 93530 28410 89550 93420 50370 118070 121260 111690 38590 121500 96400 63230 111890 0 153200 
70020 79140 142001 155440 102170 110560 59370 127110 42970 132961 89630 70870 89400 116920 154450 0 

0 Ciudad_0 0 0 32400 0
1 Ciudad_1 654 13315 27915 1308
2 Ciudad_2 764 3698 15947 1528
3 Ciudad_3 581 13850 25087 1162
4 Ciudad_4 823 5486 9693 1646
5 Ciudad_5 818 6385 13834 1636
6 Ciudad_6 478 5899 17254 956
7 Ciudad_7 639 11554 24934 1278
8 Ciudad_8 795 21945 28564 1590
9 Ciudad_9 812 3062 14013 1624
10 Ciudad_10 826 12083 26156 1652
11 Ciudad_11 177 14349 23691 354
12 Ciudad_12 114 2431 6546 228
13 Ciudad_13 240 11048 15389 480
14 Ciudad_14 500 10286 12327 1000
15 Ciudad_15 595 11263 24757 1190

0 -0.0770087 -0.0705349 0.0080998 0.0468852 0.0735341 -0.067561 -0.00244206 0.0963841 0.0301155 0.0856165 0.0107743 0.0144706 -0.0867891 0.0191506 -0.040525 
0.0770087 0 -0.00146745 -0.0102657 -0.0669032 0.00034982 -0.0900624 0.041567 0.0178491 0.0585057 -0.0856826 -0.0798044 0.0924182 -0.0570059 0.0898951 -0.0911576 
0.0705349 0.00146745 0 0.0435343 0.0718422 -0.0110085 -0.00342009 -0.0563048 0.0838999 -0.0707098 -0.0873972 0.0910436 0.0133795 0.0781464 -0.0822796 0.0862635 
-0.0080998 0.0102657 -0.0435343 0 0.0081234 -0.042338 0.0369351 0.0608925 -0.0576977 0.0983446 0.0721502 0.0133591 0.0565553 0.0563154 0.0801462 -0.0164929 
-0.0468852 0.0669032 -0.0718422 -0.0081234 0 -0.0251772 0.0484716 -0.0151565 0.0731906 0.0198407 -0.0017859 0.0443139 -0.0318716 -0.0699059 0.0513481 0.0449758 
-0.0735341 -0.00034982 0.0110085 0.042338 0.0251772 0 -0.0582732 0.0912051 0.0677799 0.0461775 -0.0785162 -0.0586635 -0.047449 0.0193299 0.0510258 0.0914345 
0.067561 0.0900624 0.00342009 -0.0369351 -0.0484716 0.0582732 0 0.00376477 0.0334751 0.0810369 0.0415613 0.0299963 -0.0755221 -0.0617929 0.089336 -0.0632289 
0.00244206 -0.041567 0.0563048 -0.0608925 0.0151565 -0.0912051 -0.00376477 0 0.0956332 -0.0253696 -0.0358403 0.0516998 0.0683563 0.0980551 0.0179738 0.0973866 
-0.0963841 -0.0178491 -0.0838999 0.0576977 -0.0731906 -0.0677799 -0.0334751 -0.0956332 0 -0.0704962 -0.0796361 -0.0961949 0.0179499 -0.025995 0.0840499 0.0624194 
-0.0301155 -0.0585057 0.0707098 -0.0983446 -0.0198407 -0.0461775 -0.0810369 0.0253696 0.0704962 0 -0.0494716 -0.0607293 0.0750656 -0.0826334 -0.0729992 -0.0851372 
-0.0856165 0.0856826 0.0873972 -0.0721502 0.0017859 0.0785162 -0.0415613 0.0358403 0.0796361 0.0494716 0 0.0941917 -0.0528706 -0.0235605 -0.0279016 0.0324566 
-0.0107743 0.0798044 -0.0910436 -0.0133591 -0.0443139 0.0586635 -0.0299963 -0.0516998 0.0961949 0.0607293 -0.0941917 0 0.00384029 -0.0781593 -0.0948595 0.0573337 
-0.0144706 -0.0924182 -0.0133795 -0.0565553 0.0318716 0.047449 0.0755221 -0.0683563 -0.0179499 -0.0750656 0.0528706 -0.00384029 0 0.0693064 0.0204223 -0.04509 
0.0867891 0.0570059 -0.0781464 -0.0563154 0.0699059 -0.0193299 0.0617929 -0.0980551 0.025995 0.0826334 0.0235605 0.0781593 -0.0693064 0 0.0823897 -0.0488842 
-0.0191506 -0.0898951 0.0822796 -0.0801462 -0.0513481 -0.0510258 -0.089336 -0.0179738 -0.0840499 0.0729992 0.0279016 0.0948595 -0.0204223 -0.0823897 0 -0.0709811 
0.040525 0.0911576 -0.0862635 0.0164929 -0.0449758 -0.0914345 0.0632289 -0.0973866 -0.0624194 0.0851372 -0.0324566 -0.0573337 0.04509 0.0488842 0.0709811 0 
