15

16000 4500

30 55 80

2

0 28800 93941 97880 88501 91700 51441 67390 72781 54440 40340 78660 90380 44510 87300 93800 
28810 0 100130 124410 73460 119820 36840 95510 87140 80970 48200 79000 63480 49990 109801 116611 
95430 100650 0 75320 89281 120900 80580 116751 160650 68880 129400 180561 138330 136350 144601 151001 
97780 124240 75520 0 142320 63310 123050 74770 138340 44430 122070 168010 178670 129680 96720 99950 
88690 73400 89420 142040 0 168030 38230 148680 159272 115190 120890 141080 57860 122680 173831 180950 
91630 119800 120740 63300 167770 0 134470 25630 86260 53050 90120 128470 181380 97730 40290 41650 
51820 36900 80740 122940 38200 134880 0 111810 122402 85300 84390 109620 57690 86180 135660 142160 
67680 95850 116681 74770 148730 25420 111670 0 65231 48641 64760 104010 157430 72370 27850 34250 
73292 87000 158210 138180 159643 86150 122583 64940 0 101390 39260 48580 133590 39920 51920 56200 
54300 80760 68810 44750 115270 53020 85070 48571 101770 0 84600 128150 134760 92210 76421 82821 
40331 48560 128810 122150 121460 89500 84840 64540 39460 84180 0 43290 101730 8200 70630 76620 
79071 79060 180431 166110 141970 128240 110580 103950 48480 127910 43450 0 108080 37070 98910 103480 
90130 63370 138460 178550 57920 181140 57640 156830 133450 134890 101490 107060 0 98250 171231 177700 
44891 50420 136070 129830 123320 97180 86700 72220 40050 91860 8220 36870 98660 0 76240 80810 
87150 109261 144401 96650 173541 39810 135260 27720 52300 76361 70960 98660 172241 76160 0 6810 
93760 116171 150691 99840 180991 41150 141870 34010 56650 82651 76690 102550 177790 80970 6940 0 

0 Ciudad_0 0 0 32400 0
1 Ciudad_1 695 9320 23920 1390
2 Ciudad_2 823 8024 20273 1646
3 Ciudad_3 263 15791 27028 526
4 Ciudad_4 251 16791 20998 502
5 Ciudad_5 358 11430 18879 716
6 Ciudad_6 108 12113 23468 216
7 Ciudad_7 778 8929 22309 1556
8 Ciudad_8 776 19322 25941 1552
9 Ciudad_9 574 10483 21434 1148
10 Ciudad_10 663 5953 20026 1326
11 Ciudad_11 280 9542 18884 560
12 Ciudad_12 375 15784 19899 750
13 Ciudad_13 214 16545 20886 428
14 Ciudad_14 461 23840 25881 922
15 Ciudad_15 607 10678 24172 1214

0 -0.00493982 -0.0620787 -0.0672945 0.05814 0.0668052 0.0321054 0.009648 -0.0570559 0.00580182 0.0399326 0.0385404 0.0987057 -0.0656441 0.0228742 0.0466586 
0.00493982 0 -0.016913 0.0947557 0.0953297 -0.0540828 -0.0662999 -0.0994081 0.0745653 -0.0471838 -0.00299292 -0.0232882 0.0293611 -0.0476399 -0.0599303 -0.085309 
0.0620787 0.016913 0 0.0440071 0.0224031 0.08612 -0.0947513 -0.0799391 0.0533976 -0.0220482 -0.0921358 -0.0642079 0.0443648 -0.00134768 0.00753398 -0.0263532 
0.0672945 -0.0947557 -0.0440071 0 0.0488549 0.0526351 -0.035386 0.00976998 -0.0183895 -0.0580397 0.0750189 -0.00112963 0.0179719 -0.0843221 0.0427509 0.0338898 
-0.05814 -0.0953297 -0.0224031 -0.0488549 0 0.0425123 0.0483996 -0.0898973 0.0450967 -0.0649814 -0.0334453 0.0337134 -0.0525092 0.0083988 0.0706959 -0.0953384 
-0.0668052 0.0540828 -0.08612 -0.0526351 -0.0425123 0 0.008742 0.0311056 -0.071373 -0.0123648 0.00357448 0.0666467 -0.0721511 -0.0909647 0.0181451 0.00205927 
-0.0321054 0.0662999 0.0947513 0.035386 -0.0483996 -0.008742 0 -0.0718058 0.0966102 -0.0766547 -0.0251416 -0.00875722 -0.0787014 0.0127912 0.00154431 -0.0537755 
-0.009648 0.0994081 0.0799391 -0.00976998 0.0898973 -0.0311056 0.0718058 0 0.0410612 0.0100989 0.0782523 0.0113856 -0.060009 0.0884687 -0.0517927 0.00998289 
0.0570559 -0.0745653 -0.0533976 0.0183895 -0.0450967 0.071373 -0.0966102 -0.0410612 0 0.0686413 0.0710102 0.0752359 0.0561758 -0.0496587 -0.00231586 0.0531809 
-0.00580182 0.0471838 0.0220482 0.0580397 0.0649814 0.0123648 0.0766547 -0.0100989 -0.0686413 0 -0.0250052 -0.0814818 0.0647909 0.0884464 -0.0898441 0.0692005 
-0.0399326 0.00299292 0.0921358 -0.0750189 0.0334453 -0.00357448 0.0251416 -0.0782523 -0.0710102 0.0250052 0 0.00835557 0.025843 -0.00958997 0.00471174 0.000766168 
-0.0385404 0.0232882 0.0642079 0.00112963 -0.0337134 -0.0666467 0.00875722 -0.0113856 -0.0752359 0.0814818 -0.00835557 0 -0.0431176 -0.0612285 0.00466968 0.0588436 
-0.0987057 -0.0293611 -0.0443648 -0.0179719 0.0525092 0.0721511 0.0787014 0.060009 -0.0561758 -0.0647909 -0.025843 0.0431176 0 0.0919903 -0.0944302 -0.0241513 
0.0656441 0.0476399 0.00134768 0.0843221 -0.0083988 0.0909647 -0.0127912 -0.0884687 0.0496587 -0.0884464 0.00958997 0.0612285 -0.0919903 0 -0.00601476 -0.00950359 
-0.0228742 0.0599303 -0.00753398 -0.0427509 -0.0706959 -0.0181451 -0.00154431 0.0517927 0.00231586 0.0898441 -0.00471174 -0.00466968 0.0944302 0.00601476 0 0.0750286 
-0.0466586 0.085309 0.0263532 -0.0338898 0.0953384 -0.00205927 0.0537755 -0.00998289 -0.0531809 -0.0692005 -0.000766168 -0.0588436 0.0241513 0.00950359 -0.0750286 0 
