15

16000 4500

30 55 80

2

0 95420 96540 64880 76022 91560 19910 27960 15180 72931 63710 16050 17550 20930 75820 23060 
95610 0 45460 64560 52250 189621 102360 75240 109830 46780 158181 110910 107450 80230 86570 99550 
96420 45310 0 46890 64571 192601 99320 76050 108790 61480 158991 111720 108260 79630 44090 96510 
65140 64200 46980 0 52761 150800 62810 45220 72280 49670 125300 80440 77960 44630 33390 60000 
75262 52400 64473 51251 0 167213 83552 54892 89482 8440 135773 90562 87102 59882 81881 80422 
92050 189771 192893 151591 167583 0 91930 119330 81700 164482 34090 76810 84680 112300 148980 96840 
19930 102060 99350 62911 84522 91640 0 31380 11010 81431 63790 21080 36710 24000 64010 6030 
27380 75930 77050 45230 56532 118190 30760 0 37520 53441 90340 42680 43280 6970 58431 27510 
15310 109970 108780 72341 90582 81440 11220 38270 0 87481 53590 10880 29020 31240 73440 16130 
72731 46900 61942 48720 8430 164682 81021 52361 86951 0 133242 88031 84571 57351 79350 77891 
63790 156491 157611 124991 137103 33870 63670 91070 53440 134002 0 48550 54640 84040 126090 68580 
16130 110870 111990 80330 91482 76400 21180 43410 10950 88381 48550 0 23210 36380 83400 26090 
17570 107521 108641 78041 88123 84580 36630 42650 29030 85032 54700 23040 0 37800 92690 39780 
21060 80120 79520 44510 60732 111870 24030 7590 31200 57631 84020 36360 37840 0 55450 20660 
76140 86410 44060 33370 83821 149000 64510 58480 73980 80720 127000 84050 92920 55630 0 61700 
22890 99250 96540 60101 81172 96820 6110 28040 16190 78081 68970 26260 39670 20570 61200 0 

0 Ciudad_0 0 0 32400 0
1 Ciudad_1 528 8630 23230 1056
2 Ciudad_2 775 7280 19529 1550
3 Ciudad_3 480 4103 15340 960
4 Ciudad_4 295 17155 21362 590
5 Ciudad_5 746 10013 17462 1492
6 Ciudad_6 264 11299 22654 528
7 Ciudad_7 641 14908 28288 1282
8 Ciudad_8 296 8756 15375 592
9 Ciudad_9 571 5734 16685 1142
10 Ciudad_10 517 5315 19388 1034
11 Ciudad_11 795 3112 12454 1590
12 Ciudad_12 258 14063 18178 516
13 Ciudad_13 675 22526 26867 1350
14 Ciudad_14 654 10208 12249 1308
15 Ciudad_15 228 17003 30497 456

0 0.0917654 -0.010488 -0.055527 0.0787538 -0.0356359 -0.0450874 -0.0518571 0.0137624 0.0807225 -0.0259011 -0.0827882 -0.0585309 -0.00879175 -0.0625591 0.01503 
-0.0917654 0 -0.0163984 0.00827357 0.0466 0.0368055 -0.03125 0.0219677 -0.0553452 -0.0798219 -0.0454661 -0.0724562 0.0601672 -0.0380327 -0.082316 0.00714209 
0.010488 0.0163984 0 -0.0672692 0.042864 0.0295828 0.0726748 -0.0294234 -0.000593317 0.0774959 0.0807605 -0.0349567 -0.0151745 0.0144597 -0.0115157 0.00613664 
0.055527 -0.00827357 0.0672692 0 -0.0473608 -0.0222474 0.00901556 0.0203379 0.0656212 0.0815759 0.0952072 -0.0663447 -0.0251178 -0.0728821 0.0786711 0.0845902 
-0.0787538 -0.0466 -0.042864 0.0473608 0 -0.0646578 0.0997354 -0.0435445 0.00975715 -0.0462325 -0.0576081 0.0911938 0.0484855 0.0963442 -0.0984572 -0.0837151 
0.0356359 -0.0368055 -0.0295828 0.0222474 0.0646578 0 -0.0300305 0.0442742 -0.00646154 0.0176883 -0.00168621 0.0709544 0.0434094 -0.0972585 -0.0242689 0.0998583 
0.0450874 0.03125 -0.0726748 -0.00901556 -0.0997354 0.0300305 0 -0.0684625 0.0649971 -0.0681926 -0.0260289 0.0209931 0.0660608 0.0598045 -0.0892556 0.0844821 
0.0518571 -0.0219677 0.0294234 -0.0203379 0.0435445 -0.0442742 0.0684625 0 -0.00786721 0.099032 0.0478417 0.075634 0.0483237 -0.0729026 -0.0879634 -0.0572015 
-0.0137624 0.0553452 0.000593317 -0.0656212 -0.00975715 0.00646154 -0.0649971 0.00786721 0 -0.0836275 0.0303872 -0.00486917 -0.0586439 0.0891687 -0.0165751 -0.0752099 
-0.0807225 0.0798219 -0.0774959 -0.0815759 0.0462325 -0.0176883 0.0681926 -0.099032 0.0836275 0 0.06303 -0.0308517 0.0611858 -0.0308836 -0.0544474 -0.0655988 
0.0259011 0.0454661 -0.0807605 -0.0952072 0.0576081 0.00168621 0.0260289 -0.0478417 -0.0303872 -0.06303 0 -0.0782896 0.0253314 -0.0764439 -0.0424525 0.0119392 
0.0827882 0.0724562 0.0349567 0.0663447 -0.0911938 -0.0709544 -0.0209931 -0.075634 0.00486917 0.0308517 0.0782896 0 0.0966596 0.00899983 0.0859799 -0.00362563 
0.0585309 -0.0601672 0.0151745 0.0251178 -0.0484855 -0.0434094 -0.0660608 -0.0483237 0.0586439 -0.0611858 -0.0253314 -0.0966596 0 -0.0782622 0.0959958 -0.0152265 
0.00879175 0.0380327 -0.0144597 0.0728821 -0.0963442 0.0972585 -0.0598045 0.0729026 -0.0891687 0.0308836 0.0764439 -0.00899983 0.0782622 0 0.0371147 0.0495796 
0.0625591 0.082316 0.0115157 -0.0786711 0.0984572 0.0242689 0.0892556 0.0879634 0.0165751 0.0544474 0.0424525 -0.0859799 -0.0959958 -0.0371147 0 0.0551063 
-0.01503 -0.00714209 -0.00613664 -0.0845902 0.0837151 -0.0998583 -0.0844821 0.0572015 0.0752099 0.0655988 -0.0119392 0.00362563 0.0152265 -0.0495796 -0.0551063 0 
