15

16000 4500

30 55 80

2

0 98561 81320 96640 38110 49190 11140 51550 39280 28960 80780 76480 48460 24870 83470 60450 
96880 0 36100 29830 84340 57740 93950 113370 65000 78740 54000 117500 48000 72100 70180 44370 
80730 36070 0 52960 69890 46660 79430 87290 50520 64220 64820 82440 33480 57580 70240 41160 
95900 29700 52340 0 78370 50350 94600 112330 60310 78360 32630 130210 54210 72750 50550 37070 
37880 85411 69900 78390 0 29270 36580 56810 20150 13290 57710 79190 37040 15440 60400 42200 
48600 57760 46650 50320 29270 0 47300 65040 11210 29260 34950 87420 14400 24640 37640 14130 
10770 95920 79650 94970 36440 47520 0 53290 37610 27290 79110 78220 46790 23200 81800 58780 
51300 113991 86780 112560 56220 64620 52990 0 56380 47760 97880 42450 63890 41970 100570 75850 
38700 66081 50540 60340 20160 11220 37400 56700 0 19390 42460 79080 17680 14740 45150 24150 
28660 80550 64280 78190 13300 29270 27360 48360 19390 0 57940 70740 31420 8080 60630 42000 
80070 54250 65120 32350 57730 34920 78770 98070 42330 57950 0 120450 44190 56110 22220 24830 
76280 117140 82280 130090 79050 87450 77970 41760 79210 70590 120710 0 79910 64800 123400 98150 
47890 49770 33500 54360 37050 14490 46590 64380 17680 31380 44030 80000 0 24740 49450 20370 
24580 73420 57150 72390 15440 24660 23280 42660 14750 8070 56250 65040 24290 0 58940 36200 
82950 70450 70600 50410 60610 37800 81650 100950 45210 60830 21910 123330 49670 58990 0 29940 
59590 44300 41170 36710 42060 14040 58290 76020 24000 42050 24470 97700 20240 36440 29600 0 

0 Ciudad_0 0 0 32400 0
1 Ciudad_1 574 5504 20104 1148
2 Ciudad_2 247 14205 26454 494
3 Ciudad_3 440 5259 16496 880
4 Ciudad_4 719 5898 10105 1438
5 Ciudad_5 118 11507 18956 236
6 Ciudad_6 439 18253 29608 878
7 Ciudad_7 461 7118 20498 922
8 Ciudad_8 480 16677 23296 960
9 Ciudad_9 811 2175 13126 1622
10 Ciudad_10 424 5883 19956 848
11 Ciudad_11 814 13486 22828 1628
12 Ciudad_12 148 3953 8068 296
13 Ciudad_13 194 1228 5569 388
14 Ciudad_14 720 6614 8655 1440
15 Ciudad_15 662 4207 17701 1324

0 0.0936556 -0.0248233 0.056965 0.0270573 -0.0993322 0.0910172 0.0786472 0.0460712 -0.0866889 -0.0999447 -0.00427547 0.0487482 0.072051 0.0285087 0.0465286 
-0.0936556 0 -0.0394889 -0.0982148 0.0314889 -0.0988276 0.0221556 -0.0728642 0.0860207 -0.0134629 -0.0687923 0.0861688 0.0890597 -0.0344966 -0.0331759 -0.011084 
0.0248233 0.0394889 0 0.0237846 -0.0618532 0.0147039 -0.0969347 0.0457607 0.0320636 0.0218534 -0.098463 -0.0745063 0.0447173 0.0914534 -0.022924 0.0847856 
-0.056965 0.0982148 -0.0237846 0 -0.0575771 0.0796549 0.0300112 0.0666213 0.0168235 -0.015685 0.00820847 0.0587224 0.0905657 -0.0437358 -0.0746056 0.0192891 
-0.0270573 -0.0314889 0.0618532 0.0575771 0 -0.00359434 0.0753751 -0.0379343 0.0679086 0.00757151 0.02765 -0.014177 0.015223 -0.0992196 -0.0234216 0.0709475 
0.0993322 0.0988276 -0.0147039 -0.0796549 0.00359434 0 0.0532229 0.0930862 -0.0782413 0.0378752 -0.0715792 0.0586007 -0.085611 0.0799401 0.0463392 -0.0945365 
-0.0910172 -0.0221556 0.0969347 -0.0300112 -0.0753751 -0.0532229 0 -0.0369231 -0.0753744 -0.0575087 -0.0163496 -0.0350136 -0.0601513 0.0331524 0.0121018 0.0058615 
-0.0786472 0.0728642 -0.0457607 -0.0666213 0.0379343 -0.0930862 0.0369231 0 -0.0789434 0.036928 -0.00566352 -0.0933665 -0.0754071 -0.00171442 -0.0867448 -0.0412334 
-0.0460712 -0.0860207 -0.0320636 -0.0168235 -0.0679086 0.0782413 0.0753744 0.0789434 0 -0.0354819 -0.0969076 0.0490455 -0.0608216 0.0667315 0.0285336 -0.0134109 
0.0866889 0.0134629 -0.0218534 0.015685 -0.00757151 -0.0378752 0.0575087 -0.036928 0.0354819 0 0.0155914 0.0624144 0.0411523 -0.0283974 -0.0489691 0.0524464 
0.0999447 0.0687923 0.098463 -0.00820847 -0.02765 0.0715792 0.0163496 0.00566352 0.0969076 -0.0155914 0 -0.0622458 -0.0856333 0.0308437 0.00916215 0.0122165 
0.00427547 -0.0861688 0.0745063 -0.0587224 0.014177 -0.0586007 0.0350136 0.0933665 -0.0490455 -0.0624144 0.0622458 0 -0.0703211 0.0737278 -0.0736551 -0.0829811 
-0.0487482 -0.0890597 -0.0447173 -0.0905657 -0.015223 0.085611 0.0601513 0.0754071 0.0608216 -0.0411523 0.0856333 0.0703211 0 -0.0300699 -0.00718711 0.0737697 
-0.072051 0.0344966 -0.0914534 0.0437358 0.0992196 -0.0799401 -0.0331524 0.00171442 -0.0667315 0.0283974 -0.0308437 -0.0737278 0.0300699 0 -0.0476773 -0.0656594 
-0.0285087 0.0331759 0.022924 0.0746056 0.0234216 -0.0463392 -0.0121018 0.0867448 -0.0285336 0.0489691 -0.00916215 0.0736551 0.00718711 0.0476773 0 0.0449308 
-0.0465286 0.011084 -0.0847856 -0.0192891 -0.0709475 0.0945365 -0.0058615 0.0412334 0.0134109 -0.0524464 -0.0122165 0.0829811 -0.0737697 0.0656594 -0.0449308 0 
