15

16000 4500

30 55 80

2

0 65100 27431 22380 62360 99730 74220 86200 48130 97920 77870 67400 64890 99670 83590 25061 
65170 0 56760 54630 12900 54490 28170 56980 39020 68700 48650 37570 26390 108280 38540 60610 
27411 56920 0 43750 51490 85960 60640 68120 24160 79610 61270 52290 51310 116210 70010 4460 
22390 54080 43830 0 59661 100530 74430 87380 51460 99100 79050 68580 65880 85690 84140 44841 
62150 12760 50300 59780 0 43820 17470 45280 30460 57000 36950 25870 14580 118451 27870 54470 
99350 54340 85340 100260 44200 0 28490 38940 64120 40270 31670 39110 36870 164960 16570 89510 
73970 28040 60050 74000 18000 28530 0 39020 38830 46570 31410 21650 11960 135810 12580 64220 
85990 56950 69010 87160 45670 39180 38990 0 48100 14580 11600 20060 32910 157380 33250 73180 
48110 38890 23930 52200 31100 64240 39170 47820 0 59310 40970 31350 29840 118280 48540 28100 
97000 67960 79570 98170 56680 40020 46640 13870 58660 0 22610 31070 43920 170120 37730 83740 
78290 49250 62250 79460 37970 31970 31330 11820 41340 22280 0 12360 25210 148630 25720 66420 
67160 37650 52940 68330 26370 39240 21260 20400 31020 32120 12070 0 13610 132450 28430 57110 
64820 26730 50900 65820 15210 36840 11890 33160 29680 44880 24830 13750 0 126381 21260 55070 
99490 108370 116090 85490 117881 164970 133481 157700 117540 170930 148470 132770 126231 0 148810 118300 
83450 38440 69440 83700 28300 16600 12590 33260 48220 37750 25810 28400 21350 148780 0 73610 
25051 60550 4470 44821 55540 90201 64690 72170 28210 83660 65320 56340 55360 118460 74060 0 

0 Ciudad_0 0 0 32400 0
1 Ciudad_1 110 2994 17594 220
2 Ciudad_2 385 4716 16965 770
3 Ciudad_3 678 17541 28778 1356
4 Ciudad_4 795 14803 19010 1590
5 Ciudad_5 793 13344 20793 1586
6 Ciudad_6 101 12910 24265 202
7 Ciudad_7 748 7436 20816 1496
8 Ciudad_8 349 2658 9277 698
9 Ciudad_9 661 8261 19212 1322
10 Ciudad_10 660 10050 24123 1320
11 Ciudad_11 355 6176 15518 710
12 Ciudad_12 804 10708 14823 1608
13 Ciudad_13 620 12509 16850 1240
14 Ciudad_14 700 18814 20855 1400
15 Ciudad_15 102 5903 19397 204

0 0.0134524 0.0389613 -0.0780868 -0.0054173 0.0499311 -0.0488504 0.00233454 0.075469 0.0939103 0.00323315 -0.0855425 -0.0355698 -0.0878346 -0.0639615 -0.0501498 
-0.0134524 0 -0.0820902 0.0994774 -0.00143569 -0.0683077 -0.0636403 -0.00126766 0.0745288 0.0702636 0.00165113 -0.0328664 -0.0732169 -0.0987941 0.0622749 -0.0867789 
-0.0389613 0.0820902 0 0.0102082 -0.0829016 -0.0541143 -0.0590724 -0.000826595 -0.09595 0.0746999 0.0985098 -0.0269711 0.0680453 -0.0580747 -0.0171157 -0.0272143 
0.0780868 -0.0994774 -0.0102082 0 -0.00564177 -0.02462 0.0693616 -0.00684746 -0.0473776 0.003624 0.00794518 0.0422403 -0.00678607 0.00132759 -0.0456997 0.0561077 
0.0054173 0.00143569 0.0829016 0.00564177 0 -0.0614483 -0.025115 0.0235301 0.0730664 -0.0877989 0.0374477 -0.0657495 -0.0152576 -0.0586923 -0.0221685 0.0647196 
-0.0499311 0.0683077 0.0541143 0.02462 0.0614483 0 -0.0361624 -0.0768039 -0.0572307 0.000789913 0.0243125 -0.0291477 -0.021718 0.000742497 0.095406 0.0763573 
0.0488504 0.0636403 0.0590724 -0.0693616 0.025115 0.0361624 0 -0.0550888 0.0192114 0.00929683 -0.0574223 -0.0374945 0.000796152 -0.000327519 0.0292484 0.0575148 
-0.00233454 0.00126766 0.000826595 0.00684746 -0.0235301 0.0768039 0.0550888 0 0.0041022 -0.0839585 -0.0450201 -0.0832197 0.0903585 -0.043127 -0.0820621 0.0926601 
-0.075469 -0.0745288 0.09595 0.0473776 -0.0730664 0.0572307 -0.0192114 -0.0041022 0 -0.0349656 -0.0993779 0.0609802 0.0697903 0.0979752 0.0133866 0.0993113 
-0.0939103 -0.0702636 -0.0746999 -0.003624 0.0877989 -0.000789913 -0.00929683 0.0839585 0.0349656 0 -0.0686201 0.0440942 -0.012424 -0.0257382 0.0510748 0.00779938 
-0.00323315 -0.00165113 -0.0985098 -0.00794518 -0.0374477 -0.0243125 0.0574223 0.0450201 0.0993779 0.0686201 0 -0.00817935 0.0298952 -0.0875829 0.0582071 0.0762123 
0.0855425 0.0328664 0.0269711 -0.0422403 0.0657495 0.0291477 0.0374945 0.0832197 -0.0609802 -0.0440942 0.00817935 0 0.00790988 0.00858727 -0.0649104 -0.0918829 
0.0355698 0.0732169 -0.0680453 0.00678607 0.0152576 0.021718 -0.000796152 -0.0903585 -0.0697903 0.012424 -0.0298952 -0.00790988 0 0.0343595 0.0333106 -0.0391782 
0.0878346 0.0987941 0.0580747 -0.00132759 0.0586923 -0.000742497 0.000327519 0.043127 -0.0979752 0.0257382 0.0875829 -0.00858727 -0.0343595 0 0.0109057 -0.0786326 
0.0639615 -0.0622749 0.0171157 0.0456997 0.0221685 -0.095406 -0.0292484 0.0820621 -0.0133866 -0.0510748 -0.0582071 0.0649104 -0.0333106 -0.0109057 0 -0.00374434 
0.0501498 0.0867789 0.0272143 -0.0561077 -0.0647196 -0.0763573 -0.0575148 -0.0926601 -0.0993113 -0.00779938 -0.0762123 0.0918829 0.0391782 0.0786326 0.00374434 0 
