15

16000 4500

30 55 80

2

0 90240 93440 92070 48430 72620 56190 99941 85750 80960 84880 62720 34700 96490 88531 73050 
90640 0 159800 54470 68630 100511 34830 129892 24360 15940 112771 29610 88230 78510 157153 121771 
93040 159460 0 129460 92490 157612 134992 186480 139010 144230 169872 141162 73600 121850 11300 148200 
91850 54060 130310 0 43790 121710 60300 151091 33990 43400 133970 62110 65610 24260 132530 142970 
48060 68400 92560 43710 0 102600 56520 131981 47950 53170 114860 59220 21820 48130 91271 118350 
72970 100760 157483 122821 102870 0 66710 33620 96270 91480 13280 73240 102280 138012 152224 38640 
56330 34820 134863 60550 56410 66210 0 93531 33670 26710 78470 7240 66661 83181 129834 87470 
100031 127821 184544 149882 129931 33580 93771 0 123331 118541 33420 100301 131731 165073 178440 43230 
86180 24000 139030 33990 47860 96060 33650 125441 0 9460 108320 31180 68600 58030 138261 117320 
81190 15400 144040 43310 52870 91070 26560 120451 9560 0 103330 23440 72470 67350 141863 112330 
84770 112560 169283 134621 114670 13080 78510 33000 108070 103280 0 85040 114080 149812 164024 46690 
62790 29550 141313 62460 59120 72670 7200 99991 31270 23450 84930 0 71600 85091 136284 93930 
34630 87370 73360 65910 22270 101990 66430 133741 68690 72140 114250 71630 0 70330 70583 104920 
96300 78100 122050 24260 48240 137272 82812 166653 58030 67440 149532 84822 70060 0 124270 158532 
88401 156663 12040 131960 90741 152623 130223 178990 137691 141753 164883 136393 70263 124350 0 139140 
74102 121940 147940 144001 118620 38330 87890 43480 117450 112660 46850 94420 104890 159192 138920 0 

0 Ciudad_0 0 0 32400 0
1 Ciudad_1 825 8563 23163 1650
2 Ciudad_2 311 5157 17406 622
3 Ciudad_3 754 12086 23323 1508
4 Ciudad_4 786 7197 11404 1572
5 Ciudad_5 684 13150 20599 1368
6 Ciudad_6 772 9183 20538 1544
7 Ciudad_7 145 9671 23051 290
8 Ciudad_8 405 5979 12598 810
9 Ciudad_9 597 15673 26624 1194
10 Ciudad_10 545 12932 27005 1090
11 Ciudad_11 685 11707 21049 1370
12 Ciudad_12 295 6209 10324 590
13 Ciudad_13 680 10847 15188 1360
14 Ciudad_14 211 9532 11573 422
15 Ciudad_15 368 9991 23485 736

0 0.0316286 -0.0278974 -0.0824217 -0.0547863 -0.0163159 0.095487 -0.0739803 0.0368458 0.0797114 0.0312793 0.0118646 -0.0482183 0.049871 0.00506246 -0.0495095 
-0.0316286 0 -0.0868536 -0.0541129 -0.0511126 -0.0328041 0.0343601 0.0654555 -0.0751969 -0.0974661 -0.0198456 0.0880286 0.0882244 0.0381891 -0.00649039 0.0244449 
0.0278974 0.0868536 0 0.0727168 -0.0177612 0.0247516 0.0557307 0.0165268 -0.0885081 0.0389901 0.092673 -0.0885916 0.0491211 0.0438483 -0.0221018 -0.0111483 
0.0824217 0.0541129 -0.0727168 0 0.00335696 -0.0311027 -0.0319945 0.0594281 0.048675 -0.0885647 -0.0685434 -0.0215312 0.0881868 0.0118522 -0.0785771 0.0291977 
0.0547863 0.0511126 0.0177612 -0.00335696 0 0.0142587 -0.0537747 -0.0229425 -0.00412871 0.0731482 -0.0612369 -0.0344278 -0.099389 0.0172662 0.0218112 0.00658382 
0.0163159 0.0328041 -0.0247516 0.0311027 -0.0142587 0 0.0841081 0.00372548 0.000819974 -0.023841 -0.0987287 0.0208425 -0.0148755 0.0430496 0.0222613 -0.0398256 
-0.095487 -0.0343601 -0.0557307 0.0319945 0.0537747 -0.0841081 0 -0.0671465 0.059427 0.0523856 -0.0672779 -0.0657635 0.00154512 -0.092418 0.0137115 0.0981823 
0.0739803 -0.0654555 -0.0165268 -0.0594281 0.0229425 -0.00372548 0.0671465 0 -0.0162722 -0.0319544 0.0466408 0.0975656 -0.0659276 -0.081341 -0.0540043 -0.00284809 
-0.0368458 0.0751969 0.0885081 -0.048675 0.00412871 -0.000819974 -0.059427 0.0162722 0 0.0586177 -0.0144772 -0.0449383 -0.0921871 0.0160553 0.0433291 -0.0746098 
-0.0797114 0.0974661 -0.0389901 0.0885647 -0.0731482 0.023841 -0.0523856 0.0319544 -0.0586177 0 -0.0626701 -0.0171301 -0.0940854 0.0831496 0.0223154 0.0146593 
-0.0312793 0.0198456 -0.092673 0.0685434 0.0612369 0.0987287 0.0672779 -0.0466408 0.0144772 0.0626701 0 -0.0621131 0.069476 -0.0323738 0.0870108 -0.0648779 
-0.0118646 -0.0880286 0.0885916 0.0215312 0.0344278 -0.0208425 0.0657635 -0.0975656 0.0449383 0.0171301 0.0621131 0 0.0812666 -0.058603 0.0724727 0.0586299 
0.0482183 -0.0882244 -0.0491211 -0.0881868 0.099389 0.0148755 -0.00154512 0.0659276 0.0921871 0.0940854 -0.069476 -0.0812666 0 0.075055 -0.00204941 0.0415787 
-0.049871 -0.0381891 -0.0438483 -0.0118522 -0.0172662 -0.0430496 0.092418 0.081341 -0.0160553 -0.0831496 0.0323738 0.058603 -0.075055 0 -0.00253365 0.00689114 
-0.00506246 0.00649039 0.0221018 0.0785771 -0.0218112 -0.0222613 -0.0137115 0.0540043 -0.0433291 -0.0223154 -0.0870108 -0.0724727 0.00204941 0.00253365 0 0.0867336 
0.0495095 -0.0244449 0.0111483 -0.0291977 -0.00658382 0.0398256 -0.0981823 0.00284809 0.0746098 -0.0146593 0.0648779 -0.0586299 -0.0415787 -0.00689114 -0.0867336 0 
