15

16000 4500

30 55 80

2

0 87020 68200 97400 98981 75370 78820 77080 72160 44640 96311 99851 81970 61770 47060 51760 
86920 0 152630 72541 138422 92980 135330 136960 155710 124830 141702 140822 83320 77230 43440 111310 
69350 152450 0 158980 98420 103360 104790 60470 6220 61590 92950 101990 118071 122260 109130 59620 
97760 72323 158660 0 185955 149712 92330 189724 162620 109320 189235 188355 142892 40260 87770 149440 
101180 138662 99170 185784 0 44130 172140 39590 100370 130370 9320 5540 62870 158322 99813 48750 
76360 92940 103570 151121 44010 0 148790 58830 104770 114610 51640 43960 21180 127820 61190 45390 
78480 135300 105220 92600 169610 149160 0 140100 109180 48680 164251 173291 158740 60080 117750 122610 
78380 137360 60720 189403 39460 58640 139570 0 61920 96370 33990 43030 77750 138170 99881 26200 
73240 154930 5940 162870 99800 104740 108680 61850 0 65480 94330 103370 119841 126150 111610 61000 
44380 124980 61880 109110 130281 115060 48780 96760 65840 0 124922 133962 124500 70520 89930 83020 
96780 141782 93560 188904 9300 51470 166890 33980 94760 125130 0 10730 70210 157740 102933 43510 
103650 141132 102450 188254 5560 44070 175671 42870 103650 134020 10620 0 62331 160792 102283 52400 
82210 83300 118900 144751 62720 21230 159150 78010 120470 124850 70350 62200 0 126480 57670 64820 
61820 77270 122160 39850 159370 127800 60080 138250 126120 69660 157491 161770 126590 0 70660 112940 
47070 43390 109260 87770 100143 61370 117980 99511 112340 90270 103423 102543 58000 70700 0 73861 
53220 111650 58810 149730 49170 45140 122670 27030 60010 82900 44150 52920 64530 113010 74171 0 

0 Ciudad_0 0 0 32400 0
1 Ciudad_1 383 6008 20608 766
2 Ciudad_2 142 10033 22282 284
3 Ciudad_3 135 4616 15853 270
4 Ciudad_4 346 10352 14559 692
5 Ciudad_5 457 5301 12750 914
6 Ciudad_6 393 11891 23246 786
7 Ciudad_7 694 7426 20806 1388
8 Ciudad_8 285 18559 25178 570
9 Ciudad_9 407 15250 26201 814
10 Ciudad_10 215 9929 24002 430
11 Ciudad_11 628 8792 18134 1256
12 Ciudad_12 783 20410 24525 1566
13 Ciudad_13 528 11145 15486 1056
14 Ciudad_14 469 16042 18083 938
15 Ciudad_15 363 7909 21403 726

0 0.0722081 0.0336248 0.0365135 -0.0352274 -0.0263367 0.0509009 -0.0962338 -0.0101201 -0.0900782 0.083514 -0.0436382 -0.0893773 -0.0385426 -0.096116 0.0474092 
-0.0722081 0 -0.0911698 0.0772923 -0.0504134 0.0432298 -0.0309608 -0.0429414 0.0152395 0.0132393 0.097389 0.041695 0.0790321 0.0982285 -0.0807936 -0.0396948 
-0.0336248 0.0911698 0 -0.0426101 -0.083576 0.0113199 -0.0731981 0.0832017 -0.00937694 0.0114205 -0.0452788 0.00845669 0.0272913 -0.0479166 -0.0681105 0.0654127 
-0.0365135 -0.0772923 0.0426101 0 -0.0845905 0.0221965 -0.0100795 -0.0994235 -0.0603122 -0.0279009 0.0149053 0.0594699 0.0195211 -0.0289368 0.0606671 0.0677311 
0.0352274 0.0504134 0.083576 0.0845905 0 0.0371484 -0.0631148 -0.00363289 -0.0347639 0.0471931 -0.0903082 -0.0318377 -0.0963957 -0.072249 0.0473199 -0.0619182 
0.0263367 -0.0432298 -0.0113199 -0.0221965 -0.0371484 0 0.0844923 0.0224215 -0.0582456 0.0189235 0.0645909 -0.0480372 0.00315257 0.0658322 -0.0799904 0.0626846 
-0.0509009 0.0309608 0.0731981 0.0100795 0.0631148 -0.0844923 0 -0.0538053 0.0776081 -0.0604656 -0.0869029 -0.0141367 0.0664651 0.0227321 -0.012944 -0.0133367 
0.0962338 0.0429414 -0.0832017 0.0994235 0.00363289 -0.0224215 0.0538053 0 -0.00542364 0.0482837 0.0227955 0.0574112 0.0500141 -0.0817095 -0.0427427 0.0534705 
0.0101201 -0.0152395 0.00937694 0.0603122 0.0347639 0.0582456 -0.0776081 0.00542364 0 -0.0658986 -0.0508906 -0.0723702 -0.029327 -0.0812383 -0.0155708 0.064573 
0.0900782 -0.0132393 -0.0114205 0.0279009 -0.0471931 -0.0189235 0.0604656 -0.0482837 0.0658986 0 0.0598496 0.0368719 0.0126287 0.0854089 -0.0756364 0.0308948 
-0.083514 -0.097389 0.0452788 -0.0149053 0.0903082 -0.0645909 0.0869029 -0.0227955 0.0508906 -0.0598496 0 0.0244446 0.0748785 -0.0576473 0.0673454 0.0652464 
0.0436382 -0.041695 -0.00845669 -0.0594699 0.0318377 0.0480372 0.0141367 -0.0574112 0.0723702 -0.0368719 -0.0244446 0 -0.0771083 0.0592906 -0.0501984 -0.0730998 
0.0893773 -0.0790321 -0.0272913 -0.0195211 0.0963957 -0.00315257 -0.0664651 -0.0500141 0.029327 -0.0126287 -0.0748785 0.0771083 0 -0.0159044 0.0492353 -9.30484e-05 
0.0385426 -0.0982285 0.0479166 0.0289368 0.072249 -0.0658322 -0.0227321 0.0817095 0.0812383 -0.0854089 0.0576473 -0.0592906 0.0159044 0 -0.010639 0.0541212 
0.096116 0.0807936 0.0681105 -0.0606671 -0.0473199 0.0799904 0.012944 0.0427427 0.0155708 0.0756364 -0.0673454 0.0501984 -0.0492353 0.010639 0 -0.0256436 
-0.0474092 0.0396948 -0.0654127 -0.0677311 0.0619182 -0.0626846 0.0133367 -0.0534705 -0.064573 -0.0308948 -0.0652464 0.0730998 9.30484e-05 -0.0541212 0.0256436 0 
