15

16000 4500

30 55 80

2

0 43740 60350 20440 30030 28060 50800 30780 76780 23700 33800 42440 66170 39380 38150 16940 
43080 0 62400 36390 15910 45910 85230 19800 104180 21570 11370 38080 88770 70410 61940 29400 
60140 62360 0 41220 58280 35120 64440 68000 58860 63620 62740 87280 43810 47970 40290 50510 
20540 36370 41240 0 23320 11750 49190 28980 71160 24600 28440 48260 56290 34370 26671 11490 
29920 15880 58280 23310 0 33150 71930 11800 93100 11010 5940 30920 77690 57330 49180 14460 
27640 45980 35020 11970 33310 0 42890 38750 61410 34370 38430 57960 46000 27130 16630 21260 
51510 85050 64370 49040 72000 42890 0 75940 46180 70310 77120 89990 37790 17780 27870 59630 
30750 20250 68220 28960 11890 38730 75280 0 98680 7510 9930 19450 83270 61901 54182 18150 
76560 104240 58930 70570 93090 61340 45880 98051 0 93671 98210 114730 15400 38320 45120 81040 
23850 21980 63720 24460 10890 34230 69430 7810 93941 0 11660 27090 78770 57151 49432 13650 
32010 13000 62710 28500 5910 38340 76030 8570 98290 10340 0 26850 82880 62520 54370 18760 
42480 38250 87280 48020 30900 57790 89140 19320 115120 26570 27930 0 102330 77720 72371 37210 
66580 88840 43850 56350 77690 45940 38040 83130 15400 78750 82810 102410 0 29370 34850 65640 
39690 70340 48030 34330 57290 26870 17940 61811 39310 57431 62410 77860 29720 0 11780 45460 
38040 61900 40370 26760 49230 16620 27740 54171 45850 49791 54350 72470 34880 11980 0 37180 
16980 29310 50950 11690 14490 21460 58750 17960 81410 13580 19370 37240 66000 45710 37490 0 

0 Ciudad_0 0 0 32400 0
1 Ciudad_1 758 2333 16933 1516
2 Ciudad_2 103 9731 21980 206
3 Ciudad_3 444 11697 22934 888
4 Ciudad_4 576 19250 23457 1152
5 Ciudad_5 574 20881 28330 1148
6 Ciudad_6 133 10972 22327 266
7 Ciudad_7 286 8877 22257 572
8 Ciudad_8 398 11415 18034 796
9 Ciudad_9 300 3660 14611 600
10 Ciudad_10 693 7558 21631 1386
11 Ciudad_11 197 20101 29443 394
12 Ciudad_12 308 9900 14015 616
13 Ciudad_13 818 9866 14207 1636
14 Ciudad_14 561 23240 25281 1122
15 Ciudad_15 738 8794 22288 1476

0 0.0139322 0.0880389 0.0262935 0.0429141 0.0728451 0.0281466 0.057214 0.0537711 -0.0750406 -0.0479638 -0.0837572 -0.0495818 -0.0435793 0.00515091 -0.0596904 
-0.0139322 0 0.0346473 -0.0919158 0.0891953 -0.00971586 -0.0734727 0.0398435 0.0332519 -0.0388025 -0.0745156 0.0558423 0.0989627 -0.0944169 0.0238809 -0.0245937 
-0.0880389 -0.0346473 0 0.0534765 -0.0662435 0.0954252 0.0478768 0.098738 0.0106978 0.0378594 -0.0903308 -0.0985058 0.0906838 -0.00975237 -0.0398714 0.0485163 
-0.0262935 0.0919158 -0.0534765 0 -0.00857632 -0.0476487 -0.0278098 0.0577609 0.0415906 0.0459424 0.0273901 0.0390917 0.0824903 0.00537669 0.0690526 -0.0767267 
-0.0429141 -0.0891953 0.0662435 0.00857632 0 0.0926447 -0.0284524 0.0519534 -0.0158204 0.0768534 0.081416 0.0652759 0.0214136 0.0137716 -0.0629324 0.0462985 
-0.0728451 0.00971586 -0.0954252 0.0476487 -0.0926447 0 -0.0736091 0.0157354 0.0188972 -0.0550981 0.0623744 -0.0511311 -0.0396715 0.049681 -0.0525144 0.0969665 
-0.0281466 0.0734727 -0.0478768 0.0278098 0.0284524 0.0736091 0 0.0349122 0.0992053 -0.0566771 0.0695896 -0.0767614 -0.0471891 -0.0925945 0.0497327 0.0704208 
-0.057214 -0.0398435 -0.098738 -0.0577609 -0.0519534 -0.0157354 -0.0349122 0 0.0445626 0.016775 -0.0980238 -0.0206838 -0.026728 -0.0203018 0.0927599 0.0381716 
-0.0537711 -0.0332519 -0.0106978 -0.0415906 0.0158204 -0.0188972 -0.0992053 -0.0445626 0 -0.0114112 -0.0642932 -0.065086 -0.0907101 0.0169537 -0.00797962 0.0307505 
0.0750406 0.0388025 -0.0378594 -0.0459424 -0.0768534 0.0550981 0.0566771 -0.016775 0.0114112 0 -0.0420312 -0.0771292 -0.00423181 0.0506192 -0.0902489 0.047733 
0.0479638 0.0745156 0.0903308 -0.0273901 -0.081416 -0.0623744 -0.0695896 0.0980238 0.0642932 0.0420312 0 0.0273881 -0.0955215 -0.0516204 -0.036961 -0.0652224 
0.0837572 -0.0558423 0.0985058 -0.0390917 -0.0652759 0.0511311 0.0767614 0.0206838 0.065086 0.0771292 -0.0273881 0 0.0880998 -0.0758758 -0.00379549 0.00407511 
0.0495818 -0.0989627 -0.0906838 -0.0824903 -0.0214136 0.0396715 0.0471891 0.026728 0.0907101 0.00423181 0.0955215 -0.0880998 0 0.0276265 -0.0582653 0.0127682 
0.0435793 0.0944169 0.00975237 -0.00537669 -0.0137716 -0.049681 0.0925945 0.0203018 -0.0169537 -0.0506192 0.0516204 0.0758758 -0.0276265 0 -0.0252289 -0.00540939 
-0.00515091 -0.0238809 0.0398714 -0.0690526 0.0629324 0.0525144 -0.0497327 -0.0927599 0.00797962 0.0902489 0.036961 0.00379549 0.0582653 0.0252289 0 -0.0259935 
0.0596904 0.0245937 -0.0485163 0.0767267 -0.0462985 -0.0969665 -0.0704208 -0.0381716 -0.0307505 -0.047733 0.0652224 -0.00407511 -0.0127682 0.00540939 0.0259935 0 
