15

16000 4500

30 55 80

2

0 86040 50540 67720 86261 44710 33650 84410 45530 78470 30820 30800 37860 99630 47410 33490 
85880 0 67090 97131 85690 45730 54090 33020 88620 75870 60970 69430 57650 19330 72250 77270 
50990 67180 0 113110 117670 65550 59500 46910 92450 109160 53880 74300 71430 74320 88250 78880 
68160 98071 113490 0 43070 57591 58650 118031 28340 45930 64470 40230 45941 115951 28930 35610 
85901 85160 117630 42430 0 53130 61300 112150 54261 10930 71100 55311 49740 98480 41501 57441 
44600 45840 65660 55811 53120 0 11860 64330 44280 44610 22510 25090 12950 63710 28680 32930 
33460 54050 59650 57831 61510 11860 0 63070 41640 53400 11110 22270 13880 70130 30700 30290 
83940 32810 46610 116871 111800 63940 62600 0 102681 103290 62030 83311 73700 29730 90520 91331 
45510 88840 92550 28490 54611 44580 41590 103211 0 54880 46510 21190 32320 106710 22850 16010 
77940 75090 109070 45740 10890 44570 53070 103590 54820 0 62870 50070 41510 88410 40160 56100 
30740 60860 53830 64270 71330 22230 11050 62410 46750 63220 0 27160 22410 74860 38610 32900 
30590 69880 74210 40120 55931 25620 22890 84591 21370 50930 26970 0 13360 87750 17080 9240 
37920 57440 71830 44511 49710 12820 13940 74470 32470 41600 22330 13280 0 75310 17380 21120 
99440 19340 74740 115101 98180 63700 70190 29810 106590 88360 75130 87400 75620 0 90220 95240 
46740 72150 88630 28320 41311 28940 30740 90940 23160 40270 38220 16150 17290 90020 0 21950 
33490 77250 78820 35130 57241 32990 30000 91621 15840 56200 32870 8760 20730 95120 21940 0 

0 Ciudad_0 0 0 32400 0
1 Ciudad_1 285 11867 26467 570
2 Ciudad_2 781 6305 18554 1562
3 Ciudad_3 188 13139 24376 376
4 Ciudad_4 653 15981 20188 1306
5 Ciudad_5 498 4575 12024 996
6 Ciudad_6 539 17570 28925 1078
7 Ciudad_7 207 6890 20270 414
8 Ciudad_8 332 13658 20277 664
9 Ciudad_9 470 4815 15766 940
10 Ciudad_10 192 5114 19187 384
11 Ciudad_11 295 11076 20418 590
12 Ciudad_12 702 12186 16301 1404
13 Ciudad_13 417 12218 16559 834
14 Ciudad_14 402 20454 22495 804
15 Ciudad_15 779 7508 21002 1558

0 0.0870614 0.0544961 -0.0979039 -0.0387015 0.0832244 0.0312212 0.0300159 -0.0852926 -0.0185045 -0.017617 0.0738466 -0.0371626 -0.0864325 -0.0964549 0.0219127 
-0.0870614 0 -0.0646931 -0.0646524 -0.0637255 0.0595217 0.0526157 0.0906737 -0.0907009 0.0311457 0.0971015 -0.0767537 0.0906997 -0.0137974 -0.0349823 -0.0822471 
-0.0544961 0.0646931 0 0.0904386 -0.017359 0.0947328 0.0436029 0.0920669 0.0202922 -0.0731102 0.0492933 -0.0172696 -0.0736557 0.0334752 0.0770172 -0.00777641 
0.0979039 0.0646524 -0.0904386 0 -0.00208592 0.0940433 -0.0276736 -0.0442414 0.0551697 0.0814846 0.0393471 -0.0886376 0.0203664 0.0715394 -0.0175137 -0.0630354 
0.0387015 0.0637255 0.017359 0.00208592 0 0.0350604 0.0828718 0.00681706 0.00441676 0.00272859 0.084262 0.0841541 0.065113 0.0189917 0.0401029 -0.0258539 
-0.0832244 -0.0595217 -0.0947328 -0.0940433 -0.0350604 0 -0.0679314 0.028756 0.0306187 0.0662941 0.0350469 0.0478093 -0.0233505 -0.0756978 -0.043784 -0.0536022 
-0.0312212 -0.0526157 -0.0436029 0.0276736 -0.0828718 0.0679314 0 -0.0365344 -0.0810435 0.0134507 0.0347541 0.00719734 0.00263266 -0.0912674 0.0960222 -0.0130167 
-0.0300159 -0.0906737 -0.0920669 0.0442414 -0.00681706 -0.028756 0.0365344 0 -0.0478298 0.0133804 0.0502865 0.0727051 -0.0659395 -0.0677967 -0.0276521 0.0928101 
0.0852926 0.0907009 -0.0202922 -0.0551697 -0.00441676 -0.0306187 0.0810435 0.0478298 0 0.0314148 0.0577864 -0.0514421 0.0554359 0.000867039 -0.0862395 0.0525781 
0.0185045 -0.0311457 0.0731102 -0.0814846 -0.00272859 -0.0662941 -0.0134507 -0.0133804 -0.0314148 0 -0.0993746 0.0384338 -0.0154953 0.0674683 0.0192857 -0.0532495 
0.017617 -0.0971015 -0.0492933 -0.0393471 -0.084262 -0.0350469 -0.0347541 -0.0502865 -0.0577864 0.0993746 0 0.00869038 -0.00147187 -0.0501395 0.0135257 -0.0498485 
-0.0738466 0.0767537 0.0172696 0.0886376 -0.0841541 -0.0478093 -0.00719734 -0.0727051 0.0514421 -0.0384338 -0.00869038 0 0.0325084 0.0188683 0.00286178 0.0286833 
0.0371626 -0.0906997 0.0736557 -0.0203664 -0.065113 0.0233505 -0.00263266 0.0659395 -0.0554359 0.0154953 0.00147187 -0.0325084 0 -0.0380513 0.0435494 0.068377 
0.0864325 0.0137974 -0.0334752 -0.0715394 -0.0189917 0.0756978 0.0912674 0.0677967 -0.000867039 -0.0674683 0.0501395 -0.0188683 0.0380513 0 -0.0284632 0.0495243 
0.0964549 0.0349823 -0.0770172 0.0175137 -0.0401029 0.043784 -0.0960222 0.0276521 0.0862395 -0.0192857 -0.0135257 -0.00286178 -0.0435494 0.0284632 0 0.0682671 
-0.0219127 0.0822471 0.00777641 0.0630354 0.0258539 0.0536022 0.0130167 -0.0928101 -0.0525781 0.0532495 0.0498485 -0.0286833 -0.068377 -0.0495243 -0.0682671 0 
