15

16000 4500

30 55 80

2

0 25990 98720 41830 56970 12150 14890 64000 24710 43890 39170 64861 48190 31360 75610 64490 
25530 0 121230 18260 75491 25830 38320 40440 43620 49680 53031 41301 60951 32020 52050 49940 
99260 121670 0 137641 49600 106080 89880 159811 84680 86370 71220 160672 65090 103800 171421 152060 
41540 17890 137991 0 88781 43140 55230 29510 57880 62970 66321 38330 74241 45270 41120 37130 
57090 75211 49500 88531 0 63910 47710 110701 36000 37740 22590 111562 16460 55170 122311 112792 
12220 25590 105990 43220 64240 0 20060 65400 36110 55290 50570 66261 59590 43240 77010 62840 
14890 38250 89570 55420 47820 20170 0 77590 33160 52340 47620 78451 56640 44870 89200 68902 
63720 40070 160171 29480 110961 65320 77410 0 80060 85150 88501 22500 96421 67450 11740 51300 
24780 44350 84580 58191 36340 36110 33100 80361 0 25570 15260 81222 24280 26870 91971 87640 
44150 49890 86430 63210 38330 55480 52470 85380 25650 0 19490 86241 22740 21690 96990 96720 
38980 53201 71140 66521 23040 50310 47300 88691 15190 19600 0 89552 9600 34340 100301 100031 
63961 40311 160412 36760 111202 65561 77651 22540 80301 85391 88742 0 96662 67691 24200 58580 
47770 61391 65010 74711 16910 59100 56090 96881 23980 22750 9370 97742 0 40220 108491 108221 
31280 32220 103390 45430 55290 43090 44560 67600 27040 21730 34070 68461 39860 0 79210 78940 
75210 51560 171661 40970 122451 76810 88900 11620 91550 96640 99991 23840 107911 78940 0 62790 
64490 49700 150920 37060 112170 62850 67750 51110 87660 96590 99941 59930 107861 78890 62720 0 

0 Ciudad_0 0 0 32400 0
1 Ciudad_1 385 6147 20747 770
2 Ciudad_2 550 11327 23576 1100
3 Ciudad_3 375 9625 20862 750
4 Ciudad_4 124 13667 17874 248
5 Ciudad_5 393 16505 23954 786
6 Ciudad_6 142 4094 15449 284
7 Ciudad_7 411 10880 24260 822
8 Ciudad_8 168 4880 11499 336
9 Ciudad_9 400 15307 26258 800
10 Ciudad_10 408 4218 18291 816
11 Ciudad_11 565 7278 16620 1130
12 Ciudad_12 800 10280 14395 1600
13 Ciudad_13 642 21007 25348 1284
14 Ciudad_14 141 24564 26605 282
15 Ciudad_15 123 11714 25208 246

0 0.0133897 -0.0477004 0.0442052 0.0241008 0.0591812 -0.0329685 0.0509352 0.0720575 -0.0816072 0.0214582 -0.0427528 0.0825981 0.0734394 -0.00827509 -0.0404459 
-0.0133897 0 0.06251 0.0485445 -0.00846607 0.0676459 0.0165172 -0.0998452 -0.0537224 0.0594389 0.00238345 0.0110816 0.0799213 0.00947036 0.0669317 0.0162026 
0.0477004 -0.06251 0 -0.0910602 -0.0153676 0.0944051 0.0281378 0.040018 -0.0447053 0.0880333 -0.0250305 -0.0653996 0.0192142 -0.00744028 -0.0926925 0.0507566 
-0.0442052 -0.0485445 0.0910602 0 -0.0196354 -0.0374379 0.0153213 -0.0782828 -0.0603089 0.0852376 0.00482536 -0.0224497 -0.0673956 0.024988 0.00620209 0.0377838 
-0.0241008 0.00846607 0.0153676 0.0196354 0 0.0814055 0.0709091 0.0489624 -0.0428828 -0.0441602 -0.0634077 0.0191706 0.0723312 0.0442904 -0.0959218 0.00778018 
-0.0591812 -0.0676459 -0.0944051 0.0374379 -0.0814055 0 -0.027578 -0.0994173 -0.036504 0.0079865 0.0717178 -0.0774666 0.00601489 0.0278 0.000853882 0.0640942 
0.0329685 -0.0165172 -0.0281378 -0.0153213 -0.0709091 0.027578 0 -0.0718072 0.00917606 -0.0664999 -0.0220645 0.0313114 0.0107531 -0.0559834 -0.0181327 -0.0206608 
-0.0509352 0.0998452 -0.040018 0.0782828 -0.0489624 0.0994173 0.0718072 0 0.0353999 0.00791688 -0.0400953 -0.0919268 -0.0411167 0.031777 -0.0941973 0.0111807 
-0.0720575 0.0537224 0.0447053 0.0603089 0.0428828 0.036504 -0.00917606 -0.0353999 0 -0.0916496 0.0711529 0.0570987 -0.0190194 -0.0414366 -0.0687926 0.0410522 
0.0816072 -0.0594389 -0.0880333 -0.0852376 0.0441602 -0.0079865 0.0664999 -0.00791688 0.0916496 0 5.10773e-05 0.0411592 0.0388773 0.0609126 -0.0416173 0.0103809 
-0.0214582 -0.00238345 0.0250305 -0.00482536 0.0634077 -0.0717178 0.0220645 0.0400953 -0.0711529 -5.10773e-05 0 0.048154 -0.0706473 0.0972297 0.0452392 0.0775917 
0.0427528 -0.0110816 0.0653996 0.0224497 -0.0191706 0.0774666 -0.0313114 0.0919268 -0.0570987 -0.0411592 -0.048154 0 0.0601711 0.0691312 -0.0399539 -0.0170032 
-0.0825981 -0.0799213 -0.0192142 0.0673956 -0.0723312 -0.00601489 -0.0107531 0.0411167 0.0190194 -0.0388773 0.0706473 -0.0601711 0 -0.0824163 -0.00334236 0.00248648 
-0.0734394 -0.00947036 0.00744028 -0.024988 -0.0442904 -0.0278 0.0559834 -0.031777 0.0414366 -0.0609126 -0.0972297 -0.0691312 0.0824163 0 -0.018818 -0.0107218 
0.00827509 -0.0669317 0.0926925 -0.00620209 0.0959218 -0.000853882 0.0181327 0.0941973 0.0687926 0.0416173 -0.0452392 0.0399539 0.00334236 0.018818 0 -0.0640763 
0.0404459 -0.0162026 -0.0507566 -0.0377838 -0.00778018 -0.0640942 0.0206608 -0.0111807 -0.0410522 -0.0103809 -0.0775917 0.0170032 -0.00248648 0.0107218 0.0640763 0 
