15

16000 4500

30 55 80

2

0 37350 13430 34340 7950 44440 69860 56450 19840 54920 90331 55520 25360 93830 65850 42960 
37440 0 37010 58040 45200 13230 78831 31030 27470 23830 59310 52800 18900 58060 66060 30160 
13490 36920 0 24880 18590 43670 58350 53320 28100 58730 94810 44010 22720 93030 74120 49430 
33620 57990 24880 0 34060 64740 41780 65570 51310 79800 116071 51410 43790 114490 92420 72690 
7970 45080 18620 34260 0 52170 73570 64040 27570 62650 98061 60710 32950 101580 59820 46640 
44560 13340 43890 64910 52320 0 77301 21180 38970 34360 61880 48200 22820 51320 78600 43210 
69700 79861 58130 41790 73580 77561 0 70610 81680 103061 134691 39300 61890 124010 127700 99940 
55970 31020 53540 65660 63470 21060 70510 0 51880 52960 82000 35080 32360 54670 96360 60960 
19820 26920 28250 51260 27580 39120 81940 52080 0 41490 76571 63260 27600 84510 46240 23650 
54810 23590 58950 79980 62570 34380 102071 53170 41350 0 38590 76040 42140 49430 52290 32040 
89581 59320 94891 115921 97341 62100 134671 82340 75811 38870 0 108650 77350 41440 65930 57490 
55450 53890 43880 51400 60550 48270 39550 35290 64060 77090 108870 0 40210 87840 109170 76780 
24860 19010 22430 43450 32360 22660 61980 32640 27060 42210 76980 39350 0 72020 72650 41900 
93990 57950 93190 114620 101750 51320 124240 54710 84840 49390 41330 87770 72120 0 97350 79210 
65750 65580 74180 92860 60240 78440 127870 96410 46110 52390 65680 108260 72710 96460 0 36380 
42990 29790 49540 72730 46700 43020 100270 60820 23590 32120 57590 76070 42170 79320 36410 0 

0 Ciudad_0 0 0 32400 0
1 Ciudad_1 345 2330 5735 690
2 Ciudad_2 132 26576 30488 264
3 Ciudad_3 703 17161 21294 1406
4 Ciudad_4 159 7455 9982 318
5 Ciudad_5 215 18304 20742 430
6 Ciudad_6 408 12318 15318 816
7 Ciudad_7 625 24186 27211 1250
8 Ciudad_8 130 23252 25597 260
9 Ciudad_9 212 5862 9965 424
10 Ciudad_10 706 12693 15210 1412
11 Ciudad_11 263 4520 7619 526
12 Ciudad_12 770 24549 29235 1540
13 Ciudad_13 425 18016 21946 850
14 Ciudad_14 573 20085 24758 1146
15 Ciudad_15 126 14879 17717 252

0 -0.0273411 -0.0574691 0.0520782 -0.0259115 0.0055019 0.0876743 -0.0280001 -0.0532435 -0.0898616 -0.0146034 0.0624043 0.0944259 -0.0745887 -0.0998065 -0.0428189 
0.0273411 0 0.0624611 -0.0628053 0.078884 0.0942504 0.0650861 -0.0721323 0.055741 0.0334555 -0.0710805 0.08339 -0.0132734 -0.0550482 -0.082118 -0.0473415 
0.0574691 -0.0624611 0 -0.0694174 -0.0725674 0.0398444 -0.0972648 -0.0970611 0.00505262 0.0705417 -0.0883888 -0.00534224 0.0657874 -0.0949973 -0.0259026 -0.0968597 
-0.0520782 0.0628053 0.0694174 0 0.0770521 0.0117602 -0.081174 0.0242005 -0.0212131 -0.077641 -0.0937103 -0.0357321 0.0827325 0.0289983 0.0382865 -0.0619675 
0.0259115 -0.078884 0.0725674 -0.0770521 0 0.044584 0.092572 -0.0525459 -0.00811445 -0.0301431 -0.000619541 -0.0666056 0.037294 0.00522391 0.0941772 -0.0324301 
-0.0055019 -0.0942504 -0.0398444 -0.0117602 -0.044584 0 -0.0529218 0.0388971 0.00608459 0.00254568 -0.053178 0.0267824 0.0802469 -0.0279632 -0.013635 0.0872819 
-0.0876743 -0.0650861 0.0972648 0.081174 -0.092572 0.0529218 0 -0.0353796 -0.0830198 0.0292768 -0.0549629 -0.0714853 -0.0579661 -0.0292809 0.0698135 -0.0329848 
0.0280001 0.0721323 0.0970611 -0.0242005 0.0525459 -0.0388971 0.0353796 0 -0.0951837 0.0957135 -0.0740593 -0.0786539 0.00908731 -0.0175548 -0.0210904 0.0519633 
0.0532435 -0.055741 -0.00505262 0.0212131 0.00811445 -0.00608459 0.0830198 0.0951837 0 0.00268913 -0.0651348 -0.0212708 0.0343647 -0.0748444 -0.0254701 0.061763 
0.0898616 -0.0334555 -0.0705417 0.077641 0.0301431 -0.00254568 -0.0292768 -0.0957135 -0.00268913 0 0.0554249 0.0387998 -0.039273 0.0335867 0.0479521 -0.0256736 
0.0146034 0.0710805 0.0883888 0.0937103 0.000619541 0.053178 0.0549629 0.0740593 0.0651348 -0.0554249 0 0.0387122 0.0103293 -0.0205183 0.0551552 -0.0571248 
-0.0624043 -0.08339 0.00534224 0.0357321 0.0666056 -0.0267824 0.0714853 0.0786539 0.0212708 -0.0387998 -0.0387122 0 0.0227587 -0.00669958 0.0432489 0.0644858 
-0.0944259 0.0132734 -0.0657874 -0.0827325 -0.037294 -0.0802469 0.0579661 -0.00908731 -0.0343647 0.039273 -0.0103293 -0.0227587 0 0.0474157 0.0188877 0.00530683 
0.0745887 0.0550482 0.0949973 -0.0289983 -0.00522391 0.0279632 0.0292809 0.0175548 0.0748444 -0.0335867 0.0205183 0.00669958 -0.0474157 0 0.0791406 -0.000775122 
0.0998065 0.082118 0.0259026 -0.0382865 -0.0941772 0.013635 -0.0698135 0.0210904 0.0254701 -0.0479521 -0.0551552 -0.0432489 -0.0188877 -0.0791406 0 0.0326856 
0.0428189 0.0473415 0.0968597 0.0619675 0.0324301 -0.0872819 0.0329848 -0.0519633 -0.061763 0.0256736 0.0571248 -0.0644858 -0.00530683 0.000775122 -0.0326856 0 
