15

16000 4500

30 55 80

2

0 68440 75601 34670 38210 73960 62520 92340 29640 73520 14940 79890 65580 82860 73220 58790 
68380 0 96810 39890 67790 96680 56640 60220 94981 10850 56080 27680 52880 47810 19600 56670 
74001 95890 0 73511 51170 9960 116111 142131 103171 96770 61641 120840 64800 130751 95010 51120 
33950 40240 73791 0 36400 72150 45220 70310 59540 47260 23040 50570 52020 58530 50050 49280 
36250 67340 51250 35760 0 46100 78360 104380 65420 71240 23890 85040 53140 93000 69660 44010 
72500 95670 9840 72010 45950 0 114610 140630 101670 96550 60140 120620 65550 129250 94790 51870 
61790 56280 116441 45190 79050 114800 0 29890 81880 65591 63400 38740 91620 26250 73741 90860 
91410 60170 141731 70070 104340 140090 29650 0 111530 68540 90980 33760 105320 14150 78490 107760 
30010 94962 104121 60230 66730 102480 81290 111180 0 101823 44310 103660 94950 103980 102590 87310 
72770 10590 96980 46550 71440 96850 65970 68480 101662 0 60410 35460 49440 56850 11120 55820 
13920 56370 61781 22730 24390 60140 62120 90100 43410 60970 0 71300 52850 78880 60670 44970 
79370 27540 121150 50290 85400 121150 38900 33810 103850 35330 72040 0 79450 23150 45860 81930 
64360 53400 65331 52330 53910 65961 91300 105340 93850 50200 52000 79440 0 91890 44370 15821 
82240 47990 130461 58110 93070 128820 26290 14150 104690 57080 79710 23100 91860 0 66340 94300 
72680 19870 95930 50280 70990 95800 74471 78830 102460 11110 60320 46120 44780 66420 0 53340 
57940 56620 51100 49500 44560 51730 91320 107900 87110 56630 45580 82000 15280 94450 53440 0 

0 Ciudad_0 0 0 32400 0
1 Ciudad_1 155 23021 26426 310
2 Ciudad_2 276 24610 28522 552
3 Ciudad_3 233 2012 6145 466
4 Ciudad_4 208 22801 25328 416
5 Ciudad_5 258 13920 16358 516
6 Ciudad_6 457 8158 11158 914
7 Ciudad_7 823 17703 20728 1646
8 Ciudad_8 504 2175 4520 1008
9 Ciudad_9 512 10315 14418 1024
10 Ciudad_10 347 1101 3618 694
11 Ciudad_11 559 20929 24028 1118
12 Ciudad_12 369 9880 14566 738
13 Ciudad_13 299 9679 13609 598
14 Ciudad_14 422 16809 21482 844
15 Ciudad_15 260 25812 28650 520

0 -0.0632408 -0.0773994 0.0721537 0.00810557 -0.03763 0.00983028 0.0202327 -0.0226245 0.0100058 -0.0213943 -0.0793153 -0.0826744 -0.0520397 0.0662946 -0.0144336 
0.0632408 0 0.0675004 0.0168709 -0.0617046 -0.0187516 -0.0988143 0.0251775 0.028659 -0.0390452 -0.00845828 -0.0771375 0.0251156 -0.0942849 -0.0491876 -0.0589819 
0.0773994 -0.0675004 0 -0.00852506 -0.0414298 0.0221208 -0.096344 0.00317448 0.073988 0.0979268 0.0694018 0.0964504 -0.0255419 -0.0742032 0.0460957 0.0854895 
-0.0721537 -0.0168709 0.00852506 0 -0.0925767 -0.055868 0.0123651 0.0406789 0.0648445 0.0786874 0.0282525 -0.0273636 0.010927 0.0844578 0.0198939 0.0292401 
-0.00810557 0.0617046 0.0414298 0.0925767 0 0.0708243 0.00529671 -0.0324685 0.0427927 0.0619764 0.0641107 0.0560762 0.0723462 0.0283661 0.00276278 0.0948492 
0.03763 0.0187516 -0.0221208 0.055868 -0.0708243 0 0.0094441 0.0254719 0.0550759 -0.00757411 -0.0884209 0.00469388 -0.0449688 0.0398726 0.0258295 0.0222399 
-0.00983028 0.0988143 0.096344 -0.0123651 -0.00529671 -0.0094441 0 0.0121205 -0.0071716 0.0471111 0.0281373 0.0688588 -0.055605 0.0352663 -0.0818748 0.0806495 
-0.0202327 -0.0251775 -0.00317448 -0.0406789 0.0324685 -0.0254719 -0.0121205 0 -0.0556191 0.0689522 -0.0259922 0.0588999 0.0737322 -0.0755343 -0.0914183 0.0960921 
0.0226245 -0.028659 -0.073988 -0.0648445 -0.0427927 -0.0550759 0.0071716 0.0556191 0 -0.0157343 0.0449784 0.00384108 0.0925088 0.032712 0.0874296 0.0889012 
-0.0100058 0.0390452 -0.0979268 -0.0786874 -0.0619764 0.00757411 -0.0471111 -0.0689522 0.0157343 0 -0.0259542 0.0110897 -0.0629638 0.0178529 -0.0923764 0.044727 
0.0213943 0.00845828 -0.0694018 -0.0282525 -0.0641107 0.0884209 -0.0281373 0.0259922 -0.0449784 0.0259542 0 0.0439172 -0.0165995 0.0536758 0.0105845 0.0154844 
0.0793153 0.0771375 -0.0964504 0.0273636 -0.0560762 -0.00469388 -0.0688588 -0.0588999 -0.00384108 -0.0110897 -0.0439172 0 0.0605744 0.0915732 -0.0556548 0.0324805 
0.0826744 -0.0251156 0.0255419 -0.010927 -0.0723462 0.0449688 0.055605 -0.0737322 -0.0925088 0.0629638 0.0165995 -0.0605744 0 0.0624155 -0.082917 -0.0723343 
0.0520397 0.0942849 0.0742032 -0.0844578 -0.0283661 -0.0398726 -0.0352663 0.0755343 -0.032712 -0.0178529 -0.0536758 -0.0915732 -0.0624155 0 -0.0746793 -0.05625 
-0.0662946 0.0491876 -0.0460957 -0.0198939 -0.00276278 -0.0258295 0.0818748 0.0914183 -0.0874296 0.0923764 -0.0105845 0.0556548 0.082917 0.0746793 0 0.00823215 
0.0144336 0.0589819 -0.0854895 -0.0292401 -0.0948492 -0.0222399 -0.0806495 -0.0960921 -0.0889012 -0.044727 -0.0154844 -0.0324805 0.0723343 0.05625 -0.00823215 0 
