15

16000 4500

30 55 80

2

0 66730 79600 73390 31670 25390 86180 74630 26380 77990 81670 63930 91240 89290 94550 95690 
66750 0 23800 67840 38120 44920 144380 139220 85131 12800 85670 128520 150590 23130 46720 88360 
79870 23900 0 91260 52030 58240 163021 147790 101711 29290 109090 137090 151121 32690 70220 111780 
73200 67800 91180 0 66670 71140 110760 132610 71170 70990 19600 128620 162370 83380 49850 24880 
31370 38140 51840 65620 0 9100 113930 103400 52711 49400 83040 92700 115710 60700 67170 88620 
25230 44860 57880 69930 9220 0 109530 95220 47640 56120 86430 84520 107530 67420 73890 92930 
86280 144750 163171 110890 114020 109630 0 64491 63890 153170 99820 70570 112890 166600 156970 113420 
74760 139250 147580 132890 103610 95320 64781 0 63520 150510 132231 13670 51170 161810 167920 147461 
26380 85021 101800 71220 53360 47590 63420 63180 0 95180 74171 60250 94950 107581 106960 88431 
78000 12840 29140 71060 49370 56170 153040 150470 95270 0 88890 139770 163070 14140 46110 90210 
81700 85940 109320 19950 83630 87080 100010 132381 74681 89130 0 129451 166071 101520 67990 15470 
63930 128420 136750 128970 92780 84490 70350 13710 60130 139680 128841 0 43650 150980 158571 144071 
91150 148550 151921 161490 115920 107630 112710 51650 94850 160730 165071 43890 0 170940 185220 186262 
89860 23400 32530 83540 61230 68030 166390 162330 108241 14270 101370 151630 173100 0 49890 96870 
94500 46680 69900 49890 67280 74080 156690 167390 106940 46140 67720 158931 185140 49900 0 60490 
95110 88520 111900 24880 89650 94120 113450 146951 88091 90300 15520 144021 185711 96910 60700 0 

0 Ciudad_0 0 0 32400 0
1 Ciudad_1 610 7660 11065 1220
2 Ciudad_2 794 15613 19525 1588
3 Ciudad_3 637 4337 8470 1274
4 Ciudad_4 521 11790 14317 1042
5 Ciudad_5 601 12971 15409 1202
6 Ciudad_6 157 15531 18531 314
7 Ciudad_7 602 19966 22991 1204
8 Ciudad_8 225 2814 5159 450
9 Ciudad_9 468 10044 14147 936
10 Ciudad_10 785 17370 19887 1570
11 Ciudad_11 519 23725 26824 1038
12 Ciudad_12 826 21698 26384 1652
13 Ciudad_13 504 11084 15014 1008
14 Ciudad_14 587 4886 9559 1174
15 Ciudad_15 318 21528 24366 636

0 -0.092213 -0.018152 -0.0731492 0.0398674 -0.00534389 0.0963081 0.00982498 0.058164 -0.0552773 0.081436 -0.0911499 -0.0565827 0.0398342 0.0702878 -0.020425 
0.092213 0 -0.09334 -0.0251699 0.0466587 0.0737748 0.0163755 -0.0904741 -0.0885542 -0.0532494 0.0893056 -0.0395379 -0.0171116 0.0380494 -0.0199138 0.0687065 
0.018152 0.09334 0 -0.0615607 0.0271128 -0.0128665 -0.0108099 -0.0946042 0.0398956 -0.00149129 -0.017259 0.0654683 0.0469911 -0.00918141 -0.0980108 0.0837425 
0.0731492 0.0251699 0.0615607 0 -0.0101647 -0.0987309 -0.0113444 0.0734092 0.0613442 -0.0597639 0.0688794 0.0809415 0.0345807 0.0749738 0.084198 -0.0770828 
-0.0398674 -0.0466587 -0.0271128 0.0101647 0 -0.00451349 0.0648471 -0.0676782 -0.0426794 -0.0405512 -0.0704076 0.0603792 0.093047 -0.0871094 -0.0630482 -0.019574 
0.00534389 -0.0737748 0.0128665 0.0987309 0.00451349 0 -0.090329 -0.0527296 0.0279068 0.0243774 0.0387166 -0.0464659 0.0588656 -0.046349 -0.0467298 0.0294277 
-0.0963081 -0.0163755 0.0108099 0.0113444 -0.0648471 0.090329 0 0.0256931 0.0308869 0.0206853 0.0414158 -0.0228436 -0.0299213 0.0843021 -0.0476846 -0.0279568 
-0.00982498 0.0904741 0.0946042 -0.0734092 0.0676782 0.0527296 -0.0256931 0 -0.0273971 0.0182922 -0.0830737 0.0252387 0.0254609 0.086071 -0.0831181 -0.0403921 
-0.058164 0.0885542 -0.0398956 -0.0613442 0.0426794 -0.0279068 -0.0308869 0.0273971 0 0.0751379 -0.0581608 0.0928579 0.0480488 -0.093032 -0.00200675 0.0962886 
0.0552773 0.0532494 0.00149129 0.0597639 0.0405512 -0.0243774 -0.0206853 -0.0182922 -0.0751379 0 -0.0251579 -0.0467 0.0723846 0.0202019 -0.0706656 0.0322164 
-0.081436 -0.0893056 0.017259 -0.0688794 0.0704076 -0.0387166 -0.0414158 0.0830737 0.0581608 0.0251579 0 0.0322694 -0.0574094 -0.0707488 0.00531992 0.0036377 
0.0911499 0.0395379 -0.0654683 -0.0809415 -0.0603792 0.0464659 0.0228436 -0.0252387 -0.0928579 0.0467 -0.0322694 0 0.022148 -0.0102177 0.0974872 -0.0051403 
0.0565827 0.0171116 -0.0469911 -0.0345807 -0.093047 -0.0588656 0.0299213 -0.0254609 -0.0480488 -0.0723846 0.0574094 -0.022148 0 -0.0745315 -0.044747 0.012065 
-0.0398342 -0.0380494 0.00918141 -0.0749738 0.0871094 0.046349 -0.0843021 -0.086071 0.093032 -0.0202019 0.0707488 0.0102177 0.0745315 0 -0.0132076 -0.0635845 
-0.0702878 0.0199138 0.0980108 -0.084198 0.0630482 0.0467298 0.0476846 0.0831181 0.00200675 0.0706656 -0.00531992 -0.0974872 0.044747 0.0132076 0 -0.099118 
0.020425 -0.0687065 -0.0837425 0.0770828 0.019574 -0.0294277 0.0279568 0.0403921 -0.0962886 -0.0322164 -0.0036377 0.0051403 -0.012065 0.0635845 0.099118 0 
