15

16000 4500

30 55 80

2

0 86040 50540 67720 86261 44710 33650 84410 45530 78470 30820 30800 37860 99630 47410 33490 
85880 0 67090 97131 85690 45730 54090 33020 88620 75870 60970 69430 57650 19330 72250 77270 
50990 67180 0 113110 117670 65550 59500 46910 92450 109160 53880 74300 71430 74320 88250 78880 
68160 98071 113490 0 43070 57591 58650 118031 28340 45930 64470 40230 45941 115951 28930 35610 
85901 85160 117630 42430 0 53130 61300 112150 54261 10930 71100 55311 49740 98480 41501 57441 
44600 45840 65660 55811 53120 0 11860 64330 44280 44610 22510 25090 12950 63710 28680 32930 
33460 54050 59650 57831 61510 11860 0 63070 41640 53400 11110 22270 13880 70130 30700 30290 
83940 32810 46610 116871 111800 63940 62600 0 102681 103290 62030 83311 73700 29730 90520 91331 
45510 88840 92550 28490 54611 44580 41590 103211 0 54880 46510 21190 32320 106710 22850 16010 
77940 75090 109070 45740 10890 44570 53070 103590 54820 0 62870 50070 41510 88410 40160 56100 
30740 60860 53830 64270 71330 22230 11050 62410 46750 63220 0 27160 22410 74860 38610 32900 
30590 69880 74210 40120 55931 25620 22890 84591 21370 50930 26970 0 13360 87750 17080 9240 
37920 57440 71830 44511 49710 12820 13940 74470 32470 41600 22330 13280 0 75310 17380 21120 
99440 19340 74740 115101 98180 63700 70190 29810 106590 88360 75130 87400 75620 0 90220 95240 
46740 72150 88630 28320 41311 28940 30740 90940 23160 40270 38220 16150 17290 90020 0 21950 
33490 77250 78820 35130 57241 32990 30000 91621 15840 56200 32870 8760 20730 95120 21940 0 

0 Ciudad_0 0 0 32400 0
1 Ciudad_1 285 22031 25436 570
2 Ciudad_2 781 22118 26030 1562
3 Ciudad_3 188 12464 16597 376
4 Ciudad_4 653 8367 10894 1306
5 Ciudad_5 498 25555 27993 996
6 Ciudad_6 539 6005 9005 1078
7 Ciudad_7 207 13060 16085 414
8 Ciudad_8 332 24858 27203 664
9 Ciudad_9 470 23951 28054 940
10 Ciudad_10 192 3410 5927 384
11 Ciudad_11 295 25473 28572 590
12 Ciudad_12 702 6247 10933 1404
13 Ciudad_13 417 22292 26222 834
14 Ciudad_14 402 6862 11535 804
15 Ciudad_15 779 15968 18806 1558

0 -0.039626 0.0607358 -0.0295964 -0.0661101 0.061654 0.0786949 0.0669817 0.0357807 -0.0100662 0.0536258 -0.0209613 -0.0375528 0.0897176 0.00864286 0.00331613 
0.039626 0 0.0242088 -0.0142638 -0.0967965 -0.0100362 -0.0140708 0.0864103 -0.0337633 -0.0949206 0.0112367 -0.0669913 -0.0194541 -0.0673136 -0.0416804 -0.0822388 
-0.0607358 -0.0242088 0 -0.00493814 -0.0223014 0.000789421 0.0669419 -0.0439674 0.0250993 -0.0101452 -0.0693652 0.0228136 0.0191817 -0.00354617 -0.0412795 -0.0436777 
0.0295964 0.0142638 0.00493814 0 -0.0441942 0.0824809 0.0386501 -0.0891728 -0.0555699 0.0525028 -0.05615 0.0394856 0.0799736 -0.0484166 -0.0834671 -0.0210491 
0.0661101 0.0967965 0.0223014 0.0441942 0 0.0661917 0.0738275 0.0455838 0.0330268 -0.0479058 -0.0882299 0.0145959 0.0834418 0.00693682 0.000333388 -0.0792518 
-0.061654 0.0100362 -0.000789421 -0.0824809 -0.0661917 0 -0.0995132 -0.0805699 -0.00243251 -0.0918977 0.0934231 -0.00781171 -0.00575269 -0.0416212 -0.0749039 -0.0253402 
-0.0786949 0.0140708 -0.0669419 -0.0386501 -0.0738275 0.0995132 0 -0.099047 0.0400944 0.00351446 0.0986092 0.0932843 -0.0274142 -0.0356499 -0.0821765 0.0586027 
-0.0669817 -0.0864103 0.0439674 0.0891728 -0.0455838 0.0805699 0.099047 0 -0.0854627 -0.0212262 0.0618989 0.0513296 0.0247174 0.0558279 -0.0104022 0.091777 
-0.0357807 0.0337633 -0.0250993 0.0555699 -0.0330268 0.00243251 -0.0400944 0.0854627 0 0.012627 0.0449085 0.0386541 -0.0779884 -0.011463 -0.016169 0.0473256 
0.0100662 0.0949206 0.0101452 -0.0525028 0.0479058 0.0918977 -0.00351446 0.0212262 -0.012627 0 0.0217425 -0.0199163 -0.0982297 -0.0488911 0.000944991 -0.0581381 
-0.0536258 -0.0112367 0.0693652 0.05615 0.0882299 -0.0934231 -0.0986092 -0.0618989 -0.0449085 -0.0217425 0 -0.00230476 0.00138066 0.0493142 0.00925187 -0.0803486 
0.0209613 0.0669913 -0.0228136 -0.0394856 -0.0145959 0.00781171 -0.0932843 -0.0513296 -0.0386541 0.0199163 0.00230476 0 -0.0388088 -0.0166037 -0.0460843 0.0845679 
0.0375528 0.0194541 -0.0191817 -0.0799736 -0.0834418 0.00575269 0.0274142 -0.0247174 0.0779884 0.0982297 -0.00138066 0.0388088 0 0.0125531 0.07056 -0.0571614 
-0.0897176 0.0673136 0.00354617 0.0484166 -0.00693682 0.0416212 0.0356499 -0.0558279 0.011463 0.0488911 -0.0493142 0.0166037 -0.0125531 0 -0.063581 -0.0406036 
-0.00864286 0.0416804 0.0412795 0.0834671 -0.000333388 0.0749039 0.0821765 0.0104022 0.016169 -0.000944991 -0.00925187 0.0460843 -0.07056 0.063581 0 -0.00638399 
-0.00331613 0.0822388 0.0436777 0.0210491 0.0792518 0.0253402 -0.0586027 -0.091777 -0.0473256 0.0581381 0.0803486 -0.0845679 0.0571614 0.0406036 0.00638399 0 
