15

16000 4500

30 55 80

2

0 25990 98720 41830 56970 12150 14890 64000 24710 43890 39170 64861 48190 31360 75610 64490 
25530 0 121230 18260 75491 25830 38320 40440 43620 49680 53031 41301 60951 32020 52050 49940 
99260 121670 0 137641 49600 106080 89880 159811 84680 86370 71220 160672 65090 103800 171421 152060 
41540 17890 137991 0 88781 43140 55230 29510 57880 62970 66321 38330 74241 45270 41120 37130 
57090 75211 49500 88531 0 63910 47710 110701 36000 37740 22590 111562 16460 55170 122311 112792 
12220 25590 105990 43220 64240 0 20060 65400 36110 55290 50570 66261 59590 43240 77010 62840 
14890 38250 89570 55420 47820 20170 0 77590 33160 52340 47620 78451 56640 44870 89200 68902 
63720 40070 160171 29480 110961 65320 77410 0 80060 85150 88501 22500 96421 67450 11740 51300 
24780 44350 84580 58191 36340 36110 33100 80361 0 25570 15260 81222 24280 26870 91971 87640 
44150 49890 86430 63210 38330 55480 52470 85380 25650 0 19490 86241 22740 21690 96990 96720 
38980 53201 71140 66521 23040 50310 47300 88691 15190 19600 0 89552 9600 34340 100301 100031 
63961 40311 160412 36760 111202 65561 77651 22540 80301 85391 88742 0 96662 67691 24200 58580 
47770 61391 65010 74711 16910 59100 56090 96881 23980 22750 9370 97742 0 40220 108491 108221 
31280 32220 103390 45430 55290 43090 44560 67600 27040 21730 34070 68461 39860 0 79210 78940 
75210 51560 171661 40970 122451 76810 88900 11620 91550 96640 99991 23840 107911 78940 0 62790 
64490 49700 150920 37060 112170 62850 67750 51110 87660 96590 99941 59930 107861 78890 62720 0 

0 Ciudad_0 0 0 32400 0
1 Ciudad_1 385 18709 22114 770
2 Ciudad_2 550 19525 23437 1100
3 Ciudad_3 375 4921 9054 750
4 Ciudad_4 124 25007 27534 248
5 Ciudad_5 393 11890 14328 786
6 Ciudad_6 142 2921 5921 284
7 Ciudad_7 411 3210 6235 822
8 Ciudad_8 168 5446 7791 336
9 Ciudad_9 400 13623 17726 800
10 Ciudad_10 408 10065 12582 816
11 Ciudad_11 565 15498 18597 1130
12 Ciudad_12 800 8484 13170 1600
13 Ciudad_13 642 7867 11797 1284
14 Ciudad_14 141 16660 21333 282
15 Ciudad_15 123 14570 17408 246

0 0.0992423 0.022124 0.0880084 -0.0594418 -0.0508441 0.0166887 -0.0386102 0.0628373 0.0635644 -0.089991 -0.0797414 -0.0631842 -0.0384233 -0.031298 -0.00174432 
-0.0992423 0 -0.0949435 0.0815268 0.0873412 0.0901371 -0.0903357 -0.0346772 0.0325897 0.0050725 0.0469556 -0.0162222 0.00321431 0.0457999 -0.0627191 0.0405394 
-0.022124 0.0949435 0 0.0365164 -0.0305905 0.0330944 -0.0284907 0.0943974 0.0104103 -0.0303353 0.0209812 0.0792853 0.0646712 0.0699318 -0.00812134 0.0413464 
-0.0880084 -0.0815268 -0.0365164 0 0.0519093 0.0518004 0.0802596 0.0227285 0.0301944 -0.0749183 -0.0632258 -0.0555681 -0.0852836 -0.0339594 -0.0201519 -0.0941448 
0.0594418 -0.0873412 0.0305905 -0.0519093 0 0.0623902 -0.0702179 0.0377677 -0.0050182 0.053809 0.0970218 0.0657547 -0.0314152 0.0956131 0.0153388 -0.0510042 
0.0508441 -0.0901371 -0.0330944 -0.0518004 -0.0623902 0 0.00494181 -0.055073 -0.0909742 -0.0735427 0.0311034 -0.0615259 -0.0399934 -0.00332543 -0.0291729 0.0122309 
-0.0166887 0.0903357 0.0284907 -0.0802596 0.0702179 -0.00494181 0 -0.0861885 -0.00581628 0.0478773 0.0457691 0.0315264 -0.0197206 -0.0368157 -0.0336565 0.0442317 
0.0386102 0.0346772 -0.0943974 -0.0227285 -0.0377677 0.055073 0.0861885 0 0.0622451 0.0598985 -0.0466687 0.0835891 -0.0360214 -0.0699208 -0.00185637 -0.076106 
-0.0628373 -0.0325897 -0.0104103 -0.0301944 0.0050182 0.0909742 0.00581628 -0.0622451 0 -0.0169882 -0.0223092 -0.041043 -0.0703022 0.0493352 -0.0683118 0.0668824 
-0.0635644 -0.0050725 0.0303353 0.0749183 -0.053809 0.0735427 -0.0478773 -0.0598985 0.0169882 0 -0.0569707 -0.0482649 -0.0579921 0.0744664 0.0517131 0.0638983 
0.089991 -0.0469556 -0.0209812 0.0632258 -0.0970218 -0.0311034 -0.0457691 0.0466687 0.0223092 0.0569707 0 0.0899602 0.00884679 0.0368137 0.0967032 0.0721952 
0.0797414 0.0162222 -0.0792853 0.0555681 -0.0657547 0.0615259 -0.0315264 -0.0835891 0.041043 0.0482649 -0.0899602 0 0.0446098 -0.0240538 0.037332 -0.042989 
0.0631842 -0.00321431 -0.0646712 0.0852836 0.0314152 0.0399934 0.0197206 0.0360214 0.0703022 0.0579921 -0.00884679 -0.0446098 0 0.0206311 0.0479937 0.0941585 
0.0384233 -0.0457999 -0.0699318 0.0339594 -0.0956131 0.00332543 0.0368157 0.0699208 -0.0493352 -0.0744664 -0.0368137 0.0240538 -0.0206311 0 0.0688517 0.0770757 
0.031298 0.0627191 0.00812134 0.0201519 -0.0153388 0.0291729 0.0336565 0.00185637 0.0683118 -0.0517131 -0.0967032 -0.037332 -0.0479937 -0.0688517 0 -0.0265686 
0.00174432 -0.0405394 -0.0413464 0.0941448 0.0510042 -0.0122309 -0.0442317 0.076106 -0.0668824 -0.0638983 -0.0721952 0.042989 -0.0941585 -0.0770757 0.0265686 0 
