15

16000 4500

30 55 80

2

0 87020 68200 97400 98981 75370 78820 77080 72160 44640 96311 99851 81970 61770 47060 51760 
86920 0 152630 72541 138422 92980 135330 136960 155710 124830 141702 140822 83320 77230 43440 111310 
69350 152450 0 158980 98420 103360 104790 60470 6220 61590 92950 101990 118071 122260 109130 59620 
97760 72323 158660 0 185955 149712 92330 189724 162620 109320 189235 188355 142892 40260 87770 149440 
101180 138662 99170 185784 0 44130 172140 39590 100370 130370 9320 5540 62870 158322 99813 48750 
76360 92940 103570 151121 44010 0 148790 58830 104770 114610 51640 43960 21180 127820 61190 45390 
78480 135300 105220 92600 169610 149160 0 140100 109180 48680 164251 173291 158740 60080 117750 122610 
78380 137360 60720 189403 39460 58640 139570 0 61920 96370 33990 43030 77750 138170 99881 26200 
73240 154930 5940 162870 99800 104740 108680 61850 0 65480 94330 103370 119841 126150 111610 61000 
44380 124980 61880 109110 130281 115060 48780 96760 65840 0 124922 133962 124500 70520 89930 83020 
96780 141782 93560 188904 9300 51470 166890 33980 94760 125130 0 10730 70210 157740 102933 43510 
103650 141132 102450 188254 5560 44070 175671 42870 103650 134020 10620 0 62331 160792 102283 52400 
82210 83300 118900 144751 62720 21230 159150 78010 120470 124850 70350 62200 0 126480 57670 64820 
61820 77270 122160 39850 159370 127800 60080 138250 126120 69660 157491 161770 126590 0 70660 112940 
47070 43390 109260 87770 100143 61370 117980 99511 112340 90270 103423 102543 58000 70700 0 73861 
53220 111650 58810 149730 49170 45140 122670 27030 60010 82900 44150 52920 64530 113010 74171 0 

0 Ciudad_0 0 0 32400 0
1 Ciudad_1 383 6649 10054 766
2 Ciudad_2 142 9487 13399 284
3 Ciudad_3 135 23336 27469 270
4 Ciudad_4 346 21988 24515 692
5 Ciudad_5 457 9845 12283 914
6 Ciudad_6 393 4256 7256 786
7 Ciudad_7 694 17109 20134 1388
8 Ciudad_8 285 4627 6972 570
9 Ciudad_9 407 11282 15385 814
10 Ciudad_10 215 4784 7301 430
11 Ciudad_11 628 21584 24683 1256
12 Ciudad_12 783 10107 14793 1566
13 Ciudad_13 528 10323 14253 1056
14 Ciudad_14 469 12533 17206 938
15 Ciudad_15 363 19501 22339 726

0 0.0462071 -0.0723058 0.0288672 -0.0149381 -0.0973903 -0.0536768 0.0377873 0.0362983 -0.0671544 0.0772298 0.0181709 -0.0283528 -0.0419575 -0.0992334 0.0752217 
-0.0462071 0 0.0263321 -0.0908245 -0.0779858 0.0914664 0.0350861 -0.00143809 0.0765738 -0.0168636 0.0783445 0.000844273 -0.0823877 0.00284158 -0.0161696 0.0361787 
0.0723058 -0.0263321 0 -0.0246265 0.0401617 -0.091916 -0.0975571 0.0923782 -0.0267209 -0.00335839 -0.0541571 -0.0347253 -0.0818889 0.0808779 0.0797261 0.000671964 
-0.0288672 0.0908245 0.0246265 0 -0.0294215 -0.0870057 0.0440852 -0.0900575 -0.0873448 -0.0639804 0.0436918 -0.0726118 0.0142133 0.0132782 -0.0946999 -0.0994763 
0.0149381 0.0779858 -0.0401617 0.0294215 0 -0.0989169 -0.07734 -0.089545 0.0472267 0.058791 0.0154161 -0.0454298 -0.0937671 0.0978151 -0.0955652 -0.0881473 
0.0973903 -0.0914664 0.091916 0.0870057 0.0989169 0 0.0334142 -0.0499965 0.075174 -0.0588818 0.0267537 0.0924444 0.0642635 -0.000766089 0.0213254 -0.0377987 
0.0536768 -0.0350861 0.0975571 -0.0440852 0.07734 -0.0334142 0 -0.0130899 -0.00282019 0.013183 -0.0571193 -0.0483123 0.0131297 -0.0694609 0.0375057 -0.0480722 
-0.0377873 0.00143809 -0.0923782 0.0900575 0.089545 0.0499965 0.0130899 0 -0.0621833 -0.042048 0.0865045 0.0642157 -0.0167061 -0.0396069 0.0905016 0.00855235 
-0.0362983 -0.0765738 0.0267209 0.0873448 -0.0472267 -0.075174 0.00282019 0.0621833 0 0.099418 0.00412324 0.0797536 -0.0150726 -0.0221694 -0.0996145 -0.0414353 
0.0671544 0.0168636 0.00335839 0.0639804 -0.058791 0.0588818 -0.013183 0.042048 -0.099418 0 -0.0372089 -0.0115326 0.0919802 0.0871329 0.0744059 0.0316384 
-0.0772298 -0.0783445 0.0541571 -0.0436918 -0.0154161 -0.0267537 0.0571193 -0.0865045 -0.00412324 0.0372089 0 -0.0611613 0.073379 0.0290171 0.0933468 0.0763287 
-0.0181709 -0.000844273 0.0347253 0.0726118 0.0454298 -0.0924444 0.0483123 -0.0642157 -0.0797536 0.0115326 0.0611613 0 0.0617805 0.0166739 -0.0550743 0.00723175 
0.0283528 0.0823877 0.0818889 -0.0142133 0.0937671 -0.0642635 -0.0131297 0.0167061 0.0150726 -0.0919802 -0.073379 -0.0617805 0 -0.0958408 0.0409102 -0.0959783 
0.0419575 -0.00284158 -0.0808779 -0.0132782 -0.0978151 0.000766089 0.0694609 0.0396069 0.0221694 -0.0871329 -0.0290171 -0.0166739 0.0958408 0 -0.000637724 0.0116652 
0.0992334 0.0161696 -0.0797261 0.0946999 0.0955652 -0.0213254 -0.0375057 -0.0905016 0.0996145 -0.0744059 -0.0933468 0.0550743 -0.0409102 0.000637724 0 -0.0852459 
-0.0752217 -0.0361787 -0.000671964 0.0994763 0.0881473 0.0377987 0.0480722 -0.00855235 0.0414353 -0.0316384 -0.0763287 -0.00723175 0.0959783 -0.0116652 0.0852459 0 
