15

16000 4500

30 55 80

2

0 43740 60350 20440 30030 28060 50800 30780 76780 23700 33800 42440 66170 39380 38150 16940 
43080 0 62400 36390 15910 45910 85230 19800 104180 21570 11370 38080 88770 70410 61940 29400 
60140 62360 0 41220 58280 35120 64440 68000 58860 63620 62740 87280 43810 47970 40290 50510 
20540 36370 41240 0 23320 11750 49190 28980 71160 24600 28440 48260 56290 34370 26671 11490 
29920 15880 58280 23310 0 33150 71930 11800 93100 11010 5940 30920 77690 57330 49180 14460 
27640 45980 35020 11970 33310 0 42890 38750 61410 34370 38430 57960 46000 27130 16630 21260 
51510 85050 64370 49040 72000 42890 0 75940 46180 70310 77120 89990 37790 17780 27870 59630 
30750 20250 68220 28960 11890 38730 75280 0 98680 7510 9930 19450 83270 61901 54182 18150 
76560 104240 58930 70570 93090 61340 45880 98051 0 93671 98210 114730 15400 38320 45120 81040 
23850 21980 63720 24460 10890 34230 69430 7810 93941 0 11660 27090 78770 57151 49432 13650 
32010 13000 62710 28500 5910 38340 76030 8570 98290 10340 0 26850 82880 62520 54370 18760 
42480 38250 87280 48020 30900 57790 89140 19320 115120 26570 27930 0 102330 77720 72371 37210 
66580 88840 43850 56350 77690 45940 38040 83130 15400 78750 82810 102410 0 29370 34850 65640 
39690 70340 48030 34330 57290 26870 17940 61811 39310 57431 62410 77860 29720 0 11780 45460 
38040 61900 40370 26760 49230 16620 27740 54171 45850 49791 54350 72470 34880 11980 0 37180 
16980 29310 50950 11690 14490 21460 58750 17960 81410 13580 19370 37240 66000 45710 37490 0 

0 Ciudad_0 0 0 32400 0
1 Ciudad_1 758 17515 20920 1516
2 Ciudad_2 103 7193 11105 206
3 Ciudad_3 444 7608 11741 888
4 Ciudad_4 576 25825 28352 1152
5 Ciudad_5 574 6817 9255 1148
6 Ciudad_6 133 20081 23081 266
7 Ciudad_7 286 17315 20340 572
8 Ciudad_8 398 7744 10089 796
9 Ciudad_9 300 22894 26997 600
10 Ciudad_10 693 3956 6473 1386
11 Ciudad_11 197 9701 12800 394
12 Ciudad_12 308 18469 23155 616
13 Ciudad_13 818 14140 18070 1636
14 Ciudad_14 561 3857 8530 1122
15 Ciudad_15 738 7849 10687 1476

0 0.0944681 -0.033923 0.0957747 -0.014498 0.0290887 -0.00501342 -0.0217799 0.00505135 -0.0920213 -0.0707394 0.0673468 -0.0279237 0.0854723 -0.0606412 -0.0926849 
-0.0944681 0 0.091965 -0.0760968 0.031562 0.0432365 -0.0401157 -0.0368801 0.0648241 -0.0970251 0.0936142 0.0859689 -0.0879633 -0.0365738 0.0352996 -0.0240725 
0.033923 -0.091965 0 0.014008 0.0290244 -0.0656589 -0.0430613 -0.0861282 -0.0688925 -0.000680361 0.0606814 0.0972297 0.0599218 -0.0230576 -0.011135 0.0884698 
-0.0957747 0.0760968 -0.014008 0 -0.00996664 0.0784383 -0.081836 0.0760153 -0.0519886 -0.0220293 -0.0927249 0.0935435 0.0108471 0.0284613 0.0633231 0.0547928 
0.014498 -0.031562 -0.0290244 0.00996664 0 0.057596 -0.0135885 0.0849562 0.0495485 0.040544 -0.0124083 0.0447048 0.0581293 -0.0876104 -0.0111275 -0.0141093 
-0.0290887 -0.0432365 0.0656589 -0.0784383 -0.057596 0 0.0187548 -0.0333917 0.0444172 0.052845 0.0616344 0.0935604 0.0136987 0.0793029 0.0494491 -0.0231162 
0.00501342 0.0401157 0.0430613 0.081836 0.0135885 -0.0187548 0 -0.0857559 -0.0847541 -0.0162488 0.0866674 0.0291432 -0.0779659 0.0434366 -0.0733675 -0.0727348 
0.0217799 0.0368801 0.0861282 -0.0760153 -0.0849562 0.0333917 0.0857559 0 0.0516095 0.0111894 -0.0659769 -0.0787161 -0.0595047 -0.0999225 -0.0148902 0.0765811 
-0.00505135 -0.0648241 0.0688925 0.0519886 -0.0495485 -0.0444172 0.0847541 -0.0516095 0 -0.0156448 -0.0893823 -0.0786402 0.0200781 0.0564992 -0.0199756 0.0191745 
0.0920213 0.0970251 0.000680361 0.0220293 -0.040544 -0.052845 0.0162488 -0.0111894 0.0156448 0 -0.0413746 0.00352844 0.097758 0.0129406 -0.0485746 0.0731156 
0.0707394 -0.0936142 -0.0606814 0.0927249 0.0124083 -0.0616344 -0.0866674 0.0659769 0.0893823 0.0413746 0 0.0613319 -0.0633971 0.0459634 -0.0808185 -0.0231789 
-0.0673468 -0.0859689 -0.0972297 -0.0935435 -0.0447048 -0.0935604 -0.0291432 0.0787161 0.0786402 -0.00352844 -0.0613319 0 -0.0256177 0.0251005 0.0574461 -0.019617 
0.0279237 0.0879633 -0.0599218 -0.0108471 -0.0581293 -0.0136987 0.0779659 0.0595047 -0.0200781 -0.097758 0.0633971 0.0256177 0 0.0876815 -0.0887997 0.0775101 
-0.0854723 0.0365738 0.0230576 -0.0284613 0.0876104 -0.0793029 -0.0434366 0.0999225 -0.0564992 -0.0129406 -0.0459634 -0.0251005 -0.0876815 0 0.0763679 0.0459721 
0.0606412 -0.0352996 0.011135 -0.0633231 0.0111275 -0.0494491 0.0733675 0.0148902 0.0199756 0.0485746 0.0808185 -0.0574461 0.0887997 -0.0763679 0 -0.08661 
0.0926849 0.0240725 -0.0884698 -0.0547928 0.0141093 0.0231162 0.0727348 -0.0765811 -0.0191745 -0.0731156 0.0231789 0.019617 -0.0775101 -0.0459721 0.08661 0 
