15

16000 4500

30 55 80

2

0 98561 81320 96640 38110 49190 11140 51550 39280 28960 80780 76480 48460 24870 83470 60450 
96880 0 36100 29830 84340 57740 93950 113370 65000 78740 54000 117500 48000 72100 70180 44370 
80730 36070 0 52960 69890 46660 79430 87290 50520 64220 64820 82440 33480 57580 70240 41160 
95900 29700 52340 0 78370 50350 94600 112330 60310 78360 32630 130210 54210 72750 50550 37070 
37880 85411 69900 78390 0 29270 36580 56810 20150 13290 57710 79190 37040 15440 60400 42200 
48600 57760 46650 50320 29270 0 47300 65040 11210 29260 34950 87420 14400 24640 37640 14130 
10770 95920 79650 94970 36440 47520 0 53290 37610 27290 79110 78220 46790 23200 81800 58780 
51300 113991 86780 112560 56220 64620 52990 0 56380 47760 97880 42450 63890 41970 100570 75850 
38700 66081 50540 60340 20160 11220 37400 56700 0 19390 42460 79080 17680 14740 45150 24150 
28660 80550 64280 78190 13300 29270 27360 48360 19390 0 57940 70740 31420 8080 60630 42000 
80070 54250 65120 32350 57730 34920 78770 98070 42330 57950 0 120450 44190 56110 22220 24830 
76280 117140 82280 130090 79050 87450 77970 41760 79210 70590 120710 0 79910 64800 123400 98150 
47890 49770 33500 54360 37050 14490 46590 64380 17680 31380 44030 80000 0 24740 49450 20370 
24580 73420 57150 72390 15440 24660 23280 42660 14750 8070 56250 65040 24290 0 58940 36200 
82950 70450 70600 50410 60610 37800 81650 100950 45210 60830 21910 123330 49670 58990 0 29940 
59590 44300 41170 36710 42060 14040 58290 76020 24000 42050 24470 97700 20240 36440 29600 0 

0 Ciudad_0 0 0 32400 0
1 Ciudad_1 574 8364 11769 1148
2 Ciudad_2 247 23841 27753 494
3 Ciudad_3 440 22950 27083 880
4 Ciudad_4 719 9436 11963 1438
5 Ciudad_5 118 12870 15308 236
6 Ciudad_6 439 15932 18932 878
7 Ciudad_7 461 2126 5151 922
8 Ciudad_8 480 20722 23067 960
9 Ciudad_9 811 15295 19398 1622
10 Ciudad_10 424 6450 8967 848
11 Ciudad_11 814 5603 8702 1628
12 Ciudad_12 148 15691 20377 296
13 Ciudad_13 194 26455 30385 388
14 Ciudad_14 720 18430 23103 1440
15 Ciudad_15 662 17113 19951 1324

0 0.0117446 0.0512064 -0.0263305 -0.0655542 -0.0855996 0.0478735 0.054745 -0.0704808 -0.0882179 0.0201912 0.0326119 -0.0987615 -0.0319046 0.0227222 -0.0329353 
-0.0117446 0 -0.0182129 0.0625219 0.0714119 0.0821423 0.0818754 -0.0957812 0.0459387 -0.0453868 0.0829179 0.0528025 0.0652395 0.0629342 0.0974215 0.0981261 
-0.0512064 0.0182129 0 0.0105082 0.0540401 0.0971641 0.0812132 0.0545177 -0.0751047 0.0396472 0.0942831 -0.048512 -0.0736821 0.0366486 0.0442067 0.0457117 
0.0263305 -0.0625219 -0.0105082 0 -0.00451381 0.0468524 -0.064611 0.082259 0.087432 -0.0322033 -0.0394316 -0.00946959 -0.0159029 -0.0558656 0.0892915 -0.0438746 
0.0655542 -0.0714119 -0.0540401 0.00451381 0 -0.0561192 0.0974799 0.00199623 0.0711077 0.0709667 0.013299 -0.0961521 0.0520322 -0.0571974 0.0953218 -0.0494597 
0.0855996 -0.0821423 -0.0971641 -0.0468524 0.0561192 0 0.0106525 -0.00991101 0.0696411 0.0458251 0.020734 -0.00960942 0.0236068 0.048171 0.0563265 -0.0408185 
-0.0478735 -0.0818754 -0.0812132 0.064611 -0.0974799 -0.0106525 0 0.0113256 0.0803723 0.0461055 -0.00967146 0.0773767 -0.022003 -0.0848337 -0.0986298 0.0400007 
-0.054745 0.0957812 -0.0545177 -0.082259 -0.00199623 0.00991101 -0.0113256 0 0.0487311 -0.0804168 0.0867907 -0.051823 -0.023787 -0.046233 -0.0388449 -0.0823847 
0.0704808 -0.0459387 0.0751047 -0.087432 -0.0711077 -0.0696411 -0.0803723 -0.0487311 0 0.010246 -0.090315 0.0251781 -0.0539034 -0.0848153 -0.0623044 0.0794705 
0.0882179 0.0453868 -0.0396472 0.0322033 -0.0709667 -0.0458251 -0.0461055 0.0804168 -0.010246 0 -0.0728178 -0.046919 -0.0280884 -0.0940098 0.0672222 0.0672969 
-0.0201912 -0.0829179 -0.0942831 0.0394316 -0.013299 -0.020734 0.00967146 -0.0867907 0.090315 0.0728178 0 0.0988736 0.00488935 -0.078494 0.0475642 -0.0786135 
-0.0326119 -0.0528025 0.048512 0.00946959 0.0961521 0.00960942 -0.0773767 0.051823 -0.0251781 0.046919 -0.0988736 0 0.0367838 0.0756954 0.033382 0.0484592 
0.0987615 -0.0652395 0.0736821 0.0159029 -0.0520322 -0.0236068 0.022003 0.023787 0.0539034 0.0280884 -0.00488935 -0.0367838 0 0.0841798 -0.0619855 -0.023717 
0.0319046 -0.0629342 -0.0366486 0.0558656 0.0571974 -0.048171 0.0848337 0.046233 0.0848153 0.0940098 0.078494 -0.0756954 -0.0841798 0 0.0168662 -0.0782528 
-0.0227222 -0.0974215 -0.0442067 -0.0892915 -0.0953218 -0.0563265 0.0986298 0.0388449 0.0623044 -0.0672222 -0.0475642 -0.033382 0.0619855 -0.0168662 0 0.0945559 
0.0329353 -0.0981261 -0.0457117 0.0438746 0.0494597 0.0408185 -0.0400007 0.0823847 -0.0794705 -0.0672969 0.0786135 -0.0484592 0.023717 0.0782528 -0.0945559 0 
