15

16000 4500

30 55 80

2

0 68220 79920 81630 97660 84261 76661 66900 74691 33280 99550 86381 69130 94270 96130 93470 
68330 0 52610 27490 124710 22320 16390 33800 22710 90680 43920 28330 45050 134840 40500 63840 
80110 52860 0 74760 96330 50270 41400 22750 32260 106510 76030 44550 11300 106460 76010 17840 
81790 27900 74930 0 154420 31730 36880 60790 43910 104140 28020 40520 71870 162820 24600 86160 
97360 124680 96310 154240 0 131250 120100 95810 113240 131040 157570 126030 84950 16230 156050 96550 
84861 22310 49860 31550 131400 0 13390 36360 18390 107211 30390 11710 48030 141530 28950 61090 
76721 16400 40940 36490 120240 13500 0 27340 10110 103121 42580 14110 39110 130370 39160 52170 
67110 33840 22690 60410 95930 36350 27380 0 18340 93510 63480 31130 13870 106060 63320 35370 
74911 22540 31840 43850 113380 18360 10100 18340 0 101311 46970 13140 30010 123510 45330 43070 
33290 91220 107000 104630 130800 107261 103741 93980 101771 0 122550 113461 96210 125250 119130 120550 
99710 43930 75950 28040 157800 30460 42620 63280 46870 122060 0 34400 74120 167930 3410 76940 
86211 28090 44390 40400 125970 11710 13790 30930 12950 112611 34570 0 42560 136100 34550 52500 
69220 45090 11360 71610 85030 48420 39550 13800 30410 95620 74180 42700 0 95160 74160 25340 
93920 135030 106660 162690 16140 141600 130450 106160 123590 125540 167920 136380 95300 0 166400 108030 
96300 40520 76310 24630 156200 28920 39210 63290 45320 118650 3410 34760 74480 166330 0 77350 
93730 63980 17970 85880 96590 61390 52520 35400 43380 120130 77010 52920 25480 107680 77170 0 

0 Ciudad_0 0 0 32400 0
1 Ciudad_1 722 21608 25013 1444
2 Ciudad_2 603 8059 11971 1206
3 Ciudad_3 468 5893 10026 936
4 Ciudad_4 672 4183 6710 1344
5 Ciudad_5 650 10202 12640 1300
6 Ciudad_6 305 18686 21686 610
7 Ciudad_7 774 24578 27603 1548
8 Ciudad_8 145 9678 12023 290
9 Ciudad_9 293 10174 14277 586
10 Ciudad_10 140 13552 16069 280
11 Ciudad_11 802 17078 20177 1604
12 Ciudad_12 726 5390 10076 1452
13 Ciudad_13 575 16153 20083 1150
14 Ciudad_14 554 4234 8907 1108
15 Ciudad_15 459 9591 12429 918

0 -0.0577118 0.00864182 -0.0559332 -0.0439216 0.0555396 -0.0875828 -0.0740957 -0.0537853 0.0581448 -0.0203448 0.0481653 0.000873146 0.0482213 0.0651458 0.0896407 
0.0577118 0 0.00737358 -0.0810504 0.0564246 -0.00992734 -0.059721 -0.000988134 -0.0231691 0.0223814 0.0758903 0.0468268 -0.00247449 -0.0692595 -0.0181104 -0.097422 
-0.00864182 -0.00737358 0 0.0399842 -0.0951003 -0.0930968 0.0533305 -0.00693332 0.0224196 0.0148799 0.0101379 -0.0873724 -0.0957026 0.0908819 -0.095329 0.0164407 
0.0559332 0.0810504 -0.0399842 0 0.0164834 0.0705797 -0.0438192 0.0455062 0.0121234 0.0866668 -0.00389863 -0.0402948 0.0673239 0.0524081 0.0285142 -0.0288284 
0.0439216 -0.0564246 0.0951003 -0.0164834 0 0.0922459 -0.00414362 0.0557738 -0.0417766 -0.0850793 -0.0416519 -0.0112869 0.011435 0.098445 0.0589884 -0.0839256 
-0.0555396 0.00992734 0.0930968 -0.0705797 -0.0922459 0 -0.00613889 -0.00755901 -0.0346585 0.0556375 0.0680064 -0.0655682 0.0987587 0.0824733 -0.0858758 0.0863718 
0.0875828 0.059721 -0.0533305 0.0438192 0.00414362 0.00613889 0 0.0437236 0.0513093 -0.0474675 0.010754 0.079682 0.0728505 0.0981944 0.0977948 0.0832018 
0.0740957 0.000988134 0.00693332 -0.0455062 -0.0557738 0.00755901 -0.0437236 0 -0.0540976 0.0168675 -0.0604165 -0.0695992 0.0946157 0.086578 0.0202861 -0.0919901 
0.0537853 0.0231691 -0.0224196 -0.0121234 0.0417766 0.0346585 -0.0513093 0.0540976 0 -0.0610331 -0.0948881 -0.0257349 -0.0980052 -0.0465062 -0.0896329 -0.0455764 
-0.0581448 -0.0223814 -0.0148799 -0.0866668 0.0850793 -0.0556375 0.0474675 -0.0168675 0.0610331 0 0.0338608 -0.0393561 -0.0767325 -0.0878501 0.0827773 -0.0329311 
0.0203448 -0.0758903 -0.0101379 0.00389863 0.0416519 -0.0680064 -0.010754 0.0604165 0.0948881 -0.0338608 0 -0.0196804 0.065685 0.0195679 -0.079313 -0.0531791 
-0.0481653 -0.0468268 0.0873724 0.0402948 0.0112869 0.0655682 -0.079682 0.0695992 0.0257349 0.0393561 0.0196804 0 0.0442913 0.00903988 -0.077269 -0.0170546 
-0.000873146 0.00247449 0.0957026 -0.0673239 -0.011435 -0.0987587 -0.0728505 -0.0946157 0.0980052 0.0767325 -0.065685 -0.0442913 0 -0.0262727 -0.0313387 -0.0309139 
-0.0482213 0.0692595 -0.0908819 -0.0524081 -0.098445 -0.0824733 -0.0981944 -0.086578 0.0465062 0.0878501 -0.0195679 -0.00903988 0.0262727 0 0.0367385 -0.00961249 
-0.0651458 0.0181104 0.095329 -0.0285142 -0.0589884 0.0858758 -0.0977948 -0.0202861 0.0896329 -0.0827773 0.079313 0.077269 0.0313387 -0.0367385 0 -0.0381075 
-0.0896407 0.097422 -0.0164407 0.0288284 0.0839256 -0.0863718 -0.0832018 0.0919901 0.0455764 0.0329311 0.0531791 0.0170546 0.0309139 0.00961249 0.0381075 0 
