15

16000 4500

30 55 80

2

0 95420 96540 64880 76022 91560 19910 27960 15180 72931 63710 16050 17550 20930 75820 23060 
95610 0 45460 64560 52250 189621 102360 75240 109830 46780 158181 110910 107450 80230 86570 99550 
96420 45310 0 46890 64571 192601 99320 76050 108790 61480 158991 111720 108260 79630 44090 96510 
65140 64200 46980 0 52761 150800 62810 45220 72280 49670 125300 80440 77960 44630 33390 60000 
75262 52400 64473 51251 0 167213 83552 54892 89482 8440 135773 90562 87102 59882 81881 80422 
92050 189771 192893 151591 167583 0 91930 119330 81700 164482 34090 76810 84680 112300 148980 96840 
19930 102060 99350 62911 84522 91640 0 31380 11010 81431 63790 21080 36710 24000 64010 6030 
27380 75930 77050 45230 56532 118190 30760 0 37520 53441 90340 42680 43280 6970 58431 27510 
15310 109970 108780 72341 90582 81440 11220 38270 0 87481 53590 10880 29020 31240 73440 16130 
72731 46900 61942 48720 8430 164682 81021 52361 86951 0 133242 88031 84571 57351 79350 77891 
63790 156491 157611 124991 137103 33870 63670 91070 53440 134002 0 48550 54640 84040 126090 68580 
16130 110870 111990 80330 91482 76400 21180 43410 10950 88381 48550 0 23210 36380 83400 26090 
17570 107521 108641 78041 88123 84580 36630 42650 29030 85032 54700 23040 0 37800 92690 39780 
21060 80120 79520 44510 60732 111870 24030 7590 31200 57631 84020 36360 37840 0 55450 20660 
76140 86410 44060 33370 83821 149000 64510 58480 73980 80720 127000 84050 92920 55630 0 61700 
22890 99250 96540 60101 81172 96820 6110 28040 16190 78081 68970 26260 39670 20570 61200 0 

0 Ciudad_0 0 0 32400 0
1 Ciudad_1 528 8645 12050 1056
2 Ciudad_2 775 20318 24230 1550
3 Ciudad_3 480 13463 17596 960
4 Ciudad_4 295 18514 21041 590
5 Ciudad_5 746 17616 20054 1492
6 Ciudad_6 264 5908 8908 528
7 Ciudad_7 641 21551 24576 1282
8 Ciudad_8 296 21711 24056 592
9 Ciudad_9 571 11190 15293 1142
10 Ciudad_10 517 24861 27378 1034
11 Ciudad_11 795 14608 17707 1590
12 Ciudad_12 258 10621 15307 516
13 Ciudad_13 675 9190 13120 1350
14 Ciudad_14 654 13352 18025 1308
15 Ciudad_15 228 15683 18521 456

0 0.0585546 -0.0418844 0.0480646 -0.0220165 0.0677992 -0.0724368 -0.00195259 0.00238407 0.0359379 0.0517597 -0.014969 -0.010778 0.0287734 0.099638 0.0491442 
-0.0585546 0 -0.0400435 -0.0184544 0.0164473 -0.0894261 -0.0831024 0.0299205 -0.0928566 -0.0506747 0.0843569 0.0501028 0.0335304 0.0400353 0.0618637 0.0827333 
0.0418844 0.0400435 0 -0.076105 0.0710653 -0.0896224 -0.0252394 0.0403882 -0.0412093 -0.0547268 2.81303e-05 -0.07805 0.0851885 0.0730704 -0.0284839 -0.0847812 
-0.0480646 0.0184544 0.076105 0 0.0599754 -0.0357549 -0.0532918 0.0287773 0.0688244 -0.0858306 0.0583225 0.0398391 -0.0107654 -0.0914526 -0.0547153 0.038028 
0.0220165 -0.0164473 -0.0710653 -0.0599754 0 0.0616121 0.0182636 -0.06575 -0.073354 -0.0171382 -0.0616684 0.0494864 -0.0428111 0.0792375 -0.00334905 0.00682709 
-0.0677992 0.0894261 0.0896224 0.0357549 -0.0616121 0 0.0313042 0.049775 0.00947268 0.0745577 0.0140297 0.0100462 0.0603644 -0.0465554 0.0899606 0.0649945 
0.0724368 0.0831024 0.0252394 0.0532918 -0.0182636 -0.0313042 0 -0.0448423 0.00318399 -0.00180909 -0.0671708 0.0960746 0.0630843 -0.036723 -0.0813935 0.0105694 
0.00195259 -0.0299205 -0.0403882 -0.0287773 0.06575 -0.049775 0.0448423 0 -0.0890413 0.0441732 0.0868493 0.0122657 -0.0142113 0.0115099 0.0862974 0.0981809 
-0.00238407 0.0928566 0.0412093 -0.0688244 0.073354 -0.00947268 -0.00318399 0.0890413 0 0.0924018 0.0656496 0.00343994 0.0464423 -0.0720964 -0.0400643 -0.095628 
-0.0359379 0.0506747 0.0547268 0.0858306 0.0171382 -0.0745577 0.00180909 -0.0441732 -0.0924018 0 0.04598 0.0700812 -0.0360916 0.0220232 -0.0219879 -0.0282905 
-0.0517597 -0.0843569 -2.81303e-05 -0.0583225 0.0616684 -0.0140297 0.0671708 -0.0868493 -0.0656496 -0.04598 0 0.0552452 -0.0387243 0.0977689 -0.0925086 0.0749482 
0.014969 -0.0501028 0.07805 -0.0398391 -0.0494864 -0.0100462 -0.0960746 -0.0122657 -0.00343994 -0.0700812 -0.0552452 0 -0.0831111 0.0865857 0.0354984 -0.088909 
0.010778 -0.0335304 -0.0851885 0.0107654 0.0428111 -0.0603644 -0.0630843 0.0142113 -0.0464423 0.0360916 0.0387243 0.0831111 0 -0.0697825 -0.0905104 -0.0697682 
-0.0287734 -0.0400353 -0.0730704 0.0914526 -0.0792375 0.0465554 0.036723 -0.0115099 0.0720964 -0.0220232 -0.0977689 -0.0865857 0.0697825 0 0.0965702 0.0997746 
-0.099638 -0.0618637 0.0284839 0.0547153 0.00334905 -0.0899606 0.0813935 -0.0862974 0.0400643 0.0219879 0.0925086 -0.0354984 0.0905104 -0.0965702 0 0.0893387 
-0.0491442 -0.0827333 0.0847812 -0.038028 -0.00682709 -0.0649945 -0.0105694 -0.0981809 0.095628 0.0282905 -0.0749482 0.088909 0.0697682 -0.0997746 -0.0893387 0 
