15

16000 4500

30 55 80

2

0 68590 80880 83060 32740 66691 74080 64110 38020 71940 36190 55140 43350 53710 92890 69960 
68970 0 94873 133500 98510 44200 23380 132490 43400 95753 103650 13530 42750 122090 93580 79190 
80570 94493 0 61580 68860 52890 110882 94720 103650 10620 102450 88170 55000 85350 28270 144261 
83060 134100 63170 0 53890 104440 148250 48170 121620 53620 84920 124000 91630 48900 89370 159150 
32780 98490 68880 53860 0 87090 105850 34660 70400 59840 35500 85040 62770 24480 93300 102340 
66650 44660 52360 104720 87150 0 67330 119680 69260 60040 102840 48720 30120 110310 50000 111140 
74440 23400 110010 146470 106160 66930 0 138700 39030 110910 107230 21310 55140 128190 118050 59350 
63780 131910 94300 48300 34850 119600 137990 0 101400 84200 46540 118460 96890 11470 121230 126680 
36750 43420 99851 120310 68900 68910 39020 100270 0 96311 68200 30450 48420 89870 109640 42830 
71680 95143 10730 53170 59970 60290 111532 84740 96780 0 93560 88880 55710 75370 38430 135480 
35970 103510 101990 85040 34380 102321 107720 46680 69350 92950 0 90060 78390 36490 121060 89390 
55520 13530 88790 124140 85060 48260 21290 119040 30440 89690 90200 0 34010 108640 96890 70640 
43460 42610 55350 91660 62790 29750 54920 96550 50150 56250 78720 33800 0 86370 63450 89390 
53530 121660 86090 49340 24780 110480 127150 11370 91150 75990 36230 108210 86820 0 112110 116370 
92590 93530 28410 89550 93420 50370 118070 121260 111690 38590 121500 96400 63230 111890 0 153200 
70020 79140 142001 155440 102170 110560 59370 127110 42970 132961 89630 70870 89400 116920 154450 0 

0 Ciudad_0 0 0 32400 0
1 Ciudad_1 654 21477 24882 1308
2 Ciudad_2 764 6294 10206 1528
3 Ciudad_3 581 21160 25293 1162
4 Ciudad_4 823 10834 13361 1646
5 Ciudad_5 818 11184 13622 1636
6 Ciudad_6 478 3386 6386 956
7 Ciudad_7 639 24694 27719 1278
8 Ciudad_8 795 15243 17588 1590
9 Ciudad_9 812 4772 8875 1624
10 Ciudad_10 826 9907 12424 1652
11 Ciudad_11 177 16235 19334 354
12 Ciudad_12 114 18066 22752 228
13 Ciudad_13 240 8689 12619 480
14 Ciudad_14 500 11761 16434 1000
15 Ciudad_15 595 6889 9727 1190

0 -0.0637372 -0.00839655 -0.0987866 -0.0755019 0.0821308 -0.0958666 -0.0458288 -0.0299485 -0.0582704 0.0437347 0.0654688 0.0812204 -0.0991511 0.0728645 0.0954861 
0.0637372 0 -0.0219978 -0.0540756 0.0938379 -0.0757904 -0.0152493 0.0807937 0.0885274 0.0846606 0.0602536 -0.075739 -0.0545215 -0.0467171 0.00731368 -0.0605369 
0.00839655 0.0219978 0 0.0981874 0.0994806 0.0929516 -0.0713532 0.0454796 -0.040379 -0.0054585 -0.0384243 0.0543801 -0.0272719 -0.0346287 0.00389008 0.00327402 
0.0987866 0.0540756 -0.0981874 0 -0.0502932 -0.0866525 0.0888837 -0.0695564 -0.0334465 0.0256219 0.0578172 0.0705354 -0.0479887 0.00687362 0.0485545 0.00769036 
0.0755019 -0.0938379 -0.0994806 0.0502932 0 -0.0668393 0.0882798 -0.0795205 0.0633536 -0.0259939 -0.0376717 0.0669347 0.0989605 0.0169341 -0.0555459 0.0344425 
-0.0821308 0.0757904 -0.0929516 0.0866525 0.0668393 0 -0.0437511 0.0304553 -0.0965013 0.0921391 -0.0678496 0.0181682 0.0652147 -0.00630333 0.0116296 0.0859721 
0.0958666 0.0152493 0.0713532 -0.0888837 -0.0882798 0.0437511 0 0.0309763 0.0834607 0.0855839 0.0228475 0.0399027 0.0549992 -0.0849415 -0.052017 -0.0241772 
0.0458288 -0.0807937 -0.0454796 0.0695564 0.0795205 -0.0304553 -0.0309763 0 -0.0067933 0.0129304 -0.0928893 -0.0715322 -0.0292536 -0.0530647 0.0953828 0.0319445 
0.0299485 -0.0885274 0.040379 0.0334465 -0.0633536 0.0965013 -0.0834607 0.0067933 0 -0.0820333 0.0273965 -0.0611585 -0.0237537 -0.060651 -0.0683738 0.0118901 
0.0582704 -0.0846606 0.0054585 -0.0256219 0.0259939 -0.0921391 -0.0855839 -0.0129304 0.0820333 0 0.0361168 -0.0540214 -0.0495731 -0.0863057 0.0619121 0.0247114 
-0.0437347 -0.0602536 0.0384243 -0.0578172 0.0376717 0.0678496 -0.0228475 0.0928893 -0.0273965 -0.0361168 0 0.0599973 0.0184132 -0.0883623 -0.0441287 0.0694158 
-0.0654688 0.075739 -0.0543801 -0.0705354 -0.0669347 -0.0181682 -0.0399027 0.0715322 0.0611585 0.0540214 -0.0599973 0 0.0523586 0.0510056 -0.0884053 -0.00191085 
-0.0812204 0.0545215 0.0272719 0.0479887 -0.0989605 -0.0652147 -0.0549992 0.0292536 0.0237537 0.0495731 -0.0184132 -0.0523586 0 0.026621 0.0745986 0.0318791 
0.0991511 0.0467171 0.0346287 -0.00687362 -0.0169341 0.00630333 0.0849415 0.0530647 0.060651 0.0863057 0.0883623 -0.0510056 -0.026621 0 0.0301497 -0.0378952 
-0.0728645 -0.00731368 -0.00389008 -0.0485545 0.0555459 -0.0116296 0.052017 -0.0953828 0.0683738 -0.0619121 0.0441287 0.0884053 -0.0745986 -0.0301497 0 0.018254 
-0.0954861 0.0605369 -0.00327402 -0.00769036 -0.0344425 -0.0859721 0.0241772 -0.0319445 -0.0118901 -0.0247114 -0.0694158 0.00191085 -0.0318791 0.0378952 -0.018254 0 
