15

16000 4500

30 55 80

2

0 46260 88331 96601 68010 40810 24590 53600 48171 57840 60170 15290 47450 82821 83910 27190 
46200 0 44050 53150 66490 25450 49960 29770 15250 12230 56760 42810 34020 38540 48650 52250 
88091 44000 0 10290 83590 52550 82560 42950 41410 33650 73770 80971 54750 6230 24190 86310 
96571 52970 10270 0 89550 59570 88520 47860 49890 42620 78830 89400 60710 15880 19280 92270 
67970 66570 83920 89190 0 47270 45750 42630 53260 66910 10200 53220 33960 79620 70880 43830 
40950 25360 52600 59620 47130 0 32600 14550 12970 29620 37390 31340 13860 47090 44860 36350 
24920 49140 82550 88550 46100 32550 0 42320 43540 60190 39940 9880 31020 77660 72910 5280 
53110 28910 42460 47600 42550 13940 42040 0 15870 26840 32820 42920 13800 38350 31620 45790 
48461 14990 41850 50120 53300 13330 43600 16560 0 18540 43570 41341 20830 36340 41040 47341 
57760 12070 33500 42600 65680 29030 59300 26860 17890 0 55950 54370 36320 27990 42300 63050 
60410 56920 74120 78510 10170 37460 39870 33020 43610 57300 0 45370 24150 70010 61270 41960 
15550 42970 81311 89440 53260 31300 9820 43500 41151 54550 45400 0 33290 75801 73810 12440 
47750 33830 54780 60780 33890 13930 30970 13680 20520 37060 24150 33270 0 50670 44950 34720 
82531 38440 6160 15800 79260 46990 77260 38620 35850 28090 69440 75411 50420 0 25810 81010 
84400 49250 24150 19530 71980 45230 73330 32310 41510 42820 62250 74210 45350 25720 0 77080 
27510 51700 86310 92310 43840 36310 5290 46080 47061 63280 42040 12760 34780 81420 76670 0 

0 Ciudad_0 0 0 32400 0
1 Ciudad_1 624 3676 7081 1248
2 Ciudad_2 540 18002 21914 1080
3 Ciudad_3 659 13312 17445 1318
4 Ciudad_4 485 9494 12021 970
5 Ciudad_5 459 6226 8664 918
6 Ciudad_6 123 5516 8516 246
7 Ciudad_7 810 4714 7739 1620
8 Ciudad_8 148 21769 24114 296
9 Ciudad_9 407 4332 8435 814
10 Ciudad_10 364 24497 27014 728
11 Ciudad_11 184 3689 6788 368
12 Ciudad_12 171 15651 20337 342
13 Ciudad_13 378 21702 25632 756
14 Ciudad_14 388 11000 15673 776
15 Ciudad_15 301 26918 29756 602

0 -0.0960135 0.0123123 0.0617184 -0.0599336 -0.0207692 0.047775 0.0770459 0.0665447 -0.0944237 0.0808882 0.0251956 0.0617058 0.0257923 0.0603987 -0.0483737 
0.0960135 0 -0.0421748 0.00413318 0.0699989 -0.00725801 -0.037072 -0.0299182 0.0698404 0.0514293 -0.0649198 -0.0951114 -0.0976004 -0.0118022 -0.0127339 0.0815952 
-0.0123123 0.0421748 0 0.0653815 0.0833459 -0.00592986 0.0515668 -0.0384417 0.01341 -0.0772905 0.0566413 -0.0136501 0.0598446 -0.00897189 -0.00401067 0.0699343 
-0.0617184 -0.00413318 -0.0653815 0 -0.0604596 -0.0322959 0.0196473 0.0530246 0.0093749 0.098087 0.0109566 0.0534477 -0.0819015 0.0171283 0.0743877 0.0835784 
0.0599336 -0.0699989 -0.0833459 0.0604596 0 0.00938825 0.043608 -0.02686 -0.0322407 -0.0836327 0.0774871 -0.00306103 -0.045136 0.0998779 0.0240232 -0.0136222 
0.0207692 0.00725801 0.00592986 0.0322959 -0.00938825 0 -0.0566794 0.00968534 0.094721 0.0455297 -0.0352873 -0.0820798 -0.0528747 -0.000553595 -0.00283437 0.0258942 
-0.047775 0.037072 -0.0515668 -0.0196473 -0.043608 0.0566794 0 -0.0969767 0.0220272 0.0173528 0.0556455 -0.0212499 -0.00844098 0.0138034 0.0034812 0.0844731 
-0.0770459 0.0299182 0.0384417 -0.0530246 0.02686 -0.00968534 0.0969767 0 -0.0115027 -0.0207454 -0.083511 0.0161527 0.0897288 0.0185481 -0.0110665 0.0749471 
-0.0665447 -0.0698404 -0.01341 -0.0093749 0.0322407 -0.094721 -0.0220272 0.0115027 0 0.051461 0.0569598 -0.0579337 0.0252384 0.0679896 0.0769846 0.0970501 
0.0944237 -0.0514293 0.0772905 -0.098087 0.0836327 -0.0455297 -0.0173528 0.0207454 -0.051461 0 0.0814651 -0.032965 0.0490772 0.0337044 -0.0357602 0.0340987 
-0.0808882 0.0649198 -0.0566413 -0.0109566 -0.0774871 0.0352873 -0.0556455 0.083511 -0.0569598 -0.0814651 0 -0.0843576 0.095211 -0.0712562 0.0955291 -0.0999433 
-0.0251956 0.0951114 0.0136501 -0.0534477 0.00306103 0.0820798 0.0212499 -0.0161527 0.0579337 0.032965 0.0843576 0 0.0629649 -0.0359985 0.0455843 -0.0247966 
-0.0617058 0.0976004 -0.0598446 0.0819015 0.045136 0.0528747 0.00844098 -0.0897288 -0.0252384 -0.0490772 -0.095211 -0.0629649 0 0.00536946 0.0404357 -0.0820333 
-0.0257923 0.0118022 0.00897189 -0.0171283 -0.0998779 0.000553595 -0.0138034 -0.0185481 -0.0679896 -0.0337044 0.0712562 0.0359985 -0.00536946 0 -0.0702811 0.0772012 
-0.0603987 0.0127339 0.00401067 -0.0743877 -0.0240232 0.00283437 -0.0034812 0.0110665 -0.0769846 0.0357602 -0.0955291 -0.0455843 -0.0404357 0.0702811 0 0.0518741 
0.0483737 -0.0815952 -0.0699343 -0.0835784 0.0136222 -0.0258942 -0.0844731 -0.0749471 -0.0970501 -0.0340987 0.0999433 0.0247966 0.0820333 -0.0772012 -0.0518741 0 
