15

16000 4500

30 55 80

2

0 65100 27431 22380 62360 99730 74220 86200 48130 97920 77870 67400 64890 99670 83590 25061 
65170 0 56760 54630 12900 54490 28170 56980 39020 68700 48650 37570 26390 108280 38540 60610 
27411 56920 0 43750 51490 85960 60640 68120 24160 79610 61270 52290 51310 116210 70010 4460 
22390 54080 43830 0 59661 100530 74430 87380 51460 99100 79050 68580 65880 85690 84140 44841 
62150 12760 50300 59780 0 43820 17470 45280 30460 57000 36950 25870 14580 118451 27870 54470 
99350 54340 85340 100260 44200 0 28490 38940 64120 40270 31670 39110 36870 164960 16570 89510 
73970 28040 60050 74000 18000 28530 0 39020 38830 46570 31410 21650 11960 135810 12580 64220 
85990 56950 69010 87160 45670 39180 38990 0 48100 14580 11600 20060 32910 157380 33250 73180 
48110 38890 23930 52200 31100 64240 39170 47820 0 59310 40970 31350 29840 118280 48540 28100 
97000 67960 79570 98170 56680 40020 46640 13870 58660 0 22610 31070 43920 170120 37730 83740 
78290 49250 62250 79460 37970 31970 31330 11820 41340 22280 0 12360 25210 148630 25720 66420 
67160 37650 52940 68330 26370 39240 21260 20400 31020 32120 12070 0 13610 132450 28430 57110 
64820 26730 50900 65820 15210 36840 11890 33160 29680 44880 24830 13750 0 126381 21260 55070 
99490 108370 116090 85490 117881 164970 133481 157700 117540 170930 148470 132770 126231 0 148810 118300 
83450 38440 69440 83700 28300 16600 12590 33260 48220 37750 25810 28400 21350 148780 0 73610 
25051 60550 4470 44821 55540 90201 64690 72170 28210 83660 65320 56340 55360 118460 74060 0 

0 Ciudad_0 0 0 32400 0
1 Ciudad_1 110 15650 19055 220
2 Ciudad_2 385 4030 7942 770
3 Ciudad_3 678 11125 15258 1356
4 Ciudad_4 795 14083 16610 1590
5 Ciudad_5 793 21006 23444 1586
6 Ciudad_6 101 6604 9604 202
7 Ciudad_7 748 7709 10734 1496
8 Ciudad_8 349 7468 9813 698
9 Ciudad_9 661 10525 14628 1322
10 Ciudad_10 660 10770 13287 1320
11 Ciudad_11 355 14594 17693 710
12 Ciudad_12 804 6648 11334 1608
13 Ciudad_13 620 21543 25473 1240
14 Ciudad_14 700 20710 25383 1400
15 Ciudad_15 102 12455 15293 204

0 0.0533487 0.0318532 0.0892572 0.0757381 0.065618 0.0828406 0.0966889 0.0770805 -0.0215375 -0.031639 0.0201553 -0.0116091 0.0186509 0.0692775 0.0313898 
-0.0533487 0 0.0205465 -0.0488284 0.0247749 0.00805988 0.0982977 -0.0417535 -0.0750888 -0.0990085 -0.0372414 -0.0668186 0.0157392 -0.0216289 0.00376677 0.0924711 
-0.0318532 -0.0205465 0 -0.00392593 0.0923053 -0.0369516 0.0428906 0.0797849 0.097711 -0.0163401 0.0538881 0.040832 -0.00817562 0.0613206 -0.0128175 0.0214313 
-0.0892572 0.0488284 0.00392593 0 -0.0352929 -0.0834004 0.0817117 0.0270782 0.0630238 0.0270414 0.0629625 0.0522042 0.0929659 -0.0226551 -0.0640355 -0.0566281 
-0.0757381 -0.0247749 -0.0923053 0.0352929 0 -0.0614298 -0.0650028 -0.080906 -0.0341346 -0.000745571 -0.0531555 0.0163099 0.0500623 -0.0772941 0.0154043 -0.072758 
-0.065618 -0.00805988 0.0369516 0.0834004 0.0614298 0 0.0524384 0.0830919 -0.0464026 -0.0646871 -0.00812813 0.0947235 -0.0109957 -0.0585195 0.0277052 0.0345549 
-0.0828406 -0.0982977 -0.0428906 -0.0817117 0.0650028 -0.0524384 0 0.0598219 -0.0215481 0.0507474 0.025427 0.0798129 0.0755058 -0.0935049 0.0733071 0.010156 
-0.0966889 0.0417535 -0.0797849 -0.0270782 0.080906 -0.0830919 -0.0598219 0 0.015073 0.0710888 -0.00529921 -0.0397587 -0.0517454 -0.0164964 -0.00328026 0.0108503 
-0.0770805 0.0750888 -0.097711 -0.0630238 0.0341346 0.0464026 0.0215481 -0.015073 0 0.00437845 -0.0702814 -0.0581656 0.0241458 0.091398 -0.0265038 0.0656132 
0.0215375 0.0990085 0.0163401 -0.0270414 0.000745571 0.0646871 -0.0507474 -0.0710888 -0.00437845 0 -0.020599 0.00709111 -0.06099 -0.0811627 -0.0923683 0.0215012 
0.031639 0.0372414 -0.0538881 -0.0629625 0.0531555 0.00812813 -0.025427 0.00529921 0.0702814 0.020599 0 0.0487669 -0.0684873 0.0897796 0.0438481 -0.0911751 
-0.0201553 0.0668186 -0.040832 -0.0522042 -0.0163099 -0.0947235 -0.0798129 0.0397587 0.0581656 -0.00709111 -0.0487669 0 -0.0616521 -0.0395306 -0.00537512 0.0577536 
0.0116091 -0.0157392 0.00817562 -0.0929659 -0.0500623 0.0109957 -0.0755058 0.0517454 -0.0241458 0.06099 0.0684873 0.0616521 0 0.0134931 0.00454337 -0.0425901 
-0.0186509 0.0216289 -0.0613206 0.0226551 0.0772941 0.0585195 0.0935049 0.0164964 -0.091398 0.0811627 -0.0897796 0.0395306 -0.0134931 0 -0.0553873 -0.0994876 
-0.0692775 -0.00376677 0.0128175 0.0640355 -0.0154043 -0.0277052 -0.0733071 0.00328026 0.0265038 0.0923683 -0.0438481 0.00537512 -0.00454337 0.0553873 0 -0.054505 
-0.0313898 -0.0924711 -0.0214313 0.0566281 0.072758 -0.0345549 -0.010156 -0.0108503 -0.0656132 -0.0215012 0.0911751 -0.0577536 0.0425901 0.0994876 0.054505 0 
