15

16000 4500

30 55 80

2

0 90240 93440 92070 48430 72620 56190 99941 85750 80960 84880 62720 34700 96490 88531 73050 
90640 0 159800 54470 68630 100511 34830 129892 24360 15940 112771 29610 88230 78510 157153 121771 
93040 159460 0 129460 92490 157612 134992 186480 139010 144230 169872 141162 73600 121850 11300 148200 
91850 54060 130310 0 43790 121710 60300 151091 33990 43400 133970 62110 65610 24260 132530 142970 
48060 68400 92560 43710 0 102600 56520 131981 47950 53170 114860 59220 21820 48130 91271 118350 
72970 100760 157483 122821 102870 0 66710 33620 96270 91480 13280 73240 102280 138012 152224 38640 
56330 34820 134863 60550 56410 66210 0 93531 33670 26710 78470 7240 66661 83181 129834 87470 
100031 127821 184544 149882 129931 33580 93771 0 123331 118541 33420 100301 131731 165073 178440 43230 
86180 24000 139030 33990 47860 96060 33650 125441 0 9460 108320 31180 68600 58030 138261 117320 
81190 15400 144040 43310 52870 91070 26560 120451 9560 0 103330 23440 72470 67350 141863 112330 
84770 112560 169283 134621 114670 13080 78510 33000 108070 103280 0 85040 114080 149812 164024 46690 
62790 29550 141313 62460 59120 72670 7200 99991 31270 23450 84930 0 71600 85091 136284 93930 
34630 87370 73360 65910 22270 101990 66430 133741 68690 72140 114250 71630 0 70330 70583 104920 
96300 78100 122050 24260 48240 137272 82812 166653 58030 67440 149532 84822 70060 0 124270 158532 
88401 156663 12040 131960 90741 152623 130223 178990 137691 141753 164883 136393 70263 124350 0 139140 
74102 121940 147940 144001 118620 38330 87890 43480 117450 112660 46850 94420 104890 159192 138920 0 

0 Ciudad_0 0 0 32400 0
1 Ciudad_1 825 4344 7749 1650
2 Ciudad_2 311 6336 10248 622
3 Ciudad_3 754 3790 7923 1508
4 Ciudad_4 786 15595 18122 1572
5 Ciudad_5 684 9831 12269 1368
6 Ciudad_6 772 3093 6093 1544
7 Ciudad_7 145 21339 24364 290
8 Ciudad_8 405 10778 13123 810
9 Ciudad_9 597 5865 9968 1194
10 Ciudad_10 545 20600 23117 1090
11 Ciudad_11 685 20908 24007 1370
12 Ciudad_12 295 6153 10839 590
13 Ciudad_13 680 16308 20238 1360
14 Ciudad_14 211 17037 21710 422
15 Ciudad_15 368 7547 10385 736

0 0.0845735 0.0251283 -0.0454791 -0.0832693 0.0743643 -0.0360872 0.0153287 -0.0843814 0.0703433 0.0838091 -0.0226143 -0.0457471 0.0469969 -0.0247568 0.0300193 
-0.0845735 0 0.0803841 -0.0796343 -0.0648667 0.0647749 -0.00916748 -0.029724 -0.0231542 -0.0814312 0.0701399 -0.0614778 0.0366528 -0.0145574 -0.0320005 -0.0663379 
-0.0251283 -0.0803841 0 -0.0198221 -0.0676514 -0.0760054 -0.0393716 -0.0180785 0.0976994 0.0162612 -0.00536623 -0.0747825 0.00705714 -0.0444063 0.0947497 -0.0410287 
0.0454791 0.0796343 0.0198221 0 -0.083007 0.0301527 0.0266313 0.0421322 0.0436945 -0.0475525 -0.0734886 -0.0300765 -0.0442765 -0.0151605 -0.0497036 -0.0667022 
0.0832693 0.0648667 0.0676514 0.083007 0 -0.0864123 -0.0581577 0.0244606 -0.0458549 -0.0954193 0.0258116 0.0925773 -0.0492338 0.0314953 0.0131166 0.0207538 
-0.0743643 -0.0647749 0.0760054 -0.0301527 0.0864123 0 -0.0429565 -0.0404034 -0.0535109 0.0618785 -0.0385236 0.0761737 0.0288986 0.0446902 -0.00823132 0.0074514 
0.0360872 0.00916748 0.0393716 -0.0266313 0.0581577 0.0429565 0 0.0503576 0.0669897 0.0835817 0.055668 -0.0484857 -0.0524128 -0.0282057 -0.0758058 -0.080448 
-0.0153287 0.029724 0.0180785 -0.0421322 -0.0244606 0.0404034 -0.0503576 0 -0.0431239 -0.00946084 -0.00312485 -0.0987711 -0.050142 -0.0688067 -0.0728156 -0.0312226 
0.0843814 0.0231542 -0.0976994 -0.0436945 0.0458549 0.0535109 -0.0669897 0.0431239 0 -0.0412667 0.0521641 -0.0848799 0.0514459 -0.084324 -0.000440503 -0.0347619 
-0.0703433 0.0814312 -0.0162612 0.0475525 0.0954193 -0.0618785 -0.0835817 0.00946084 0.0412667 0 0.0672485 -0.0619287 0.0591377 0.0334018 0.0949111 0.0508987 
-0.0838091 -0.0701399 0.00536623 0.0734886 -0.0258116 0.0385236 -0.055668 0.00312485 -0.0521641 -0.0672485 0 -0.00531291 0.0849967 -0.0811022 0.0664315 -0.0318591 
0.0226143 0.0614778 0.0747825 0.0300765 -0.0925773 -0.0761737 0.0484857 0.0987711 0.0848799 0.0619287 0.00531291 0 -0.0645934 0.000366189 0.0260448 0.0942064 
0.0457471 -0.0366528 -0.00705714 0.0442765 0.0492338 -0.0288986 0.0524128 0.050142 -0.0514459 -0.0591377 -0.0849967 0.0645934 0 -0.0722658 0.0970388 -0.0862343 
-0.0469969 0.0145574 0.0444063 0.0151605 -0.0314953 -0.0446902 0.0282057 0.0688067 0.084324 -0.0334018 0.0811022 -0.000366189 0.0722658 0 -0.0880567 -0.0304457 
0.0247568 0.0320005 -0.0947497 0.0497036 -0.0131166 0.00823132 0.0758058 0.0728156 0.000440503 -0.0949111 -0.0664315 -0.0260448 -0.0970388 0.0880567 0 0.0624372 
-0.0300193 0.0663379 0.0410287 0.0667022 -0.0207538 -0.0074514 0.080448 0.0312226 0.0347619 -0.0508987 0.0318591 -0.0942064 0.0862343 0.0304457 -0.0624372 0 
