15

16000 4500

30 55 80

2

0 28800 93941 97880 88501 91700 51441 67390 72781 54440 40340 78660 90380 44510 87300 93800 
28810 0 100130 124410 73460 119820 36840 95510 87140 80970 48200 79000 63480 49990 109801 116611 
95430 100650 0 75320 89281 120900 80580 116751 160650 68880 129400 180561 138330 136350 144601 151001 
97780 124240 75520 0 142320 63310 123050 74770 138340 44430 122070 168010 178670 129680 96720 99950 
88690 73400 89420 142040 0 168030 38230 148680 159272 115190 120890 141080 57860 122680 173831 180950 
91630 119800 120740 63300 167770 0 134470 25630 86260 53050 90120 128470 181380 97730 40290 41650 
51820 36900 80740 122940 38200 134880 0 111810 122402 85300 84390 109620 57690 86180 135660 142160 
67680 95850 116681 74770 148730 25420 111670 0 65231 48641 64760 104010 157430 72370 27850 34250 
73292 87000 158210 138180 159643 86150 122583 64940 0 101390 39260 48580 133590 39920 51920 56200 
54300 80760 68810 44750 115270 53020 85070 48571 101770 0 84600 128150 134760 92210 76421 82821 
40331 48560 128810 122150 121460 89500 84840 64540 39460 84180 0 43290 101730 8200 70630 76620 
79071 79060 180431 166110 141970 128240 110580 103950 48480 127910 43450 0 108080 37070 98910 103480 
90130 63370 138460 178550 57920 181140 57640 156830 133450 134890 101490 107060 0 98250 171231 177700 
44891 50420 136070 129830 123320 97180 86700 72220 40050 91860 8220 36870 98660 0 76240 80810 
87150 109261 144401 96650 173541 39810 135260 27720 52300 76361 70960 98660 172241 76160 0 6810 
93760 116171 150691 99840 180991 41150 141870 34010 56650 82651 76690 102550 177790 80970 6940 0 

0 Ciudad_0 0 0 32400 0
1 Ciudad_1 695 16522 19927 1390
2 Ciudad_2 823 8386 12298 1646
3 Ciudad_3 263 22999 27132 526
4 Ciudad_4 251 23805 26332 502
5 Ciudad_5 358 4795 7233 716
6 Ciudad_6 108 21014 24014 216
7 Ciudad_7 778 11203 14228 1556
8 Ciudad_8 776 6290 8635 1552
9 Ciudad_9 574 5114 9217 1148
10 Ciudad_10 663 24565 27082 1326
11 Ciudad_11 280 10827 13926 560
12 Ciudad_12 375 21003 25689 750
13 Ciudad_13 214 17977 21907 428
14 Ciudad_14 461 12188 16861 922
15 Ciudad_15 607 8380 11218 1214

0 -0.0523405 -0.0427087 -0.00218962 0.00844617 0.00688248 -0.00244618 0.0567557 -0.000748446 -0.0819805 -0.0883429 0.0403301 -0.00597973 0.00265792 0.0576457 0.0408511 
0.0523405 0 0.0418392 0.0201968 0.032133 0.0901518 0.00246419 -0.0488377 0.0154508 -0.0346341 -0.0130703 0.0555499 0.0541091 -0.00128302 -0.0268024 0.0224113 
0.0427087 -0.0418392 0 -0.0573793 -0.0556926 -0.0219319 -0.0746965 -0.0704241 -0.0145105 0.0284928 0.0413667 -0.0539178 0.0207949 -0.0892254 0.00383039 0.0438475 
0.00218962 -0.0201968 0.0573793 0 -0.00781632 0.0849182 0.063013 -0.0750219 0.0713739 -0.0935798 -0.0379486 -0.0271765 0.0978735 0.0977491 -0.0775754 0.0652682 
-0.00844617 -0.032133 0.0556926 0.00781632 0 -0.0998333 -0.0832191 -0.0674732 -0.0667596 0.0526021 0.0191236 -0.0122371 0.0213936 0.0188008 0.079589 0.0664348 
-0.00688248 -0.0901518 0.0219319 -0.0849182 0.0998333 0 0.0330901 0.0772726 -0.0921634 -0.0733383 0.0484717 0.035477 -0.0507409 -0.0952733 0.018967 -0.0829513 
0.00244618 -0.00246419 0.0746965 -0.063013 0.0832191 -0.0330901 0 -0.0135922 -0.0240194 0.0483889 0.00247078 0.0765947 -0.0841724 -0.015549 -0.054431 0.046485 
-0.0567557 0.0488377 0.0704241 0.0750219 0.0674732 -0.0772726 0.0135922 0 -0.00611214 -0.0105455 -0.0204291 0.00558198 0.0283787 -0.0527961 -0.0599407 0.00475379 
0.000748446 -0.0154508 0.0145105 -0.0713739 0.0667596 0.0921634 0.0240194 0.00611214 0 -0.0643897 -0.0437304 0.0246631 0.0919569 0.0416949 0.0726648 -0.0352055 
0.0819805 0.0346341 -0.0284928 0.0935798 -0.0526021 0.0733383 -0.0483889 0.0105455 0.0643897 0 0.010318 -0.00685932 0.0222179 -0.0329893 -0.0653293 -0.0131098 
0.0883429 0.0130703 -0.0413667 0.0379486 -0.0191236 -0.0484717 -0.00247078 0.0204291 0.0437304 -0.010318 0 0.0816166 -0.0818078 -0.0176406 -0.0995514 -0.0460538 
-0.0403301 -0.0555499 0.0539178 0.0271765 0.0122371 -0.035477 -0.0765947 -0.00558198 -0.0246631 0.00685932 -0.0816166 0 -0.0128111 -0.0804385 -0.092379 0.0314047 
0.00597973 -0.0541091 -0.0207949 -0.0978735 -0.0213936 0.0507409 0.0841724 -0.0283787 -0.0919569 -0.0222179 0.0818078 0.0128111 0 -0.0366206 0.0509022 -0.00143602 
-0.00265792 0.00128302 0.0892254 -0.0977491 -0.0188008 0.0952733 0.015549 0.0527961 -0.0416949 0.0329893 0.0176406 0.0804385 0.0366206 0 0.0993649 -0.0296141 
-0.0576457 0.0268024 -0.00383039 0.0775754 -0.079589 -0.018967 0.054431 0.0599407 -0.0726648 0.0653293 0.0995514 0.092379 -0.0509022 -0.0993649 0 -0.0094786 
-0.0408511 -0.0224113 -0.0438475 -0.0652682 -0.0664348 0.0829513 -0.046485 -0.00475379 0.0352055 0.0131098 0.0460538 -0.0314047 0.00143602 0.0296141 0.0094786 0 
