15

16000 4500

30 55 80

2

0 90940 65960 92061 68130 46470 89960 88650 81490 87490 81220 37470 79710 41330 89360 54620 
91020 0 155350 6920 65500 47680 81520 49960 155260 102610 170610 126420 12810 127440 179580 39730 
65830 157100 0 158221 118271 110120 133250 146560 71580 117760 22120 30920 145870 36670 30260 118270 
92140 6510 156470 0 62400 47920 77550 56020 156670 99510 171730 127540 14880 127920 180700 39970 
68060 66010 118451 62100 0 44180 24690 98250 147240 40130 138971 99342 55980 83741 147111 44020 
46670 47820 110560 47661 44090 0 67810 58700 116230 78130 125820 82070 36590 83090 133960 8760 
90840 81920 133750 77060 24260 67500 0 118020 169602 32820 154270 116450 75750 99040 162480 67340 
89060 49700 146340 56170 97580 58640 117590 0 139740 133320 161650 116250 49050 129480 169790 55340 
81350 155420 71690 156940 147290 116390 169933 139860 0 158770 50620 54040 144190 81710 56910 124070 
87810 102260 117930 98350 40410 78740 32680 133720 159110 0 136910 105610 92230 85660 143120 78740 
81060 173740 21960 174861 138761 125350 153910 161790 50300 136450 0 46150 162510 58200 8980 133500 
37290 126050 30670 127171 98932 81580 115830 116510 54360 105200 45930 0 114820 28660 54070 89730 
79720 12740 143780 14910 55650 36530 75660 49180 143960 92210 159040 115120 0 116140 168010 28580 
41370 127450 36750 126490 83421 82980 98230 129050 81570 85490 58450 28660 116220 0 66590 90520 
89240 182070 30090 183191 146941 133530 162160 169970 56780 142630 9020 54330 170840 66330 0 141830 
54540 39870 118430 39711 44360 9000 68080 55890 123850 78900 133690 89940 28640 90490 142660 0 

0 Ciudad_0 0 0 32400 0
1 Ciudad_1 698 8509 11914 1396
2 Ciudad_2 711 23017 26929 1422
3 Ciudad_3 287 5082 9215 574
4 Ciudad_4 617 23187 25714 1234
5 Ciudad_5 303 11469 13907 606
6 Ciudad_6 815 9766 12766 1630
7 Ciudad_7 414 10808 13833 828
8 Ciudad_8 183 16745 19090 366
9 Ciudad_9 669 16266 20369 1338
10 Ciudad_10 680 12419 14936 1360
11 Ciudad_11 381 8480 11579 762
12 Ciudad_12 381 22265 26951 762
13 Ciudad_13 122 1782 5712 244
14 Ciudad_14 140 23119 27792 280
15 Ciudad_15 675 20180 23018 1350

0 -0.027938 -0.0885726 -0.0112572 0.0890516 -0.0343714 -0.00870518 0.0414449 0.0413974 -0.0812442 -0.0587158 -0.0283611 0.0550363 0.0444945 -0.0155289 -0.0791748 
0.027938 0 0.00265172 -0.047287 0.0474814 0.0146353 -0.0973599 0.0718039 0.0746438 0.090202 -0.0926405 -0.0668988 0.0557846 -0.0844379 -0.0526215 0.0304131 
0.0885726 -0.00265172 0 -0.0581172 -0.0740192 0.0549649 0.0558208 0.0955622 -0.0441688 0.0840232 0.0964706 -0.0893575 -0.0440021 0.0094887 0.00683123 0.0484491 
0.0112572 0.047287 0.0581172 0 0.0669739 0.0756092 -0.0566514 0.0914517 0.0432742 0.0701704 0.0461675 -0.00765669 0.0609805 -0.00602613 -0.013671 0.028558 
-0.0890516 -0.0474814 0.0740192 -0.0669739 0 -0.0776047 -0.0731547 0.0555367 0.069218 0.0923952 0.0557365 0.0370749 -0.0937027 0.0557516 0.0455599 -0.0622586 
0.0343714 -0.0146353 -0.0549649 -0.0756092 0.0776047 0 0.00150157 0.0850147 0.0264154 -0.06001 -0.0854999 -0.0734805 -0.033886 0.0935761 -0.0479599 -0.0255492 
0.00870518 0.0973599 -0.0558208 0.0566514 0.0731547 -0.00150157 0 -0.0887953 0.0773056 -0.0626682 0.0320949 -0.0747963 0.0383877 0.00483186 -0.0434102 0.0868413 
-0.0414449 -0.0718039 -0.0955622 -0.0914517 -0.0555367 -0.0850147 0.0887953 0 0.059922 -0.042589 0.0602012 0.00731261 -0.0316361 0.0227278 -0.0631433 -0.0745504 
-0.0413974 -0.0746438 0.0441688 -0.0432742 -0.069218 -0.0264154 -0.0773056 -0.059922 0 -0.016283 -0.0517927 0.0158191 0.0236379 0.0883995 -0.00462708 0.0523831 
0.0812442 -0.090202 -0.0840232 -0.0701704 -0.0923952 0.06001 0.0626682 0.042589 0.016283 0 -0.0130079 0.0677973 -0.0586995 -0.0871019 0.0793136 -0.0880445 
0.0587158 0.0926405 -0.0964706 -0.0461675 -0.0557365 0.0854999 -0.0320949 -0.0602012 0.0517927 0.0130079 0 -0.0588972 0.0327543 -0.0584658 -0.0759227 -0.082237 
0.0283611 0.0668988 0.0893575 0.00765669 -0.0370749 0.0734805 0.0747963 -0.00731261 -0.0158191 -0.0677973 0.0588972 0 -0.0835958 -0.0491405 -0.0779485 -0.0183 
-0.0550363 -0.0557846 0.0440021 -0.0609805 0.0937027 0.033886 -0.0383877 0.0316361 -0.0236379 0.0586995 -0.0327543 0.0835958 0 0.051588 0.033837 0.0134255 
-0.0444945 0.0844379 -0.0094887 0.00602613 -0.0557516 -0.0935761 -0.00483186 -0.0227278 -0.0883995 0.0871019 0.0584658 0.0491405 -0.051588 0 0.0715145 0.0641994 
0.0155289 0.0526215 -0.00683123 0.013671 -0.0455599 0.0479599 0.0434102 0.0631433 0.00462708 -0.0793136 0.0759227 0.0779485 -0.033837 -0.0715145 0 -0.0889387 
0.0791748 -0.0304131 -0.0484491 -0.028558 0.0622586 0.0255492 -0.0868413 0.0745504 -0.0523831 0.0880445 0.082237 0.0183 -0.0134255 -0.0641994 0.0889387 0 
