15

16000 4500

30 55 80

2

0 50941 92751 91440 96450 75910 76210 49310 69650 64640 49720 24280 44970 91230 81440 94581 
51061 0 137773 103641 92220 82280 52100 15280 45540 59500 21230 72601 23220 83460 57960 142902 
92801 137743 0 140991 111514 94983 144893 132233 137923 137732 128923 69441 122493 114864 133533 31220 
90990 103631 141351 0 202421 162160 149801 115361 143241 50070 120501 89141 117041 193391 157061 118581 
96200 91870 111305 202802 0 23070 59960 79550 52810 149200 72530 115100 71390 9820 42090 135015 
75930 82130 94894 162320 23080 0 56290 69810 48910 135520 62790 94830 59680 20620 40530 118604 
76390 52140 144795 149631 60440 56260 0 39820 8040 109170 32800 100020 33360 52320 20600 166484 
49450 15280 132263 115381 79900 69960 39780 0 33220 71240 8910 73080 10980 71140 45640 143381 
69770 45520 137774 143011 53160 48980 8010 33200 0 102550 26180 93400 26740 45040 14050 159864 
64610 59100 137842 50100 149170 135780 108720 70830 102160 0 77850 69990 78550 140500 114580 135311 
49430 21240 128745 120011 72830 62890 32710 8920 26150 78270 0 73060 7220 64070 38570 143361 
24310 72661 69411 89141 115520 94980 100060 73160 93500 69950 73570 0 68820 110300 105290 71241 
45090 23200 122215 116961 71200 59800 33450 11010 26890 78940 7130 68720 0 62170 39310 139021 
91250 83700 114645 193972 10310 20630 52340 71380 45190 140810 64360 110150 62560 0 34470 138355 
81960 58010 133314 156841 42450 40610 20380 45690 14140 115040 38670 105590 39230 34330 0 157024 
94731 143082 30970 118401 135135 118604 166424 143581 159864 135381 143991 71371 139241 138485 157154 0 

0 Ciudad_0 0 0 32400 0
1 Ciudad_1 178 10939 14344 356
2 Ciudad_2 397 12956 16868 794
3 Ciudad_3 693 9863 13996 1386
4 Ciudad_4 346 4029 6556 692
5 Ciudad_5 785 7775 10213 1570
6 Ciudad_6 803 15000 18000 1606
7 Ciudad_7 609 12918 15943 1218
8 Ciudad_8 216 19657 22002 432
9 Ciudad_9 345 6962 11065 690
10 Ciudad_10 748 6061 8578 1496
11 Ciudad_11 473 24735 27834 946
12 Ciudad_12 103 6289 10975 206
13 Ciudad_13 486 14474 18404 972
14 Ciudad_14 410 17640 22313 820
15 Ciudad_15 627 9764 12602 1254

0 -0.0596774 0.0456656 -0.0925609 -0.0155133 0.0440966 0.0636837 0.0471715 0.059528 0.000956223 0.0917941 -0.0719691 0.0431331 -0.0781633 0.00407973 0.0224582 
0.0596774 0 0.0276909 -0.0929748 0.00711436 0.0160752 0.0618082 0.0572749 -0.0275955 0.0535918 -0.0810229 0.0681379 0.0614433 -0.020669 -0.0982787 -0.0610693 
-0.0456656 -0.0276909 0 -0.0139153 0.0649221 0.0286509 0.0506005 0.0242043 0.0794 -0.06486 0.0587134 0.0467442 -0.0287233 0.0408779 -0.00670065 -0.0993927 
0.0925609 0.0929748 0.0139153 0 0.017268 0.0697063 0.0302217 0.0287498 -0.0279816 0.029353 -0.0198598 0.0709352 -0.0811949 0.0330841 0.0720831 0.0235446 
0.0155133 -0.00711436 -0.0649221 -0.017268 0 -0.0221212 0.0191768 0.0197461 -0.0581803 -0.00485383 -0.0472237 -0.0767726 0.00296428 -0.0432311 0.00390045 0.0274923 
-0.0440966 -0.0160752 -0.0286509 -0.0697063 0.0221212 0 -0.00216386 -0.0884176 0.0336529 -0.0736422 -0.0861774 -0.0775958 0.0166663 -0.0717091 -0.0603823 -0.0919617 
-0.0636837 -0.0618082 -0.0506005 -0.0302217 -0.0191768 0.00216386 0 -0.00117977 -0.0351027 0.00777706 -0.0532769 -0.0450659 -0.052679 -0.00135031 -0.0331981 -0.0957467 
-0.0471715 -0.0572749 -0.0242043 -0.0287498 -0.0197461 0.0884176 0.00117977 0 -0.0831198 -0.0890199 -0.0719954 -0.067637 0.0408215 0.0272784 -0.0431982 -0.0215429 
-0.059528 0.0275955 -0.0794 0.0279816 0.0581803 -0.0336529 0.0351027 0.0831198 0 0.0775705 0.0828211 -0.00613919 0.00148493 0.0195719 0.0309072 -0.0628434 
-0.000956223 -0.0535918 0.06486 -0.029353 0.00485383 0.0736422 -0.00777706 0.0890199 -0.0775705 0 0.0239179 -0.0206835 0.0840394 -0.0557072 0.0536115 -0.052492 
-0.0917941 0.0810229 -0.0587134 0.0198598 0.0472237 0.0861774 0.0532769 0.0719954 -0.0828211 -0.0239179 0 -0.0630084 -0.00715056 -0.0419203 -0.096859 -0.0213684 
0.0719691 -0.0681379 -0.0467442 -0.0709352 0.0767726 0.0775958 0.0450659 0.067637 0.00613919 0.0206835 0.0630084 0 -0.0118913 0.00219418 -0.0718176 -0.0976459 
-0.0431331 -0.0614433 0.0287233 0.0811949 -0.00296428 -0.0166663 0.052679 -0.0408215 -0.00148493 -0.0840394 0.00715056 0.0118913 0 0.0570377 -0.00933254 0.0575566 
0.0781633 0.020669 -0.0408779 -0.0330841 0.0432311 0.0717091 0.00135031 -0.0272784 -0.0195719 0.0557072 0.0419203 -0.00219418 -0.0570377 0 0.0274492 -0.0375767 
-0.00407973 0.0982787 0.00670065 -0.0720831 -0.00390045 0.0603823 0.0331981 0.0431982 -0.0309072 -0.0536115 0.096859 0.0718176 0.00933254 -0.0274492 0 -0.0599614 
-0.0224582 0.0610693 0.0993927 -0.0235446 -0.0274923 0.0919617 0.0957467 0.0215429 0.0628434 0.052492 0.0213684 0.0976459 -0.0575566 0.0375767 0.0599614 0 
