15

16000 4500

30 55 80

2

0 11640 20250 12010 12440 45840 46600 61901 30750 99311 43930 11340 19450 15940 9930 92821 
11580 0 28280 23040 9110 49750 50510 61350 26110 109251 47840 19370 16920 6960 17960 102911 
19800 27960 0 18450 31070 48620 53390 70410 43080 94991 46400 9680 38080 30650 11370 78600 
12010 23090 18450 0 19290 56340 57100 72401 41410 87301 54430 12090 22440 27250 13270 86601 
12550 9230 31480 19470 0 58080 58840 70030 34790 104271 56170 22570 9600 15640 21160 103511 
45610 49200 48670 56060 57660 0 7190 30770 37420 135051 2730 46320 64890 45660 45290 105011 
46490 50080 53460 56940 58540 7390 0 25290 36240 141621 9300 47200 65770 46540 46170 111581 
61811 61490 70340 72261 70050 30790 25070 0 39690 158721 32620 63440 77860 57970 62410 133931 
30780 26070 43740 41270 34630 37880 36710 39380 0 128571 36060 34830 42440 21270 33800 118560 
99321 109071 94871 87301 104251 135131 141541 158711 128721 0 132911 98541 102712 114051 99721 71241 
43700 47290 46430 54150 55750 2730 9270 32800 35840 132811 0 44360 62980 43750 43380 102771 
10910 19070 9780 12130 22180 46540 47320 63630 34190 98581 44320 0 29190 21760 2480 85640 
19320 16920 38250 22560 9510 64900 65660 77720 42480 102762 62990 29340 0 23330 27930 109161 
15930 6960 30910 27340 15520 46010 46770 57620 21700 113981 44100 22000 23330 0 20590 105961 
8570 16730 13000 13400 19840 45450 46210 62520 32010 100151 43540 4090 26850 19420 0 88860 
93151 102961 78760 86821 103731 105051 111591 134341 118870 71371 102831 85700 109271 105821 87390 0 

0 Ciudad_0 0 0 32400 0
1 Ciudad_1 694 14951 18356 1388
2 Ciudad_2 593 20649 24561 1186
3 Ciudad_3 214 16320 20453 428
4 Ciudad_4 595 21041 23568 1190
5 Ciudad_5 297 14188 16626 594
6 Ciudad_6 182 19718 22718 364
7 Ciudad_7 799 14208 17233 1598
8 Ciudad_8 654 20698 23043 1308
9 Ciudad_9 581 15167 19270 1162
10 Ciudad_10 288 3515 6032 576
11 Ciudad_11 299 20070 23169 598
12 Ciudad_12 535 6853 11539 1070
13 Ciudad_13 150 7645 11575 300
14 Ciudad_14 823 5091 9764 1646
15 Ciudad_15 682 9651 12489 1364

0 0.0469556 -0.0254954 -0.00205544 -0.0406953 2.61971e-05 -0.0342632 -0.0505805 0.0324255 0.0594411 0.0874648 -0.0544139 -0.0247587 -0.0656171 -0.050569 -0.0878352 
-0.0469556 0 0.0359985 -0.0807152 0.0593858 0.0529473 0.0123234 -0.088846 0.0501929 0.0691204 0.00508571 0.00157036 -0.0189467 0.0327736 0.089812 0.00079815 
0.0254954 -0.0359985 0 -0.0697985 -0.0179135 -0.0210151 -0.018425 -0.0111143 -0.0349573 -0.062421 -0.0351714 0.00660962 -0.035999 -0.0249523 -0.0871553 0.0390475 
0.00205544 0.0807152 0.0697985 0 -0.0902448 0.0024573 -0.0391496 -0.0145203 -0.0346786 -0.00833918 0.060029 -0.073623 0.00689318 0.0841298 -0.058059 -0.0445359 
0.0406953 -0.0593858 0.0179135 0.0902448 0 0.0329219 -0.0424262 0.088523 -0.0449152 -0.00820256 -0.0571104 -0.0381344 -0.0486762 -0.0655508 -0.0624873 0.025262 
-2.61971e-05 -0.0529473 0.0210151 -0.0024573 -0.0329219 0 0.0516984 -0.0912408 0.0454245 0.0157299 -0.0581653 -0.0923008 -0.0502189 -0.0995885 -0.0318531 -0.0422268 
0.0342632 -0.0123234 0.018425 0.0391496 0.0424262 -0.0516984 0 -0.0815085 0.0979736 -0.0376953 0.0246503 -0.0303512 0.0860804 0.0258374 0.0375898 -0.0640384 
0.0505805 0.088846 0.0111143 0.0145203 -0.088523 0.0912408 0.0815085 0 -0.0318744 0.0483743 -0.0778118 0.0981355 -0.0664376 0.0553922 0.0331853 0.00546035 
-0.0324255 -0.0501929 0.0349573 0.0346786 0.0449152 -0.0454245 -0.0979736 0.0318744 0 0.0617981 0.0220825 -0.0887976 -0.06541 -0.0247967 0.090078 -0.0554375 
-0.0594411 -0.0691204 0.062421 0.00833918 0.00820256 -0.0157299 0.0376953 -0.0483743 -0.0617981 0 0.0964602 0.0782046 -0.0943093 -0.000422826 0.0658486 0.0299955 
-0.0874648 -0.00508571 0.0351714 -0.060029 0.0571104 0.0581653 -0.0246503 0.0778118 -0.0220825 -0.0964602 0 -0.0882567 -0.0114944 -0.0257215 -0.0879836 -0.0599251 
0.0544139 -0.00157036 -0.00660962 0.073623 0.0381344 0.0923008 0.0303512 -0.0981355 0.0887976 -0.0782046 0.0882567 0 0.0750114 -0.0274975 0.0503066 -0.0496247 
0.0247587 0.0189467 0.035999 -0.00689318 0.0486762 0.0502189 -0.0860804 0.0664376 0.06541 0.0943093 0.0114944 -0.0750114 0 -0.0461492 -0.0667665 -0.0843525 
0.0656171 -0.0327736 0.0249523 -0.0841298 0.0655508 0.0995885 -0.0258374 -0.0553922 0.0247967 0.000422826 0.0257215 0.0274975 0.0461492 0 -0.0209261 -0.0973282 
0.050569 -0.089812 0.0871553 0.058059 0.0624873 0.0318531 -0.0375898 -0.0331853 -0.090078 -0.0658486 0.0879836 -0.0503066 0.0667665 0.0209261 0 0.0528698 
0.0878352 -0.00079815 -0.0390475 0.0445359 -0.025262 0.0422268 0.0640384 -0.00546035 0.0554375 -0.0299955 0.0599251 0.0496247 0.0843525 0.0973282 -0.0528698 0 
