15

16000 4500

30 55 80

2

0 83220 96000 99300 74750 73550 91580 49990 39370 91600 90810 10620 73680 41440 47540 82800 
83350 0 29540 25820 135070 33250 27790 66580 79360 91612 27700 91190 38240 74650 72800 14130 
96120 29620 0 17670 154750 57390 55980 63220 80100 116971 8240 103960 62380 74150 71410 16750 
99300 25900 17640 0 157270 56200 47250 74480 89150 111302 24300 108500 61030 84440 82590 18100 
75370 135370 154790 157260 0 106280 119191 125160 113750 69410 151940 67700 102770 115820 121920 141590 
73560 33150 57010 56100 106000 0 18960 82760 88190 60830 55070 80160 6140 86730 88980 43500 
91550 28100 56080 47230 118771 18960 0 89910 100860 69111 54240 98150 22850 97980 96130 40670 
50010 66520 63110 74610 124570 82770 89940 0 19360 126840 55011 60440 87520 13410 9160 58600 
39320 79300 80070 89270 113220 88440 100940 19570 0 121460 72340 49090 90100 7890 12020 72500 
91650 91950 116850 111591 69170 60670 69040 126600 121890 0 114910 89650 57030 121800 125630 103340 
90830 27890 8580 24590 151790 55430 54250 55440 72320 115011 0 98670 60420 66370 63630 15110 
10750 91120 103900 108590 66870 79110 97140 60540 49130 89910 98710 0 79030 51200 57300 90700 
74010 38140 62000 61080 102300 6150 22870 87400 90110 56810 60060 80080 0 88650 91760 48490 
41660 74630 74100 84600 115560 86920 98050 13600 7510 121790 66370 51430 88830 0 6520 67830 
47840 72870 70931 82610 121740 89120 96290 9120 11630 125820 62811 57610 91850 6550 0 66070 
81340 13850 16070 18410 139970 42610 40210 57190 71050 102191 14230 89180 47600 66340 64490 0 

0 Ciudad_0 0 0 32400 0
1 Ciudad_1 430 9302 12707 860
2 Ciudad_2 136 12801 16713 272
3 Ciudad_3 174 4525 8658 348
4 Ciudad_4 234 15543 18070 468
5 Ciudad_5 718 17209 19647 1436
6 Ciudad_6 655 16987 19987 1310
7 Ciudad_7 685 5460 8485 1370
8 Ciudad_8 204 26727 29072 408
9 Ciudad_9 823 4627 8730 1646
10 Ciudad_10 420 18162 20679 840
11 Ciudad_11 781 1390 4489 1562
12 Ciudad_12 680 7700 12386 1360
13 Ciudad_13 482 6410 10340 964
14 Ciudad_14 438 18466 23139 876
15 Ciudad_15 375 18605 21443 750

0 0.0558524 0.0163616 0.0621132 -0.0800814 0.0462436 0.0705694 0.0524086 -0.00265365 0.0960558 0.0557825 -0.0378377 0.0524833 0.00383735 -0.0154193 0.0981542 
-0.0558524 0 0.0433442 -0.0475676 -0.023245 -0.0546122 -0.094364 -0.0183713 0.0568223 -0.0988225 0.0126668 -0.0411824 0.088259 0.020601 -0.0181465 0.0465108 
-0.0163616 -0.0433442 0 -0.011363 -0.0813127 0.0343764 -0.045092 -0.0358202 -0.0916247 -0.0826941 -0.0991108 0.0632861 0.0483098 0.0788735 0.0950866 -0.0518553 
-0.0621132 0.0475676 0.011363 0 0.0773075 -0.000189647 0.000621404 -0.0180386 0.0826554 -0.024925 -0.0258592 0.0817285 0.0429865 0.0135538 0.0215829 -0.0320063 
0.0800814 0.023245 0.0813127 -0.0773075 0 0.0664158 0.096017 0.0937454 -0.0580967 0.0520692 -0.0520425 -0.0396868 0.0702398 0.0591231 -0.0222175 -0.0021491 
-0.0462436 0.0546122 -0.0343764 0.000189647 -0.0664158 0 -0.0335274 0.0563779 0.0489759 0.0184783 -0.0452426 0.0589783 0.0345359 -0.074018 0.055233 0.0481139 
-0.0705694 0.094364 0.045092 -0.000621404 -0.096017 0.0335274 0 -0.0806804 0.0369776 -0.00942199 -0.0621399 -0.0520442 0.0865493 0.0612899 0.0322278 0.0551254 
-0.0524086 0.0183713 0.0358202 0.0180386 -0.0937454 -0.0563779 0.0806804 0 -0.0685073 0.0142637 -0.0554542 0.00301829 -0.047539 -0.0213426 0.0429838 -0.0448689 
0.00265365 -0.0568223 0.0916247 -0.0826554 0.0580967 -0.0489759 -0.0369776 0.0685073 0 -0.0393716 0.0164978 0.0886715 0.0574214 0.00845577 -0.0477265 0.037126 
-0.0960558 0.0988225 0.0826941 0.024925 -0.0520692 -0.0184783 0.00942199 -0.0142637 0.0393716 0 -0.0627624 -0.0592988 -0.0231076 0.0688673 0.093599 -0.0574124 
-0.0557825 -0.0126668 0.0991108 0.0258592 0.0520425 0.0452426 0.0621399 0.0554542 -0.0164978 0.0627624 0 -0.0171552 0.0784794 -0.0507405 -0.0260751 0.0282021 
0.0378377 0.0411824 -0.0632861 -0.0817285 0.0396868 -0.0589783 0.0520442 -0.00301829 -0.0886715 0.0592988 0.0171552 0 -0.0551949 0.00778049 0.0846733 -0.0534891 
-0.0524833 -0.088259 -0.0483098 -0.0429865 -0.0702398 -0.0345359 -0.0865493 0.047539 -0.0574214 0.0231076 -0.0784794 0.0551949 0 -0.00150547 -0.0989189 -0.0682999 
-0.00383735 -0.020601 -0.0788735 -0.0135538 -0.0591231 0.074018 -0.0612899 0.0213426 -0.00845577 -0.0688673 0.0507405 -0.00778049 0.00150547 0 0.0023076 0.0484063 
0.0154193 0.0181465 -0.0950866 -0.0215829 0.0222175 -0.055233 -0.0322278 -0.0429838 0.0477265 -0.093599 0.0260751 -0.0846733 0.0989189 -0.0023076 0 0.0313643 
-0.0981542 -0.0465108 0.0518553 0.0320063 0.0021491 -0.0481139 -0.0551254 0.0448689 -0.037126 0.0574124 -0.0282021 0.0534891 0.0682999 -0.0484063 -0.0313643 0 
