15

16000 4500

30 55 80

2

0 68090 78060 62040 80200 78900 79450 44580 58890 46590 42650 96620 89331 74031 34890 38220 
67650 0 45840 32720 29610 145110 21790 33170 119610 67620 99890 163090 144590 52190 99470 38210 
77930 45790 0 74190 22990 143773 33550 41770 113352 98020 94232 161523 131661 8430 105821 69690 
62100 32690 75010 0 60260 139560 50940 45760 119270 43100 101880 160540 150861 77480 93470 24950 
80450 29550 22770 60220 0 155302 12050 38110 124881 88030 105220 173052 144800 28240 112270 59700 
79470 145990 144054 140070 155083 0 157350 118292 46070 115690 58010 33370 89870 136734 53500 116250 
80060 21390 33480 51070 12000 157471 0 39930 126760 86450 107040 175500 151020 38950 111880 57040 
44730 33090 41850 45810 38350 118291 40230 0 87420 58840 67860 136041 110870 40980 76210 31660 
59100 119850 113863 119540 124892 46220 127210 87320 0 96960 20960 57550 49710 106553 35820 94780 
46560 67700 97920 42850 87960 115090 86060 58850 96860 0 85300 132680 140641 98960 64640 30410 
42700 99680 94204 101990 105160 57440 107040 67530 20720 85240 0 74540 49431 86884 35080 77230 
98830 165350 163394 161030 174423 35340 176710 137632 59340 134780 76390 0 95760 156084 72590 136010 
89172 144790 131601 150363 144330 89600 151400 110570 49330 139502 49291 93900 0 124291 83601 125292 
74622 52140 8440 76560 28490 137013 39050 40910 106592 98910 87472 154763 124901 0 99061 72060 
34920 99940 106011 93770 112050 52820 111300 76260 35650 64600 35220 70410 83911 98701 0 69950 
38470 38280 69460 24950 59500 115930 56640 31850 94980 30390 77590 134260 125841 71930 69840 0 

0 Ciudad_0 0 0 32400 0
1 Ciudad_1 499 14467 17872 998
2 Ciudad_2 178 8381 12293 356
3 Ciudad_3 141 7498 11631 282
4 Ciudad_4 368 8049 10576 736
5 Ciudad_5 812 7433 9871 1624
6 Ciudad_6 804 18006 21006 1608
7 Ciudad_7 304 25445 28470 608
8 Ciudad_8 462 24067 26412 924
9 Ciudad_9 583 7851 11954 1166
10 Ciudad_10 302 8201 10718 604
11 Ciudad_11 314 23425 26524 628
12 Ciudad_12 347 7360 12046 694
13 Ciudad_13 791 17487 21417 1582
14 Ciudad_14 561 20751 25424 1122
15 Ciudad_15 111 12129 14967 222

0 -0.0791003 -0.0705446 0.0390584 -0.0023818 -0.0147047 -0.0143094 -0.0316328 0.0973566 -0.0973342 -0.0916175 0.0793352 -0.0773292 -0.0501494 -0.0563508 0.0445769 
0.0791003 0 -0.0215606 -0.0835795 0.0421384 0.0860987 0.0267657 -0.00294176 -0.0986998 -0.000130882 -0.0326381 -0.0386066 0.0528754 -0.0791558 0.0717422 -0.0447091 
0.0705446 0.0215606 0 -0.044548 0.0236871 -0.0818152 -0.0897656 -0.0584403 0.0538661 -0.0205521 0.0198592 -0.000951107 0.059314 0.0357786 0.0176159 0.0340503 
-0.0390584 0.0835795 0.044548 0 -0.0505103 -0.0310823 -0.0620529 0.055647 -0.0110836 -0.0201873 0.0176608 0.0648651 0.0221609 -0.0926978 0.0688577 0.0188122 
0.0023818 -0.0421384 -0.0236871 0.0505103 0 -0.0506027 0.0773011 -0.0415976 -0.0357287 -0.0703399 -0.0338715 -0.0813815 -0.0310097 0.0896253 -0.090017 0.0506114 
0.0147047 -0.0860987 0.0818152 0.0310823 0.0506027 0 -0.00328691 0.0406101 -0.00553246 -0.00193256 0.0195797 -0.0947907 -0.0755082 -0.0799602 0.0791576 0.0852778 
0.0143094 -0.0267657 0.0897656 0.0620529 -0.0773011 0.00328691 0 -0.0029706 0.0358629 -0.0346464 -0.0947851 -0.0485557 -0.0950177 0.0689039 0.0792607 -0.00774809 
0.0316328 0.00294176 0.0584403 -0.055647 0.0415976 -0.0406101 0.0029706 0 0.036219 -0.0535455 0.0897276 0.0985985 0.00107581 0.00288151 -0.0689529 -0.0706703 
-0.0973566 0.0986998 -0.0538661 0.0110836 0.0357287 0.00553246 -0.0358629 -0.036219 0 -0.0599623 0.0100903 0.0685597 0.0967448 -0.0800419 0.0732453 0.0983842 
0.0973342 0.000130882 0.0205521 0.0201873 0.0703399 0.00193256 0.0346464 0.0535455 0.0599623 0 -0.0251773 0.0899837 0.0937221 0.0764747 0.0485395 -0.0340369 
0.0916175 0.0326381 -0.0198592 -0.0176608 0.0338715 -0.0195797 0.0947851 -0.0897276 -0.0100903 0.0251773 0 0.0729271 0.0564902 0.0218611 -0.0444381 0.0378662 
-0.0793352 0.0386066 0.000951107 -0.0648651 0.0813815 0.0947907 0.0485557 -0.0985985 -0.0685597 -0.0899837 -0.0729271 0 -0.0315897 -0.043796 0.0493355 -0.0385417 
0.0773292 -0.0528754 -0.059314 -0.0221609 0.0310097 0.0755082 0.0950177 -0.00107581 -0.0967448 -0.0937221 -0.0564902 0.0315897 0 0.0180712 0.00266499 0.00439017 
0.0501494 0.0791558 -0.0357786 0.0926978 -0.0896253 0.0799602 -0.0689039 -0.00288151 0.0800419 -0.0764747 -0.0218611 0.043796 -0.0180712 0 0.0830662 0.0958474 
0.0563508 -0.0717422 -0.0176159 -0.0688577 0.090017 -0.0791576 -0.0792607 0.0689529 -0.0732453 -0.0485395 0.0444381 -0.0493355 -0.00266499 -0.0830662 0 -0.0868661 
-0.0445769 0.0447091 -0.0340503 -0.0188122 -0.0506114 -0.0852778 0.00774809 0.0706703 -0.0983842 0.0340369 -0.0378662 0.0385417 -0.00439017 -0.0958474 0.0868661 0 
