25

16000 4500

30 55 80

3

0 49230 76760 59840 13270 29410 29220 56340 19290 26440 29780 22440 18450 17560 57100 17260 24180 16810 48940 25590 34150 72401 12090 85920 27250 88410 
49200 0 34010 25880 38430 31700 56270 11790 50150 29100 40600 57960 45980 55350 9330 34020 44270 58620 5140 34520 30710 27130 39460 42890 38070 45930 
77300 33780 0 19460 67990 61640 86210 38460 73050 53370 60260 80860 75920 81130 32740 62330 67170 86680 37130 57420 49330 11740 69020 11070 60970 12340 
59530 25810 19580 0 50700 48290 72860 36500 54420 35600 41140 62230 60640 62500 33800 44560 48540 68910 29310 38790 30210 21500 51730 28740 42140 31230 
13400 38340 66870 49950 0 18780 30090 45450 19840 17040 21950 26850 13000 22920 46210 7500 19260 25920 38050 17760 26320 62520 4090 76030 19420 78520 
29390 31670 61830 48490 18140 0 25520 32820 36760 25270 34510 43770 17390 39840 37750 19370 34480 42840 28560 30320 34600 56170 18570 70990 31980 73480 
29510 56180 86340 73000 28430 25610 0 53890 45060 45170 49850 51960 19800 47080 60430 35790 46320 42280 52410 45660 54220 80680 26740 95500 47320 97990 
56060 11540 38260 36300 45290 32870 53930 0 57660 35970 48190 64890 48670 62210 7190 40880 51880 65480 8130 43040 39230 30770 46320 46530 45660 50180 
19470 50630 72290 54680 21160 37000 45100 58080 0 25250 18250 9600 31480 9680 58840 19800 7680 18160 50680 17350 27320 70030 22570 81450 15640 83940 
26420 28960 52120 35200 18630 25140 45660 36130 25070 0 15500 32880 28570 32530 36890 12270 19190 35800 28730 9520 13100 49860 19660 61280 12970 63770 
29500 40380 59540 41160 22750 33660 49710 48170 17840 14990 0 25650 33070 25920 48930 16540 11960 33220 40770 7100 11340 57280 24160 68700 3140 71190 
22560 57790 79980 62370 27930 43770 51780 64900 9510 32940 25940 0 38250 6650 65660 26570 14630 15630 57500 25040 35010 77720 29340 89140 23330 91630 
18450 45910 76070 60790 11370 17410 19830 48620 31070 28110 33180 38080 0 34150 53390 18730 30490 34780 44200 28990 37550 70410 9680 85230 30650 87720 
17650 55270 80370 62760 24170 40010 46870 62380 9560 32320 26330 6620 34490 0 63140 24010 16970 8980 54980 25430 35400 78110 25580 89530 23720 92020 
56940 9300 32780 33850 46170 37830 60500 7390 58540 36850 49070 65770 53460 63090 0 41760 52760 66360 9440 43120 39310 25290 47200 41050 46540 44700 
17170 34180 61710 44790 8630 19460 35890 41290 19680 11980 17060 26780 18800 24100 42050 0 16800 27370 33890 12870 21430 57351 9890 70870 14530 73360 
24210 44650 66310 48700 20430 34480 45930 52450 7730 19270 12270 14720 30750 17140 53210 16710 0 25620 45050 11370 21340 64050 21840 75470 9660 77960 
16570 58550 85940 69020 27300 43140 42360 65660 18180 35600 33620 15580 34750 8960 66420 27290 25590 0 58260 32720 42690 81721 27980 95100 31010 97590 
48750 5140 37420 29680 37980 28560 52400 8340 50350 28660 40880 57580 44190 54900 9370 33570 44570 58170 0 35730 31920 30540 39010 46300 38350 49340 
25570 34580 56240 38630 18820 29740 45780 43070 17230 9530 7500 25040 29140 25310 43230 12610 11350 32610 35670 0 10410 53980 20230 65400 5150 67890 
33820 31470 48810 30430 27070 35220 54030 39960 26780 12980 11460 34590 37390 34860 40120 20860 20900 42160 32560 10010 0 46550 28480 57970 12460 60460 
72261 26870 11730 21460 62410 56060 80630 30790 70050 50370 57570 77860 70340 78130 25070 57081 64170 81681 30220 54420 46640 0 63440 17940 57970 21940 
12130 39450 69050 52130 2480 18620 26870 46540 22180 19220 24290 29190 9780 25260 47320 9840 21600 28010 39160 20100 28660 63630 0 78210 21760 80700 
86430 42890 11070 28590 77120 70770 95340 46880 82180 62500 69390 89990 85050 90260 41160 71460 76300 95810 46240 66550 58460 17780 78150 0 70100 8820 
27340 38220 59880 42270 20590 31500 47550 46010 15520 12830 3430 23330 30910 23600 46770 14380 9640 30900 38610 4940 12700 57620 22000 69040 0 71530 
89090 45700 12390 31250 79780 73430 98000 50380 84840 65160 72050 92650 87710 92920 44660 74120 78960 98470 49050 69210 61120 21910 80810 8760 72760 0 

0 Ciudad_0 0 0 32400 0
1 Ciudad_1 646 24084 27489 1292
2 Ciudad_2 343 4281 8193 686
3 Ciudad_3 372 21445 25578 744
4 Ciudad_4 321 16467 18994 642
5 Ciudad_5 333 26147 28585 666
6 Ciudad_6 602 23284 26284 1204
7 Ciudad_7 828 18729 21754 1656
8 Ciudad_8 664 27754 30099 1328
9 Ciudad_9 270 5434 9537 540
10 Ciudad_10 693 21268 23785 1386
11 Ciudad_11 784 4514 7613 1568
12 Ciudad_12 458 22051 26737 916
13 Ciudad_13 157 9010 12940 314
14 Ciudad_14 407 19853 24526 814
15 Ciudad_15 161 13851 16689 322
16 Ciudad_16 180 21987 25472 360
17 Ciudad_17 485 4767 7808 970
18 Ciudad_18 263 2422 7058 526
19 Ciudad_19 557 23663 26674 1114
20 Ciudad_20 136 14985 17288 272
21 Ciudad_21 150 19609 22134 300
22 Ciudad_22 396 3923 8020 792
23 Ciudad_23 730 17817 22127 1460
24 Ciudad_24 368 7703 11202 736
25 Ciudad_25 216 16178 19380 432

0 -0.0670111 0.0915988 0.0559614 -0.0134285 -0.00420064 0.0948766 -0.0594756 0.0786249 0.0341776 -0.00609643 0.0710128 -0.0192688 -0.0340273 0.0202507 0.0267578 -0.025466 0.0605495 -0.00184404 0.0843586 0.0623027 -0.0133768 0.0738374 -0.0317348 0.00997491 0.033415 
0.0670111 0 -0.086661 0.0550533 0.0792734 0.0355449 0.0914699 -0.0742859 0.0867896 0.0881493 0.00102174 -0.0576942 -0.0637288 -0.00390318 -0.0537561 0.0604598 -0.0609112 0.00828707 -0.0506545 0.0783664 0.0817757 -0.0104674 0.0642784 0.0124067 0.0736694 -0.0785865 
-0.0915988 0.086661 0 0.032535 0.0621303 0.0597464 -0.0567031 0.0574795 -0.062689 -0.0126232 0.0937677 -0.0911886 0.0466095 0.0458293 0.0423974 -0.0711309 0.00911549 -0.0251455 -0.0256922 0.0359353 -0.00557649 0.0293538 0.0941884 0.0184891 0.0733878 0.0203967 
-0.0559614 -0.0550533 -0.032535 0 -0.0135436 0.0157757 0.0417506 -0.0299787 0.0341424 -0.0262564 0.0382301 -0.0763783 -0.0917511 0.068616 -0.0528537 0.0958561 -0.0837884 -0.020135 0.097925 0.0786292 0.0313873 -0.0064564 0.00464144 0.0453846 -0.0091007 -0.00755991 
0.0134285 -0.0792734 -0.0621303 0.0135436 0 -0.0955007 -0.0377046 0.038887 -0.0834589 -0.0616322 -0.051455 -0.0392248 0.0158545 -0.0708161 -0.0753676 -0.0891852 -0.00965368 0.0579125 -0.0171266 0.0694636 -0.0882283 0.0484124 -0.0880154 -0.0876786 0.040698 0.0742211 
0.00420064 -0.0355449 -0.0597464 -0.0157757 0.0955007 0 0.0796492 -0.0178119 -0.0797699 -0.034071 0.0542677 -0.0481875 -0.0213258 0.0526385 0.0201375 -0.0537495 -0.0919003 0.0975422 -0.024436 -0.0289937 0.0216652 -0.0989242 0.044462 -0.0598369 0.0640979 -0.0663461 
-0.0948766 -0.0914699 0.0567031 -0.0417506 0.0377046 -0.0796492 0 0.0884475 -0.057409 0.041938 -0.0622819 -0.0748973 -0.00283649 -0.0143768 0.0917567 0.0489662 0.021729 -0.0353433 0.0370834 -0.0196105 -0.00298508 -0.0191469 -0.0519272 0.0129356 0.0847289 -0.0582466 
0.0594756 0.0742859 -0.0574795 0.0299787 -0.038887 0.0178119 -0.0884475 0 0.00495763 -0.0113333 -0.0659874 -0.0722488 -0.0112225 -0.0025517 0.0386198 0.0771128 0.0350328 0.0121784 0.0410001 0.0483529 0.00450053 -0.0616106 -0.0415187 0.0539494 0.0382889 -0.0599568 
-0.0786249 -0.0867896 0.062689 -0.0341424 0.0834589 0.0797699 0.057409 -0.00495763 0 0.0090408 -0.00752153 -0.0335679 -0.0862155 -0.0809953 0.0226376 -0.0490752 -0.00316417 0.0345762 0.0797033 -0.0102595 0.0629905 -0.0806312 0.0419682 0.0240017 -0.050808 0.0179442 
-0.0341776 -0.0881493 0.0126232 0.0262564 0.0616322 0.034071 -0.041938 0.0113333 -0.0090408 0 0.08225 0.0592174 -0.0888181 -0.0747426 0.0220063 -0.0300908 -0.0283058 0.0456695 -0.0262757 0.0337389 0.000119831 0.0826093 -0.0327931 -0.021464 0.0389285 -0.0131411 
0.00609643 -0.00102174 -0.0937677 -0.0382301 0.051455 -0.0542677 0.0622819 0.0659874 0.00752153 -0.08225 0 0.0119461 -0.0615627 -0.0815303 -0.0950461 -0.0921339 -0.0543403 0.076298 0.00682901 -0.0329246 0.0951763 -0.00807593 -0.0338474 0.0770397 -0.0608359 -0.0135341 
-0.0710128 0.0576942 0.0911886 0.0763783 0.0392248 0.0481875 0.0748973 0.0722488 0.0335679 -0.0592174 -0.0119461 0 0.00767918 -0.0641896 -0.0114108 -0.0868492 -0.0393734 0.0493262 -0.0143111 0.0386858 -0.00776338 -0.0874352 9.34118e-05 -0.0459231 -0.025641 -0.0162995 
0.0192688 0.0637288 -0.0466095 0.0917511 -0.0158545 0.0213258 0.00283649 0.0112225 0.0862155 0.0888181 0.0615627 -0.00767918 0 -0.0233822 0.0607748 -0.0795002 0.0227017 -0.00639993 0.0078827 -0.0449413 0.025376 0.0400251 -0.0256004 -0.0550735 -0.0904296 0.0693067 
0.0340273 0.00390318 -0.0458293 -0.068616 0.0708161 -0.0526385 0.0143768 0.0025517 0.0809953 0.0747426 0.0815303 0.0641896 0.0233822 0 -0.00986063 -0.0206749 0.0156944 0.0858087 -0.00842609 -0.0054698 0.0659367 -0.0919923 -0.0730576 0.0325845 -0.0373956 -0.077152 
-0.0202507 0.0537561 -0.0423974 0.0528537 0.0753676 -0.0201375 -0.0917567 -0.0386198 -0.0226376 -0.0220063 0.0950461 0.0114108 -0.0607748 0.00986063 0 -0.076962 -0.00611037 0.09487 0.0104022 -0.0675913 0.00568378 0.0401233 -0.0793427 0.0795291 -0.0787748 -0.020838 
-0.0267578 -0.0604598 0.0711309 -0.0958561 0.0891852 0.0537495 -0.0489662 -0.0771128 0.0490752 0.0300908 0.0921339 0.0868492 0.0795002 0.0206749 0.076962 0 -0.0344574 0.0687745 0.00153823 -0.0509933 -0.0736718 0.0811348 -0.036483 -0.095193 -0.0210645 -0.0494987 
0.025466 0.0609112 -0.00911549 0.0837884 0.00965368 0.0919003 -0.021729 -0.0350328 0.00316417 0.0283058 0.0543403 0.0393734 -0.0227017 -0.0156944 0.00611037 0.0344574 0 -0.084685 0.0554834 0.0104782 0.0266435 -0.0342184 0.0197083 0.0366291 0.0769816 -0.0591417 
-0.0605495 -0.00828707 0.0251455 0.020135 -0.0579125 -0.0975422 0.0353433 -0.0121784 -0.0345762 -0.0456695 -0.076298 -0.0493262 0.00639993 -0.0858087 -0.09487 -0.0687745 0.084685 0 -0.00331035 -0.0704564 -0.0996738 -0.0540832 -0.0018015 -0.0913301 -0.0970132 -0.0252727 
0.00184404 0.0506545 0.0256922 -0.097925 0.0171266 0.024436 -0.0370834 -0.0410001 -0.0797033 0.0262757 -0.00682901 0.0143111 -0.0078827 0.00842609 -0.0104022 -0.00153823 -0.0554834 0.00331035 0 0.0976302 0.0328664 0.00274552 0.00799625 0.00825551 -0.0523067 -0.00663059 
-0.0843586 -0.0783664 -0.0359353 -0.0786292 -0.0694636 0.0289937 0.0196105 -0.0483529 0.0102595 -0.0337389 0.0329246 -0.0386858 0.0449413 0.0054698 0.0675913 0.0509933 -0.0104782 0.0704564 -0.0976302 0 -0.0831883 0.0565251 0.0251933 0.0881156 -0.0778352 -0.0665643 
-0.0623027 -0.0817757 0.00557649 -0.0313873 0.0882283 -0.0216652 0.00298508 -0.00450053 -0.0629905 -0.000119831 -0.0951763 0.00776338 -0.025376 -0.0659367 -0.00568378 0.0736718 -0.0266435 0.0996738 -0.0328664 0.0831883 0 -0.050374 0.0565189 0.0833483 -0.0221776 -0.0147782 
0.0133768 0.0104674 -0.0293538 0.0064564 -0.0484124 0.0989242 0.0191469 0.0616106 0.0806312 -0.0826093 0.00807593 0.0874352 -0.0400251 0.0919923 -0.0401233 -0.0811348 0.0342184 0.0540832 -0.00274552 -0.0565251 0.050374 0 0.0198016 -0.0647161 -0.0701225 -0.0251822 
-0.0738374 -0.0642784 -0.0941884 -0.00464144 0.0880154 -0.044462 0.0519272 0.0415187 -0.0419682 0.0327931 0.0338474 -9.34118e-05 0.0256004 0.0730576 0.0793427 0.036483 -0.0197083 0.0018015 -0.00799625 -0.0251933 -0.0565189 -0.0198016 0 0.00961524 -0.0496297 -0.0967217 
0.0317348 -0.0124067 -0.0184891 -0.0453846 0.0876786 0.0598369 -0.0129356 -0.0539494 -0.0240017 0.021464 -0.0770397 0.0459231 0.0550735 -0.0325845 -0.0795291 0.095193 -0.0366291 0.0913301 -0.00825551 -0.0881156 -0.0833483 0.0647161 -0.00961524 0 0.0821345 -0.0626702 
-0.00997491 -0.0736694 -0.0733878 0.0091007 -0.040698 -0.0640979 -0.0847289 -0.0382889 0.050808 -0.0389285 0.0608359 0.025641 0.0904296 0.0373956 0.0787748 0.0210645 -0.0769816 0.0970132 0.0523067 0.0778352 0.0221776 0.0701225 0.0496297 -0.0821345 0 0.0637433 
-0.033415 0.0785865 -0.0203967 0.00755991 -0.0742211 0.0663461 0.0582466 0.0599568 -0.0179442 0.0131411 0.0135341 0.0162995 -0.0693067 0.077152 0.020838 0.0494987 0.0591417 0.0252727 0.00663059 0.0665643 0.0147782 0.0251822 0.0967217 0.0626702 -0.0637433 0 
