25

16000 4500

30 55 80

3

0 54180 24680 57880 56370 13260 76540 51960 48830 67220 57770 16500 27670 52860 25780 44100 18950 46850 34020 9460 91791 74250 36620 97250 41000 65820 
54000 0 71970 12430 36440 65180 25990 19500 98720 14650 24770 44940 79590 3760 39170 21260 70870 14940 34080 61380 41830 21680 19330 150330 43890 32580 
25260 72240 0 76870 79850 22050 94600 70020 26940 85280 81900 40770 21150 70920 49330 68370 16740 64910 57810 19070 110560 92310 54680 75860 64480 83880 
58210 12420 76600 0 27220 67100 22080 31360 103350 24220 15550 43520 84220 13920 36220 15830 75500 26350 28520 66010 36050 20380 27460 154960 37050 42860 
56570 36000 79640 26930 0 61630 38050 54940 101310 45960 13080 42350 79380 37200 33000 22860 70980 49930 27750 62310 51260 39150 46690 149840 16960 61780 
13400 65120 21960 67600 62480 0 84581 62900 42230 78160 64530 24820 18440 63800 31960 52420 10130 57790 40440 8750 97901 85190 47560 90650 47110 76760 
76120 25530 94090 21640 38010 83911 0 30600 121230 13350 25750 62381 101661 28740 53031 36300 92990 37140 46951 83500 18260 8360 43900 172450 49680 29050 
52240 19440 70210 31310 55320 63420 30370 0 96960 17620 43650 61950 77830 18500 56180 38270 69110 6860 51090 59620 46380 24800 16330 148570 60900 14180 
49230 99260 27210 103890 101740 42640 121670 97040 0 112300 103790 64120 26680 97940 71220 91720 34090 91930 79700 41700 137641 119330 81700 50950 86370 105870 
67150 14670 85120 24340 46310 78330 13150 17640 111870 0 34050 58070 92740 17530 52300 34390 84020 24030 47210 74530 30780 7590 31200 163480 57020 19200 
57890 25010 81850 15940 13280 64050 26250 43950 103730 34160 0 41560 81800 26210 33620 17680 73400 38940 25920 64730 39460 27350 38640 152260 25030 49980 
16740 44750 40700 43200 42720 24820 62501 61620 63960 57770 41670 0 42570 44870 9680 28000 34080 56600 17920 24960 75821 62620 48900 112380 28900 75480 
28010 79730 20930 84360 80170 18510 102090 77510 26330 92770 82220 42510 0 78410 49650 70110 9040 72400 58130 20480 115591 99800 62170 74750 64800 91370 
52940 3760 70910 13930 37680 64120 29110 18480 97660 17570 26010 45060 78530 0 39290 21380 69810 13460 34200 60320 44950 24600 16620 149270 44010 32340 
25990 38980 49470 36220 33420 31460 53201 55850 71140 52000 33580 9660 49210 39100 0 21170 40810 50830 9060 32140 66521 54301 43230 119560 19600 69710 
44430 21520 68390 15940 23120 52170 37060 38390 91650 34540 17690 28100 69920 21640 21290 0 61520 33370 13590 52650 50911 35360 25770 140180 23400 52250 
19280 71000 16700 75630 71740 10090 93360 68780 33870 84040 73790 34080 8970 69680 41220 61680 0 63670 49700 11750 107161 91070 53440 82290 56370 82640 
46920 14960 64890 26380 50390 58100 36950 6900 91640 24000 38720 56940 72510 13490 51170 33260 63790 0 46080 54300 52960 31380 11010 143250 55890 20760 
34160 34240 58030 28540 28090 40020 47001 51110 79700 47260 25990 17830 57770 34360 9140 13490 49370 46090 0 40700 60321 47960 38490 128120 15490 64970 
9490 61210 18940 65840 62350 8830 83570 58990 41830 74250 64400 24730 20730 59890 31830 52330 12010 53880 40310 0 97771 81280 43650 90250 46980 72850 
92001 41540 110100 35900 51260 97201 17890 46470 137991 30660 39000 75671 114951 44750 66321 50560 106551 53010 60241 97881 0 25670 60260 188701 62970 38830 
73470 20990 91440 21300 40230 84650 8960 24220 118190 6970 27970 63650 99060 23850 55251 35960 90340 30760 48650 80850 26590 0 37520 169800 51900 22790 
36720 19320 54690 27570 46850 47900 43810 16330 81440 31240 38330 48800 62310 16620 43480 25570 53590 11220 38390 44100 60640 38270 0 132070 48200 30190 
97110 149180 75550 153810 149620 90520 171540 146960 50270 162220 151670 112000 74560 147860 119100 139600 81970 141850 127580 89580 188711 169250 131270 0 134250 158650 
41690 44150 64760 36960 17380 46750 49890 61020 86430 57170 24990 28840 64500 44270 19490 23400 56100 56000 15500 47430 63210 50990 48400 134850 0 73620 
66460 32660 84430 43270 62220 77640 28860 14540 105680 19480 49960 76170 92050 32720 70400 52490 83330 21080 65310 73840 38710 23570 30550 159130 73890 0 

0 Ciudad_0 0 0 32400 0
1 Ciudad_1 528 9598 13003 1056
2 Ciudad_2 100 7126 11038 200
3 Ciudad_3 294 23791 27924 588
4 Ciudad_4 767 18804 21331 1534
5 Ciudad_5 819 22692 25130 1638
6 Ciudad_6 550 13516 16516 1100
7 Ciudad_7 745 10327 13352 1490
8 Ciudad_8 390 8356 10701 780
9 Ciudad_9 564 16281 20384 1128
10 Ciudad_10 466 13382 15899 932
11 Ciudad_11 758 6368 9467 1516
12 Ciudad_12 342 4779 9465 684
13 Ciudad_13 164 10183 14113 328
14 Ciudad_14 445 11683 16356 890
15 Ciudad_15 452 24307 27145 904
16 Ciudad_16 220 4157 7642 440
17 Ciudad_17 317 4706 7747 634
18 Ciudad_18 150 25555 30191 300
19 Ciudad_19 333 25106 28117 666
20 Ciudad_20 633 16864 19167 1266
21 Ciudad_21 293 19665 22190 586
22 Ciudad_22 522 11480 15577 1044
23 Ciudad_23 424 8385 12695 848
24 Ciudad_24 682 21862 25361 1364
25 Ciudad_25 799 13446 16648 1598

0 -0.0394765 -0.00924544 0.0759164 -0.0894177 0.0838134 0.0927331 0.0055542 0.074294 -0.0222147 0.00292729 0.0668567 0.00165958 -0.0322443 0.068657 0.0500457 -0.0980906 0.0852676 0.0368248 0.0658462 -0.0763933 -0.0481589 0.0391103 0.0062953 0.0497572 0.0117742 
0.0394765 0 -0.0216888 -0.0969636 0.0770952 -0.0970037 -0.0441395 -0.0696596 -0.0829268 -0.0343303 0.0005978 -0.0521063 0.0803129 0.0285453 -0.0526526 0.0774975 -0.0123288 0.00519771 -0.0401193 -0.0977322 0.0330642 0.067218 0.0689027 -0.0827525 -0.0221625 0.0731699 
0.00924544 0.0216888 0 0.0382861 0.0343831 0.0431435 -0.0292086 -0.0561278 -0.0893503 0.0921384 0.0639699 0.0128123 -0.0280657 -0.0535314 -0.0664264 -0.0727232 0.0389739 -0.088652 -0.0446816 -0.0177807 -0.0304415 0.00368373 -0.0691959 0.0719322 -0.083879 -0.00806419 
-0.0759164 0.0969636 -0.0382861 0 -0.0172397 -0.00681579 -0.0412635 0.0510402 -0.0277792 0.0246654 -0.0385044 0.0764153 -0.046141 -0.0123279 -0.0186074 0.0393495 -0.0467172 -0.0372214 0.0725992 -0.0645271 -0.0891861 0.00520636 0.0507501 0.0558853 0.035955 -0.00145084 
0.0894177 -0.0770952 -0.0343831 0.0172397 0 -0.0161744 -0.0471764 0.000629291 -0.0482705 -0.0708108 0.0229509 0.0749531 -0.0859023 0.00455921 0.0487164 0.0720541 -0.0529465 0.033642 0.0127539 0.0638699 -0.0666128 -0.0208634 -0.00941451 0.0332116 -0.0622679 -0.0369696 
-0.0838134 0.0970037 -0.0431435 0.00681579 0.0161744 0 -0.0999829 0.0489696 0.0421196 -0.0923323 0.075471 0.0561909 -0.0512881 0.0317591 0.0780679 -0.0939775 0.0842696 0.0333077 -0.0248404 0.0564521 0.0942191 -0.0631168 -0.0207831 -0.00825959 -0.0516267 -0.0121362 
-0.0927331 0.0441395 0.0292086 0.0412635 0.0471764 0.0999829 0 -0.0565207 -0.0888364 0.071775 -0.0524563 -0.0756601 -0.0864939 -0.0775816 -0.0984228 0.04948 0.0914706 -0.0781585 -0.026246 -0.0275181 -0.0787801 0.0947722 -0.0179142 0.0988694 0.0561362 -0.0277111 
-0.0055542 0.0696596 0.0561278 -0.0510402 -0.000629291 -0.0489696 0.0565207 0 0.00115454 -0.0650513 -0.0389941 0.0627519 0.0671286 0.00258023 -0.0837524 -0.087884 0.0372423 0.0601429 0.0273852 0.091355 0.0769378 0.0486575 0.0545407 -0.0835362 0.0221244 -0.079049 
-0.074294 0.0829268 0.0893503 0.0277792 0.0482705 -0.0421196 0.0888364 -0.00115454 0 -0.0678155 -0.0845584 -0.0728715 0.0562703 -0.0524776 -0.00651077 0.0403977 0.0735155 0.0166708 -0.0975363 0.0597952 0.0302476 -0.07399 0.0240212 -0.0291461 -0.0920526 0.0637923 
0.0222147 0.0343303 -0.0921384 -0.0246654 0.0708108 0.0923323 -0.071775 0.0650513 0.0678155 0 0.0310604 -0.0261496 -0.00504879 0.0196863 0.0145918 0.0457436 0.0925583 -0.00358397 -0.0627659 0.0767934 0.07264 -0.0770801 -0.0233024 0.0474603 -0.0660837 -0.0700088 
-0.00292729 -0.0005978 -0.0639699 0.0385044 -0.0229509 -0.075471 0.0524563 0.0389941 0.0845584 -0.0310604 0 -0.0311981 0.0417113 -0.0373995 0.0731477 -0.0239169 -0.0413296 0.0812236 0.0170403 0.0923095 -0.0428465 -0.0834478 -0.0962011 -0.0384722 0.0162981 -0.0172142 
-0.0668567 0.0521063 -0.0128123 -0.0764153 -0.0749531 -0.0561909 0.0756601 -0.0627519 0.0728715 0.0261496 0.0311981 0 -0.0151279 -0.0198717 -0.0182373 -0.0204054 -0.0317421 -0.0199201 0.045465 -0.089557 0.0340627 0.0134856 -0.0324805 0.0270516 -0.00368825 0.0797005 
-0.00165958 -0.0803129 0.0280657 0.046141 0.0859023 0.0512881 0.0864939 -0.0671286 -0.0562703 0.00504879 -0.0417113 0.0151279 0 0.0533847 0.0276834 0.0614798 -0.0315095 -0.0273498 0.0802297 -0.00142079 -0.0280986 0.0319826 -0.0147083 -0.0352956 -0.0941915 0.0167125 
0.0322443 -0.0285453 0.0535314 0.0123279 -0.00455921 -0.0317591 0.0775816 -0.00258023 0.0524776 -0.0196863 0.0373995 0.0198717 -0.0533847 0 0.0108838 0.00348235 -0.0571546 0.0231251 0.0743659 0.0786677 0.099093 -0.0265728 -0.0400461 -0.092579 -0.0858105 -0.0364721 
-0.068657 0.0526526 0.0664264 0.0186074 -0.0487164 -0.0780679 0.0984228 0.0837524 0.00651077 -0.0145918 -0.0731477 0.0182373 -0.0276834 -0.0108838 0 0.0744034 -0.0257821 -0.0554227 -0.0436824 -0.0425274 0.0340833 0.0766763 -0.0426792 0.0350269 0.0573615 0.0524198 
-0.0500457 -0.0774975 0.0727232 -0.0393495 -0.0720541 0.0939775 -0.04948 0.087884 -0.0403977 -0.0457436 0.0239169 0.0204054 -0.0614798 -0.00348235 -0.0744034 0 0.0812239 0.0245937 0.0549642 -0.0920609 -0.0826327 0.0799855 -0.0305469 0.00270075 -0.0849923 0.0211584 
0.0980906 0.0123288 -0.0389739 0.0467172 0.0529465 -0.0842696 -0.0914706 -0.0372423 -0.0735155 -0.0925583 0.0413296 0.0317421 0.0315095 0.0571546 0.0257821 -0.0812239 0 -0.025504 0.0663252 0.0297716 0.0548189 0.0248398 -0.0200436 -0.00923362 -0.0819704 -0.00038828 
-0.0852676 -0.00519771 0.088652 0.0372214 -0.033642 -0.0333077 0.0781585 -0.0601429 -0.0166708 0.00358397 -0.0812236 0.0199201 0.0273498 -0.0231251 0.0554227 -0.0245937 0.025504 0 0.0348669 0.0404634 0.00231376 -0.0345847 0.0142652 0.0457342 -0.0143455 0.0774117 
-0.0368248 0.0401193 0.0446816 -0.0725992 -0.0127539 0.0248404 0.026246 -0.0273852 0.0975363 0.0627659 -0.0170403 -0.045465 -0.0802297 -0.0743659 0.0436824 -0.0549642 -0.0663252 -0.0348669 0 0.0812831 0.0311738 0.0353082 0.0868101 0.0936672 0.0802108 -0.0970591 
-0.0658462 0.0977322 0.0177807 0.0645271 -0.0638699 -0.0564521 0.0275181 -0.091355 -0.0597952 -0.0767934 -0.0923095 0.089557 0.00142079 -0.0786677 0.0425274 0.0920609 -0.0297716 -0.0404634 -0.0812831 0 0.0343732 0.0833408 -0.0165904 0.0719879 0.0457816 0.0877428 
0.0763933 -0.0330642 0.0304415 0.0891861 0.0666128 -0.0942191 0.0787801 -0.0769378 -0.0302476 -0.07264 0.0428465 -0.0340627 0.0280986 -0.099093 -0.0340833 0.0826327 -0.0548189 -0.00231376 -0.0311738 -0.0343732 0 -0.0334236 0.0731547 0.0722718 -0.022331 -0.0783286 
0.0481589 -0.067218 -0.00368373 -0.00520636 0.0208634 0.0631168 -0.0947722 -0.0486575 0.07399 0.0770801 0.0834478 -0.0134856 -0.0319826 0.0265728 -0.0766763 -0.0799855 -0.0248398 0.0345847 -0.0353082 -0.0833408 0.0334236 0 0.0248332 0.0846705 -0.0860878 -0.0826415 
-0.0391103 -0.0689027 0.0691959 -0.0507501 0.00941451 0.0207831 0.0179142 -0.0545407 -0.0240212 0.0233024 0.0962011 0.0324805 0.0147083 0.0400461 0.0426792 0.0305469 0.0200436 -0.0142652 -0.0868101 0.0165904 -0.0731547 -0.0248332 0 0.0731782 -0.026254 0.0958493 
-0.0062953 0.0827525 -0.0719322 -0.0558853 -0.0332116 0.00825959 -0.0988694 0.0835362 0.0291461 -0.0474603 0.0384722 -0.0270516 0.0352956 0.092579 -0.0350269 -0.00270075 0.00923362 -0.0457342 -0.0936672 -0.0719879 -0.0722718 -0.0846705 -0.0731782 0 -0.0451809 0.0754324 
-0.0497572 0.0221625 0.083879 -0.035955 0.0622679 0.0516267 -0.0561362 -0.0221244 0.0920526 0.0660837 -0.0162981 0.00368825 0.0941915 0.0858105 -0.0573615 0.0849923 0.0819704 0.0143455 -0.0802108 -0.0457816 0.022331 0.0860878 0.026254 0.0451809 0 -0.0940148 
-0.0117742 -0.0731699 0.00806419 0.00145084 0.0369696 0.0121362 0.0277111 0.079049 -0.0637923 0.0700088 0.0172142 -0.0797005 -0.0167125 0.0364721 -0.0524198 -0.0211584 0.00038828 -0.0774117 0.0970591 -0.0877428 0.0783286 0.0826415 -0.0958493 -0.0754324 0.0940148 0 
