25

16000 4500

30 55 80

3

0 49210 41720 54240 81200 84310 63490 76010 34260 79140 19860 69890 58420 88750 27630 24080 92020 66350 80270 60800 79550 60020 61610 63820 67540 38350 
48980 0 21240 30150 37770 48210 39710 48020 29050 32130 49510 44380 40440 44860 23530 56530 125880 20400 40350 35870 57631 51510 18340 57860 60830 11090 
42190 21410 0 12590 39550 43830 25120 35850 32740 49300 45310 31690 22500 47100 16600 52330 121680 28400 38620 20180 77041 58500 37750 62300 66020 15800 
54690 30230 12580 0 30160 34440 14820 26460 44670 54160 57240 21390 11780 37710 28530 64260 133910 21650 29230 8400 85861 70430 46570 74230 77950 26800 
81700 37750 39590 30220 0 13890 23870 19330 60280 48400 84060 22430 30010 10950 55110 91762 165654 19970 5910 26710 85700 82740 47290 89090 92060 46190 
84860 48360 43910 34540 13900 0 22250 10190 71120 61220 89240 15260 28420 18460 59860 96992 170884 29320 9480 27770 99200 93580 59840 99930 102900 54930 
62850 38880 24380 13980 24300 22370 0 14070 56470 55550 69010 7950 6290 30750 40330 76030 145460 23040 21770 6330 94010 82230 54170 86030 89750 38600 
76540 48220 36340 26970 19400 10490 14270 0 68430 62470 81000 6750 20440 25540 52290 89542 163682 30570 16560 19790 100930 94190 61090 97990 101710 50120 
34390 28650 32810 44730 60800 71410 57260 67990 0 48120 32800 63830 54640 67890 16610 39820 109170 43600 63550 52320 48540 29440 28800 33540 37260 20600 
78250 31030 48260 52810 47060 60120 55220 61460 46720 0 78070 58930 56430 54150 52800 85090 155110 32310 52260 51380 45930 61010 18810 72800 72210 40360 
19890 49350 44990 57120 84400 88750 69530 80380 32710 79380 0 76220 64460 92020 29000 8920 78270 67080 83540 64070 78000 58470 60060 62270 65990 38570 
70000 44420 31340 20940 22400 15700 7770 7270 63430 59870 76000 0 13940 28620 47290 83020 153110 27640 19640 13290 98330 89190 58490 92990 96710 45560 
58450 40510 22470 11750 29770 28300 6920 20000 54560 57680 64740 13880 0 36640 38420 71760 141190 25170 27660 6690 96141 80320 56300 84120 87840 37080 
89510 44830 47400 38030 10970 18160 30450 25400 67360 55480 91870 28600 36590 0 63100 98890 173464 27050 9690 34090 92780 89820 54370 96170 99140 53270 
27930 23930 16570 28490 55410 59730 41020 51750 16620 53860 28960 47590 38400 63000 0 35980 105330 39110 54520 36080 61910 42380 40270 46180 49900 12890 
24220 56420 52060 64190 91470 96110 76600 87450 39780 86450 8910 83290 71530 99090 36070 0 71240 74150 90610 71140 85070 65540 67130 69340 73060 45640 
91790 125360 121000 133460 165011 169761 145960 162771 108720 155950 77850 152560 140890 172561 105010 70830 0 143330 164081 140500 154010 134480 136230 138280 142000 114580 
66920 20570 28430 21260 19990 29040 23670 30380 43400 33500 67610 27380 24880 27080 39240 74630 144620 0 21180 19830 71960 65860 32120 72210 75180 29010 
80460 40190 38350 28980 5720 8880 20920 15870 62950 53050 83000 19070 27060 9760 54050 90522 164414 21150 0 24560 91020 85410 51670 91760 94730 47600 
61140 36000 20250 8370 26490 28120 7130 19820 52340 52670 64360 13700 6730 34040 36200 71380 140810 20160 25170 0 91130 78100 51290 81900 85620 34470 
79530 57181 76921 85831 85660 99150 94500 100740 48550 42610 77940 98210 95710 92750 61750 84960 154310 71590 91170 90660 0 35770 47621 43430 41220 65740 
60270 51590 58690 70610 83740 94350 83140 93870 29830 60850 58680 89710 80520 90830 42490 65700 135050 66540 86490 78200 35580 0 45900 12920 12330 46480 
61730 17990 37730 46640 46620 58880 53980 60220 28790 19550 60140 57690 55190 53710 40020 67160 137180 31070 51020 50140 47531 45860 0 55300 57060 27580 
64380 57820 62800 74720 89970 100580 87250 97980 33940 73070 62790 93820 84630 97060 46600 69810 139160 72770 92720 82310 43770 13440 55610 0 5260 50590 
67730 60480 66150 78070 92630 103240 90600 101330 37290 72170 66140 97170 87980 99720 49950 73160 142510 75430 95380 85660 41250 12540 57220 5270 0 53940 
38690 11540 15880 26740 45880 54820 39270 49890 20380 41470 38670 45840 37030 52970 12930 45690 115040 28510 47860 34330 65670 46140 27880 49940 53660 0 

0 Ciudad_0 0 0 32400 0
1 Ciudad_1 524 18731 22136 1048
2 Ciudad_2 284 18117 22029 568
3 Ciudad_3 238 4879 9012 476
4 Ciudad_4 700 4957 7484 1400
5 Ciudad_5 178 10469 12907 356
6 Ciudad_6 322 3463 6463 644
7 Ciudad_7 816 10635 13660 1632
8 Ciudad_8 528 14888 17233 1056
9 Ciudad_9 649 14618 18721 1298
10 Ciudad_10 383 12449 14966 766
11 Ciudad_11 234 5049 8148 468
12 Ciudad_12 561 7134 11820 1122
13 Ciudad_13 478 4609 8539 956
14 Ciudad_14 766 7411 12084 1532
15 Ciudad_15 509 16004 18842 1018
16 Ciudad_16 563 18136 21621 1126
17 Ciudad_17 809 18446 21487 1618
18 Ciudad_18 594 18043 22679 1188
19 Ciudad_19 117 17076 20087 234
20 Ciudad_20 207 8226 10529 414
21 Ciudad_21 736 9867 12392 1472
22 Ciudad_22 288 10225 14322 576
23 Ciudad_23 227 21025 25335 454
24 Ciudad_24 689 24263 27762 1378
25 Ciudad_25 703 21904 25106 1406

0 0.00538023 -0.0549011 0.0913662 0.0774682 0.00401771 -0.0364783 0.0477249 0.0671494 -0.0727886 0.0351227 -0.0234619 -0.023638 -0.0141552 0.0209614 -0.0274007 0.0280382 0.0574243 -0.0710525 0.00982082 -0.0925071 -0.0659865 0.0157249 0.074219 0.0365533 0.0495669 
-0.00538023 0 -0.0184902 -0.0515023 -0.0327775 0.0723813 -0.0386637 0.0141965 -0.086586 2.25623e-05 0.0105034 0.0705951 0.045037 0.0671922 -0.00436359 0.0990384 -0.0282355 -0.0555424 0.0353028 -0.0839355 0.0743398 0.0165198 -0.0995369 -0.0127069 0.0421956 -0.0125281 
0.0549011 0.0184902 0 -0.0997189 0.0372842 -0.088481 -0.0522019 -0.0429618 -0.0303736 0.0951088 -0.0199848 -0.0135269 -0.0613432 0.0463069 -0.0568083 -0.00648666 0.0217866 0.0147419 0.0283868 -0.0133606 -0.00858757 0.0095717 0.0975373 0.0164562 -0.000524738 -0.0962296 
-0.0913662 0.0515023 0.0997189 0 0.0136275 0.0552004 0.064505 -0.00878457 0.0248646 -0.00156798 -0.0760334 0.030731 -0.0865763 0.0819973 0.025286 -0.0692384 -0.0970707 -0.093477 -0.00953622 -0.0792951 0.0822929 -0.024186 0.0897966 -0.0789108 -0.0470331 0.0513383 
-0.0774682 0.0327775 -0.0372842 -0.0136275 0 -0.0479842 -0.0127079 0.00750783 0.0391215 0.025538 -0.0925506 -0.00662089 0.026493 -0.0980744 0.0763639 -0.0643628 0.0869752 0.0095825 -0.0497639 -0.00558778 0.023179 -0.027687 0.0943329 -0.0814188 0.00863641 -0.00596054 
-0.00401771 -0.0723813 0.088481 -0.0552004 0.0479842 0 -0.0239207 -0.0623527 -0.0173128 0.0696537 0.0103642 -0.0199084 0.00181281 0.0887441 -0.0169817 0.0184855 0.0661911 -0.0272088 0.024192 0.0285407 -0.0946749 -0.0145196 0.0199982 -0.0427672 -0.0186637 0.0813169 
0.0364783 0.0386637 0.0522019 -0.064505 0.0127079 0.0239207 0 0.0556521 0.00277788 0.0471849 0.0768115 -0.039571 -0.0158468 0.0544212 0.00509435 -0.0564795 -0.0705374 -0.0256312 -0.0148325 -0.00296055 0.0222472 -0.00198531 0.0287761 -0.034761 0.0824977 -0.05257 
-0.0477249 -0.0141965 0.0429618 0.00878457 -0.00750783 0.0623527 -0.0556521 0 -0.0941187 0.0933571 -0.0740279 -0.0142469 0.0501726 0.0457664 0.0955604 0.0845877 -0.0944031 -0.0337437 0.0198624 -0.0611413 0.0392836 0.0314047 0.000819204 0.00408039 -0.0285753 0.0538285 
-0.0671494 0.086586 0.0303736 -0.0248646 -0.0391215 0.0173128 -0.00277788 0.0941187 0 -0.00320114 -0.0154123 -0.00357063 -0.0518829 -0.0297042 0.0090719 -0.00778479 0.00651011 0.0397536 -0.0846574 0.029071 -0.0707824 -0.0806129 -0.0839266 0.0714422 0.0137214 0.0931545 
0.0727886 -2.25623e-05 -0.0951088 0.00156798 -0.025538 -0.0696537 -0.0471849 -0.0933571 0.00320114 0 0.038348 -0.0995901 0.0726682 0.0769302 -0.0192467 -0.0344915 0.0627914 -0.0484671 0.00985432 -0.0567617 0.0347396 0.0627578 0.0727799 -0.043111 -0.0234091 -0.0352886 
-0.0351227 -0.0105034 0.0199848 0.0760334 0.0925506 -0.0103642 -0.0768115 0.0740279 0.0154123 -0.038348 0 -0.0894457 0.0424731 -0.0309661 0.0293662 -0.0660297 -0.0257851 -0.0992825 0.00520195 -0.0844114 -0.0409368 -0.0830701 -0.0798577 0.000967522 -0.0176642 0.0207954 
0.0234619 -0.0705951 0.0135269 -0.030731 0.00662089 0.0199084 0.039571 0.0142469 0.00357063 0.0995901 0.0894457 0 0.0101375 -0.0171594 0.0867989 0.0671211 0.0205623 0.00466092 0.068532 0.00378077 -0.0765108 0.0360884 -0.076657 -0.0939231 -0.0161907 0.0730983 
0.023638 -0.045037 0.0613432 0.0865763 -0.026493 -0.00181281 0.0158468 -0.0501726 0.0518829 -0.0726682 -0.0424731 -0.0101375 0 0.0774365 -0.0142967 0.00265057 0.0231338 0.0745125 -0.0317829 0.00145211 0.0507665 0.00575023 0.06156 -0.00624441 0.0232117 0.0107576 
0.0141552 -0.0671922 -0.0463069 -0.0819973 0.0980744 -0.0887441 -0.0544212 -0.0457664 0.0297042 -0.0769302 0.0309661 0.0171594 -0.0774365 0 -0.0674185 0.0644946 0.0985269 0.0152385 -0.0988016 0.000331774 0.0947902 0.0619015 -0.00504993 0.0746983 0.0860997 0.0913351 
-0.0209614 0.00436359 0.0568083 -0.025286 -0.0763639 0.0169817 -0.00509435 -0.0955604 -0.0090719 0.0192467 -0.0293662 -0.0867989 0.0142967 0.0674185 0 -0.0480284 -0.0340114 0.0606462 -0.094348 0.0351965 0.0247422 0.029635 -0.0835005 0.0699308 -0.0351144 0.0616112 
0.0274007 -0.0990384 0.00648666 0.0692384 0.0643628 -0.0184855 0.0564795 -0.0845877 0.00778479 0.0344915 0.0660297 -0.0671211 -0.00265057 -0.0644946 0.0480284 0 -0.0518989 0.051188 0.0780223 -0.0848384 -0.0317302 -0.0779627 0.0259332 0.000400646 -0.0336301 0.0109912 
-0.0280382 0.0282355 -0.0217866 0.0970707 -0.0869752 -0.0661911 0.0705374 0.0944031 -0.00651011 -0.0627914 0.0257851 -0.0205623 -0.0231338 -0.0985269 0.0340114 0.0518989 0 0.0833089 -0.0650383 -0.00997696 -0.0875971 -0.0948181 -0.00624549 -0.00107856 0.010713 -0.060039 
-0.0574243 0.0555424 -0.0147419 0.093477 -0.0095825 0.0272088 0.0256312 0.0337437 -0.0397536 0.0484671 0.0992825 -0.00466092 -0.0745125 -0.0152385 -0.0606462 -0.051188 -0.0833089 0 0.0215877 0.0950228 0.00300161 -0.0890658 0.0639026 0.0186919 -0.0959182 0.0973648 
0.0710525 -0.0353028 -0.0283868 0.00953622 0.0497639 -0.024192 0.0148325 -0.0198624 0.0846574 -0.00985432 -0.00520195 -0.068532 0.0317829 0.0988016 0.094348 -0.0780223 0.0650383 -0.0215877 0 0.0425769 -0.0917715 0.0976965 0.0160419 -0.00024374 0.0176962 -0.0110586 
-0.00982082 0.0839355 0.0133606 0.0792951 0.00558778 -0.0285407 0.00296055 0.0611413 -0.029071 0.0567617 0.0844114 -0.00378077 -0.00145211 -0.000331774 -0.0351965 0.0848384 0.00997696 -0.0950228 -0.0425769 0 -0.00464994 0.0881769 -0.0117245 0.0273834 0.0574705 -0.0651599 
0.0925071 -0.0743398 0.00858757 -0.0822929 -0.023179 0.0946749 -0.0222472 -0.0392836 0.0707824 -0.0347396 0.0409368 0.0765108 -0.0507665 -0.0947902 -0.0247422 0.0317302 0.0875971 -0.00300161 0.0917715 0.00464994 0 -0.0734143 0.068679 0.0396535 -0.0217665 -0.00940157 
0.0659865 -0.0165198 -0.0095717 0.024186 0.027687 0.0145196 0.00198531 -0.0314047 0.0806129 -0.0627578 0.0830701 -0.0360884 -0.00575023 -0.0619015 -0.029635 0.0779627 0.0948181 0.0890658 -0.0976965 -0.0881769 0.0734143 0 -0.0029546 -0.0698902 0.0593029 -0.018011 
-0.0157249 0.0995369 -0.0975373 -0.0897966 -0.0943329 -0.0199982 -0.0287761 -0.000819204 0.0839266 -0.0727799 0.0798577 0.076657 -0.06156 0.00504993 0.0835005 -0.0259332 0.00624549 -0.0639026 -0.0160419 0.0117245 -0.068679 0.0029546 0 0.0693954 -0.0292459 -0.00117465 
-0.074219 0.0127069 -0.0164562 0.0789108 0.0814188 0.0427672 0.034761 -0.00408039 -0.0714422 0.043111 -0.000967522 0.0939231 0.00624441 -0.0746983 -0.0699308 -0.000400646 0.00107856 -0.0186919 0.00024374 -0.0273834 -0.0396535 0.0698902 -0.0693954 0 -0.0415898 -0.00342805 
-0.0365533 -0.0421956 0.000524738 0.0470331 -0.00863641 0.0186637 -0.0824977 0.0285753 -0.0137214 0.0234091 0.0176642 0.0161907 -0.0232117 -0.0860997 0.0351144 0.0336301 -0.010713 0.0959182 -0.0176962 -0.0574705 0.0217665 -0.0593029 0.0292459 0.0415898 0 0.0608419 
-0.0495669 0.0125281 0.0962296 -0.0513383 0.00596054 -0.0813169 0.05257 -0.0538285 -0.0931545 0.0352886 -0.0207954 -0.0730983 -0.0107576 -0.0913351 -0.0616112 -0.0109912 0.060039 -0.0973648 0.0110586 0.0651599 0.00940157 0.018011 0.00117465 0.00342805 -0.0608419 0 
