25

16000 4500

30 55 80

3

0 30340 54200 75280 84700 30830 16630 49970 9650 51290 86640 71500 25480 82410 72400 67130 38910 51360 30270 52940 64020 56870 82860 57390 59050 66470 
30270 0 29670 88261 73541 4970 46040 25220 31660 70690 96380 83450 53560 57880 46950 86670 67060 78900 20420 45700 76861 73140 87510 54220 76700 82820 
53940 29580 0 91390 47800 28970 66310 26150 48040 82030 95560 85600 76130 30210 33100 95931 88800 90530 29240 31541 80440 82021 86680 47370 86151 91450 
74920 87541 91080 0 98070 82781 66291 104580 69270 34180 15670 6050 70800 114791 120900 30010 55360 43120 70970 69590 13570 20630 18960 55630 21210 11200 
84430 73941 47770 98110 0 72311 95890 72940 77620 100300 93680 92520 105710 58280 75610 111820 114600 109510 62830 32680 90220 96410 84330 44820 101280 102460 
30840 4950 29050 83531 71931 0 45200 24970 26930 65960 93020 78760 54180 57260 46700 81940 67680 74170 15760 43040 72131 68410 84150 50860 71970 78090 
16580 45880 66360 66611 96000 45050 0 65510 19150 36050 77971 62831 12270 94570 87940 51890 23670 36120 42430 64240 55351 48201 74451 63550 48610 57801 
50350 26010 26240 106791 73010 25700 66120 0 51560 89190 111710 100880 73640 42510 27210 106931 87140 97400 36290 54280 95260 91640 102840 69280 95210 102701 
9630 31420 47970 69570 77610 26660 19340 50370 0 45900 80930 65790 29160 76180 70360 62120 41830 50240 24040 45850 58310 51160 75770 50300 53340 60760 
50950 70570 82090 34110 100260 65810 35600 87820 45680 0 46930 32550 36980 109780 108090 17060 21450 9800 58770 70580 29810 15450 48980 60430 13230 23010 
86450 96340 95260 15470 93450 93030 77821 110690 80800 47240 0 16950 83200 118981 125090 44800 68420 56180 79300 73780 23760 32590 11320 59820 36000 25990 
70820 83120 85480 6050 92480 78660 62191 98770 65170 32690 16790 0 68070 109201 114550 31950 53870 41630 65160 64000 7760 18040 18120 50040 21720 13140 
25710 53570 76360 70430 106000 54560 12230 73200 29150 37410 82220 67330 0 104570 95630 53010 22690 35800 52430 74240 60670 51240 81410 73630 49970 59750 
82020 57660 29850 114941 58740 57050 94390 43100 76120 109730 119111 109351 104210 0 18650 123631 116880 118230 56940 53661 107051 109721 110231 70051 113851 118441 
72150 45970 33330 120920 75620 45660 87920 27330 70440 107550 125080 114460 95440 18360 0 121451 109230 115940 53680 63841 109300 107541 116210 79340 111671 117221 
67630 86750 95791 29680 112470 81990 52280 104010 62140 16910 44570 31620 52840 123481 121791 0 34170 21350 72561 83100 30630 18650 47040 71380 13050 18490 
39090 67490 88910 55260 114640 67600 23740 87120 41700 21820 68080 53700 22750 117120 109580 34470 0 17520 64980 83000 50410 36600 70130 78230 34380 44160 
51630 79080 90700 43060 109620 74320 36280 96330 50200 10210 55880 41500 35830 118390 116700 21690 17550 0 67280 79190 38850 24400 57930 69790 22180 31960 
30180 20270 29390 71230 62820 15700 42550 34820 24280 58890 79080 65420 52370 57080 53910 72811 65040 67100 0 30550 60260 58901 70210 36920 63031 68581 
52630 45210 31010 69580 32640 42640 64090 55130 45820 70710 73740 63990 73910 53341 63130 82560 82800 79370 30630 0 61690 67150 64870 20880 72020 73930 
64230 76191 80390 13570 90190 71431 55601 93180 58580 29820 23680 7760 61720 106161 109390 31080 50340 38920 60000 61710 0 15390 23060 47750 19070 13740 
57140 73190 81881 20320 96280 68430 48511 90440 51490 15850 32110 17730 52410 108721 107881 19200 37030 24790 58651 66910 15080 0 34160 54490 7190 10010 
82840 87340 86260 19130 85050 84190 74401 101690 75990 48830 11320 18060 82440 109981 116090 47470 70010 57770 70300 64780 23090 34180 0 50820 37810 28660 
57500 54190 47050 55620 44580 51040 63890 68140 50650 60300 59780 50030 73980 69701 79170 71100 78220 69510 37150 20880 47730 54590 50150 0 60560 59970 
59000 76710 85981 21270 101410 71950 48660 93970 53350 13420 36100 21720 50040 113671 111981 13160 34600 22360 62751 72040 19070 7090 38150 60320 0 10170 
66350 82790 91080 11360 102410 78030 57721 100050 60700 23030 26250 13300 59650 117311 117481 18860 44210 31970 68251 73930 13470 10230 28720 59970 10060 0 

0 Ciudad_0 0 0 32400 0
1 Ciudad_1 670 20923 24328 1340
2 Ciudad_2 349 24535 28447 698
3 Ciudad_3 264 14812 18945 528
4 Ciudad_4 115 15427 17954 230
5 Ciudad_5 657 10558 12996 1314
6 Ciudad_6 630 1937 4937 1260
7 Ciudad_7 172 6396 9421 344
8 Ciudad_8 296 13248 15593 592
9 Ciudad_9 548 6554 10657 1096
10 Ciudad_10 160 16256 18773 320
11 Ciudad_11 755 24660 27759 1510
12 Ciudad_12 607 3942 8628 1214
13 Ciudad_13 708 4105 8035 1416
14 Ciudad_14 756 7793 12466 1512
15 Ciudad_15 451 23751 26589 902
16 Ciudad_16 134 8917 12402 268
17 Ciudad_17 436 26312 29353 872
18 Ciudad_18 124 24963 29599 248
19 Ciudad_19 354 15205 18216 708
20 Ciudad_20 813 6158 8461 1626
21 Ciudad_21 310 16777 19302 620
22 Ciudad_22 134 5879 9976 268
23 Ciudad_23 237 21920 26230 474
24 Ciudad_24 713 11496 14995 1426
25 Ciudad_25 111 21810 25012 222

0 -0.0930068 -0.0925262 0.00743168 -0.00718588 0.0734758 0.0393871 -0.0702733 -0.0765616 -0.0916479 0.0631676 -0.0197413 0.0474382 0.0771446 -0.0217089 0.024456 0.00822675 -0.0267172 -0.083736 -0.0392298 -0.0854778 -0.0753321 0.0552581 -0.055626 -0.00328571 0.0982405 
0.0930068 0 0.000868967 0.0740255 -0.000352328 -0.0386907 0.00632606 0.0271886 0.08387 -0.0567552 0.0885999 -0.0332668 0.0336536 -0.0820334 -0.00403785 -0.0320459 -0.094745 -0.0204524 0.0312713 0.0134431 -0.0195508 -0.0520894 -0.0186256 0.0547377 0.0703423 0.0695086 
0.0925262 -0.000868967 0 -0.0990234 -0.0486775 0.0064526 -0.0308429 -0.0696041 -0.0435403 -0.000869068 0.0461883 -0.0481338 0.0402882 0.00840782 -0.0797409 -0.0540931 -0.00867888 0.0925087 0.0892649 -0.0616252 0.0397911 0.0343917 0.096736 -0.0840515 -0.0177831 -0.0572084 
-0.00743168 -0.0740255 0.0990234 0 0.045812 0.0515971 0.0876897 0.00438748 0.0384925 0.0795863 -0.0963881 -0.054407 0.00254233 -0.00982755 0.00539905 -0.0112546 -0.0786742 -0.0810113 0.0186663 0.0414554 -0.0105454 0.047037 -0.0599998 -0.0810139 0.057308 -0.0166438 
0.00718588 0.000352328 0.0486775 -0.045812 0 -0.0347199 -0.0589043 -0.0996277 -0.0519403 -0.0566666 0.0106104 0.0951603 0.0177943 -0.0864965 -0.0613125 0.0981068 -0.0997133 -0.0826201 0.027367 -0.0728612 0.0201381 -0.0409162 0.0770828 -0.071985 0.016369 -0.0640358 
-0.0734758 0.0386907 -0.0064526 -0.0515971 0.0347199 0 -0.0684256 0.0217755 -0.089984 0.0879419 0.047793 0.0133586 -0.0702474 0.0431344 -0.0116699 -0.0195626 -0.0801991 -0.0744505 0.056705 -0.093579 0.0667478 0.0108182 -0.0252981 -0.095499 -0.0365121 -0.063234 
-0.0393871 -0.00632606 0.0308429 -0.0876897 0.0589043 0.0684256 0 0.0671178 -0.0387775 -0.00660105 -0.0358161 -0.0230608 0.0332739 -0.0559812 -0.0278307 -0.0915235 -0.00725132 0.0302419 -0.0407415 0.0748893 -0.0734719 0.0564702 -0.0869266 -0.0978187 0.022837 -0.07753 
0.0702733 -0.0271886 0.0696041 -0.00438748 0.0996277 -0.0217755 -0.0671178 0 0.00621637 0.0694024 0.042654 -0.0459971 -0.0574716 -0.0732005 0.0593193 0.0434759 -0.0592083 0.0457659 -0.0475889 0.0185132 -0.0407385 -0.00127661 0.08182 0.0226635 -0.0344216 -0.0625816 
0.0765616 -0.08387 0.0435403 -0.0384925 0.0519403 0.089984 0.0387775 -0.00621637 0 0.049749 -0.0577545 0.0716307 -0.028175 -0.0162123 -0.00507195 -0.0276613 -0.0407566 0.0409747 -0.0743294 -0.0698439 -0.0626117 0.0259336 -0.0382376 -0.0405425 0.0583601 0.0414784 
0.0916479 0.0567552 0.000869068 -0.0795863 0.0566666 -0.0879419 0.00660105 -0.0694024 -0.049749 0 -0.0151871 -0.00281196 -0.0264363 -0.0405153 0.0339009 0.0531559 -0.00993439 -0.0128134 -0.0429782 0.00812952 -0.0787712 -0.0676728 -0.0581166 -0.0316208 0.0605935 -0.0940811 
-0.0631676 -0.0885999 -0.0461883 0.0963881 -0.0106104 -0.047793 0.0358161 -0.042654 0.0577545 0.0151871 0 0.0896107 0.0566147 0.0734443 -0.0989944 -0.0389771 -0.0153408 0.070665 0.0638361 -0.0402119 0.0765453 0.046729 0.0319008 0.0758006 0.0812494 0.0103265 
0.0197413 0.0332668 0.0481338 0.054407 -0.0951603 -0.0133586 0.0230608 0.0459971 -0.0716307 0.00281196 -0.0896107 0 -0.081222 0.0553802 -0.00123172 0.00642484 -0.00377858 0.0647073 -0.0595604 -0.00573708 -0.0037435 -0.0449092 0.0441236 0.0255975 -0.096455 0.0224706 
-0.0474382 -0.0336536 -0.0402882 -0.00254233 -0.0177943 0.0702474 -0.0332739 0.0574716 0.028175 0.0264363 -0.0566147 0.081222 0 -0.0112177 0.0164427 0.0102661 0.0355532 0.0536138 -0.0364216 0.0423097 0.00689945 -0.0928629 0.0328345 0.0496186 0.00187252 0.0572771 
-0.0771446 0.0820334 -0.00840782 0.00982755 0.0864965 -0.0431344 0.0559812 0.0732005 0.0162123 0.0405153 -0.0734443 -0.0553802 0.0112177 0 -0.0275656 -0.095174 -0.031765 -0.000701603 -0.00954952 0.047195 0.0706337 -0.0938305 -0.0793863 0.0774643 0.0529257 0.0258964 
0.0217089 0.00403785 0.0797409 -0.00539905 0.0613125 0.0116699 0.0278307 -0.0593193 0.00507195 -0.0339009 0.0989944 0.00123172 -0.0164427 0.0275656 0 0.0840806 -0.0974641 -0.0123792 -0.0659369 -0.0372396 -0.0898951 -0.00256069 0.0931947 -0.0963034 -0.0455593 0.00625614 
-0.024456 0.0320459 0.0540931 0.0112546 -0.0981068 0.0195626 0.0915235 -0.0434759 0.0276613 -0.0531559 0.0389771 -0.00642484 -0.0102661 0.095174 -0.0840806 0 -0.0216773 -0.0455515 0.0493305 -0.0281291 -0.0600709 0.0306093 0.0481024 -0.0571043 0.0242731 -0.0233574 
-0.00822675 0.094745 0.00867888 0.0786742 0.0997133 0.0801991 0.00725132 0.0592083 0.0407566 0.00993439 0.0153408 0.00377858 -0.0355532 0.031765 0.0974641 0.0216773 0 0.0821343 -0.0665971 0.0797639 0.0961524 0.0614943 -0.048635 -0.0240732 0.0413874 -0.0206516 
0.0267172 0.0204524 -0.0925087 0.0810113 0.0826201 0.0744505 -0.0302419 -0.0457659 -0.0409747 0.0128134 -0.070665 -0.0647073 -0.0536138 0.000701603 0.0123792 0.0455515 -0.0821343 0 -0.0523077 0.0767445 0.0516194 -0.043003 -0.0771646 -0.0286525 -0.0811513 -0.00714756 
0.083736 -0.0312713 -0.0892649 -0.0186663 -0.027367 -0.056705 0.0407415 0.0475889 0.0743294 0.0429782 -0.0638361 0.0595604 0.0364216 0.00954952 0.0659369 -0.0493305 0.0665971 0.0523077 0 0.0474958 -0.086848 0.0915996 -0.00386923 0.0530005 0.0734524 -0.052268 
0.0392298 -0.0134431 0.0616252 -0.0414554 0.0728612 0.093579 -0.0748893 -0.0185132 0.0698439 -0.00812952 0.0402119 0.00573708 -0.0423097 -0.047195 0.0372396 0.0281291 -0.0797639 -0.0767445 -0.0474958 0 -0.0718224 -0.034945 -0.0305508 0.0817949 0.0424129 -0.0560363 
0.0854778 0.0195508 -0.0397911 0.0105454 -0.0201381 -0.0667478 0.0734719 0.0407385 0.0626117 0.0787712 -0.0765453 0.0037435 -0.00689945 -0.0706337 0.0898951 0.0600709 -0.0961524 -0.0516194 0.086848 0.0718224 0 -0.0308372 0.0247377 -0.0238473 -0.0394264 -0.0823147 
0.0753321 0.0520894 -0.0343917 -0.047037 0.0409162 -0.0108182 -0.0564702 0.00127661 -0.0259336 0.0676728 -0.046729 0.0449092 0.0928629 0.0938305 0.00256069 -0.0306093 -0.0614943 0.043003 -0.0915996 0.034945 0.0308372 0 -0.0145936 0.0206543 0.0799142 -0.0368344 
-0.0552581 0.0186256 -0.096736 0.0599998 -0.0770828 0.0252981 0.0869266 -0.08182 0.0382376 0.0581166 -0.0319008 -0.0441236 -0.0328345 0.0793863 -0.0931947 -0.0481024 0.048635 0.0771646 0.00386923 0.0305508 -0.0247377 0.0145936 0 -0.0740758 -0.0902976 -0.0664978 
0.055626 -0.0547377 0.0840515 0.0810139 0.071985 0.095499 0.0978187 -0.0226635 0.0405425 0.0316208 -0.0758006 -0.0255975 -0.0496186 -0.0774643 0.0963034 0.0571043 0.0240732 0.0286525 -0.0530005 -0.0817949 0.0238473 -0.0206543 0.0740758 0 -0.0969826 -0.0605459 
0.00328571 -0.0703423 0.0177831 -0.057308 -0.016369 0.0365121 -0.022837 0.0344216 -0.0583601 -0.0605935 -0.0812494 0.096455 -0.00187252 -0.0529257 0.0455593 -0.0242731 -0.0413874 0.0811513 -0.0734524 -0.0424129 0.0394264 -0.0799142 0.0902976 0.0969826 0 -0.0196583 
-0.0982405 -0.0695086 0.0572084 0.0166438 0.0640358 0.063234 0.07753 0.0625816 -0.0414784 0.0940811 -0.0103265 -0.0224706 -0.0572771 -0.0258964 -0.00625614 0.0233574 0.0206516 0.00714756 0.052268 0.0560363 0.0823147 0.0368344 0.0664978 0.0605459 0.0196583 0 
