25

16000 4500

30 55 80

3

0 70280 49870 88590 53830 80750 44200 72140 23430 93720 64800 87370 31180 61260 97280 73690 74460 92220 86070 86440 94010 76950 80560 44070 63040 75610 
70350 0 29200 90120 17780 41190 94700 121590 68890 47810 88730 29720 99070 44910 42870 31930 125600 35740 55900 136840 32270 69620 18820 107880 32260 39450 
50040 28730 0 72030 22450 36500 69570 95720 43760 69700 63360 52780 76200 30030 51320 27730 100470 57630 68050 111710 58990 54340 45540 82750 44410 54080 
88520 90070 71920 0 91520 52100 59440 60560 66110 134800 28850 110520 97590 47060 69760 61740 81110 122880 132870 74340 107490 23120 101530 83020 109840 122410 
53760 17690 22930 91580 0 47430 86000 115290 60190 49810 82910 34120 82480 48180 59450 37580 118420 38970 46430 129660 40760 72890 27310 94640 22790 32460 
80700 41130 36510 52320 47450 0 78730 95610 67670 83150 58030 59130 104320 22850 30990 10430 110000 71490 93050 109390 56150 30040 50220 101870 69410 79080 
43840 95260 69790 59650 86400 78480 0 28080 27910 127760 34550 119450 38690 65020 102120 85030 31380 124300 120110 42380 125660 64430 111510 23580 95610 109650 
71830 122660 95780 61210 115270 95640 28460 0 55310 155160 38690 146850 67040 83780 116760 103790 24110 151700 147510 15700 152940 70300 138910 50440 124480 137050 
23400 68930 43460 66380 60070 67670 26850 54680 0 99960 42590 92420 38530 48530 90350 66760 57740 97270 92310 68980 98630 60290 85180 39740 69280 81850 
93490 47720 70120 135330 49770 83340 127160 155080 99920 0 130140 24490 122210 92100 79960 74080 158910 12790 39330 171880 35450 112670 36830 135080 30730 18370 
64740 88880 63320 28930 82920 57980 34540 37910 42330 130100 0 114370 72690 46120 81410 66130 58460 119220 122450 51690 114720 34990 106150 58120 99420 111990 
87470 29730 53440 110820 34290 59210 118940 146770 92640 24520 114240 0 116190 70740 55830 49950 149840 12860 52340 161080 11320 88540 12700 129060 36230 29370 
31230 99050 75930 97780 82600 104380 39100 67040 38590 122490 72470 116140 0 85240 123340 99750 59620 120990 114840 74900 122780 96980 109330 21500 91810 104380 
61520 44980 30060 47180 48210 22850 65000 83620 48540 92260 46040 70630 85190 0 44920 21330 97110 80190 93810 97400 67650 26690 61720 87270 70170 79840 
97250 42770 51250 69890 59360 30760 102630 116860 90230 80480 81100 56460 123410 44860 0 24070 133890 68820 97460 130640 47530 47610 47550 125770 73820 79000 
73340 32320 27340 62840 37700 11230 84630 103250 66320 74340 65670 50320 99500 20950 24610 0 116740 62680 83300 117030 47340 40560 41410 105090 59660 69330 
74650 126520 101050 81760 119130 109950 31560 23940 59170 159800 59240 150710 59870 97270 134590 117280 0 155560 151370 16070 156920 90850 142770 38910 128340 140910 
92090 35710 58110 123290 38960 71680 123610 151440 97310 12850 118910 12830 120810 80090 68300 62420 154510 0 43610 165750 23790 101010 25170 133680 30090 19510 
85640 55840 68200 132950 46220 92900 119310 147230 92070 39140 122290 52150 114360 93650 97590 83050 150300 43500 0 161540 61400 115250 54270 127230 23550 24760 
86140 136970 111500 75000 129580 109430 42770 15740 69620 171630 52480 161160 74870 97570 130550 117580 16380 166010 161820 0 166730 84090 153220 53910 138790 151360 
93990 32270 59460 107830 40810 56430 124960 152790 98660 35440 114770 11420 122710 67960 46750 47170 155860 23780 61880 166750 0 85550 15240 135580 45770 38910 
76260 68900 53600 23500 72130 29530 64240 70130 59260 111890 34850 87870 96130 25890 47190 39170 90680 100230 114550 83910 84890 0 78960 87820 91520 103760 
80640 18920 46110 101950 27460 50340 111120 138950 85310 36750 106120 12730 109360 61870 47550 41080 142020 25090 54570 153260 15280 79670 0 122230 35540 31600 
44110 108200 82730 83500 94760 101830 23870 50410 39880 135360 58400 129010 21490 87430 125470 106000 38650 133860 127710 53930 135650 88280 122200 0 103970 117250 
62750 32280 44840 110060 22660 69340 94990 124340 69180 30680 99400 36330 91470 70090 74030 59490 127410 30090 23640 138650 45580 92360 35520 103630 0 12570 
75380 39480 55030 122690 32850 79530 109050 136970 81810 18370 112030 29470 104100 80280 78980 69680 140040 19520 24870 151280 38720 104990 31590 116970 12620 0 

0 Ciudad_0 0 0 32400 0
1 Ciudad_1 783 9848 13253 1566
2 Ciudad_2 597 4313 8225 1194
3 Ciudad_3 438 13691 17824 876
4 Ciudad_4 477 2438 4965 954
5 Ciudad_5 172 6599 9037 344
6 Ciudad_6 539 9166 12166 1078
7 Ciudad_7 493 10439 13464 986
8 Ciudad_8 309 22910 25255 618
9 Ciudad_9 398 19915 24018 796
10 Ciudad_10 797 5212 7729 1594
11 Ciudad_11 439 20920 24019 878
12 Ciudad_12 148 6068 10754 296
13 Ciudad_13 491 8993 12923 982
14 Ciudad_14 803 20737 25410 1606
15 Ciudad_15 823 21636 24474 1646
16 Ciudad_16 680 21476 24961 1360
17 Ciudad_17 491 21222 24263 982
18 Ciudad_18 161 4417 9053 322
19 Ciudad_19 277 7179 10190 554
20 Ciudad_20 293 16763 19066 586
21 Ciudad_21 363 20041 22566 726
22 Ciudad_22 393 6192 10289 786
23 Ciudad_23 402 19543 23853 804
24 Ciudad_24 265 10610 14109 530
25 Ciudad_25 761 15332 18534 1522

0 -0.045149 -0.0223433 -0.0713769 0.00718221 -0.0860069 -0.0967626 0.0688235 -0.0600369 -0.077855 0.0631618 -0.0573582 0.0972868 -0.0139488 0.0644107 -0.00482601 -0.0783658 -0.00976885 -0.0293491 -0.044857 -0.0589842 0.0802943 0.0610758 0.0364847 -0.0663594 0.010179 
0.045149 0 0.0778211 -0.053335 0.025975 0.000737229 0.062063 0.0751851 -0.0167036 -0.0258553 0.0339726 -0.0572529 0.0790113 -0.013311 -0.0614371 -0.00367751 -0.0702846 0.0386303 -0.0703215 -0.0518868 0.00737528 0.0862238 0.0492277 0.0297144 -0.0339987 -0.0777508 
0.0223433 -0.0778211 0 0.0155435 -0.0971652 -0.0121701 0.0466368 -0.0483176 0.0820099 -0.00878616 0.0497755 -0.0735529 -0.04754 0.0133193 -0.0645044 0.0765637 -0.0304221 0.0806695 0.077864 -0.0402294 0.0416622 -0.0772277 -0.0842089 0.0792746 0.0631243 -0.0587598 
0.0713769 0.053335 -0.0155435 0 0.0253283 -0.0511706 -0.0456432 0.0913397 -0.0131826 0.0489545 0.0827009 -0.0728601 -0.0279658 -0.0642494 -0.0962533 0.0425553 -0.0588223 -0.0934451 0.0383307 0.057547 -0.0237598 -0.0276532 0.0889981 -0.0941516 -0.0575402 0.0674539 
-0.00718221 -0.025975 0.0971652 -0.0253283 0 0.0589061 -0.0109159 0.0507549 0.0739819 0.0809987 0.0824484 0.00505655 0.0109159 -0.0795949 0.0279214 -0.0144999 0.0856732 -0.0967128 0.0529193 -0.0769935 -0.0747469 0.0957023 0.0785609 0.0852943 -0.0210917 -0.0874261 
0.0860069 -0.000737229 0.0121701 0.0511706 -0.0589061 0 0.05058 0.0887224 0.0264303 -0.0696863 -0.0757418 0.0966054 0.040888 0.0793952 0.0270693 -0.0871869 0.0180193 -0.0719012 -0.0539186 0.0664847 0.0105575 0.0013164 -0.0807639 0.0883818 -0.0773688 0.0017822 
0.0967626 -0.062063 -0.0466368 0.0456432 0.0109159 -0.05058 0 0.0579998 -0.0529851 -0.0673032 0.013963 0.0935171 -0.0732845 0.0877684 0.0600136 -0.0158548 0.0105845 -0.0626659 -0.0347638 0.0884665 0.0846655 -0.0901543 -0.00514358 0.0153224 -0.0857052 0.0620134 
-0.0688235 -0.0751851 0.0483176 -0.0913397 -0.0507549 -0.0887224 -0.0579998 0 0.0257885 0.0169949 0.0194844 0.0589085 -0.0304988 0.0313263 0.0879045 0.0609817 -0.0121343 -0.0990207 -0.0340224 0.0342405 -0.0499288 0.0667992 -0.0519428 -0.0371409 0.0852548 -0.0126339 
0.0600369 0.0167036 -0.0820099 0.0131826 -0.0739819 -0.0264303 0.0529851 -0.0257885 0 -0.0880221 0.0290222 -0.0546071 -0.0954355 -0.0295933 0.0284977 0.0130964 -0.0805328 -0.0547977 -0.0809346 0.011607 -0.0715388 -0.0260556 -0.0410277 0.063526 -0.0214017 -0.0643068 
0.077855 0.0258553 0.00878616 -0.0489545 -0.0809987 0.0696863 0.0673032 -0.0169949 0.0880221 0 0.0404232 0.0802624 0.0028103 0.0286077 0.0229408 0.0974492 -0.0746329 -0.029817 -0.0771015 0.084657 0.0404112 0.0331329 -0.0484449 0.0811263 -0.00524244 0.070632 
-0.0631618 -0.0339726 -0.0497755 -0.0827009 -0.0824484 0.0757418 -0.013963 -0.0194844 -0.0290222 -0.0404232 0 -0.0416627 0.00721489 0.0889771 -0.0550977 0.00170755 -0.0540894 0.0251522 -0.00488698 -0.0690899 -0.0285303 0.067331 -0.0283936 0.0294548 0.0857778 -0.034733 
0.0573582 0.0572529 0.0735529 0.0728601 -0.00505655 -0.0966054 -0.0935171 -0.0589085 0.0546071 -0.0802624 0.0416627 0 -0.0265819 -0.0416252 0.0723599 0.0646837 -0.0586688 0.0143964 -0.00368031 0.0759701 -0.0277273 0.0855191 0.0899099 0.0764408 0.00620024 0.00238008 
-0.0972868 -0.0790113 0.04754 0.0279658 -0.0109159 -0.040888 0.0732845 0.0304988 0.0954355 -0.0028103 -0.00721489 0.0265819 0 0.00181654 -0.0573999 -0.0212696 -0.0857651 -0.028195 -0.00345974 0.0993364 0.0833791 -0.0651851 -0.0514903 -0.0840508 0.0700935 0.0253291 
0.0139488 0.013311 -0.0133193 0.0642494 0.0795949 -0.0793952 -0.0877684 -0.0313263 0.0295933 -0.0286077 -0.0889771 0.0416252 -0.00181654 0 -0.0765689 0.0383767 -0.0635395 0.0390478 -0.0600495 0.0538065 -0.0303754 0.0518828 0.0198775 -0.0793782 0.0983049 0.0245808 
-0.0644107 0.0614371 0.0645044 0.0962533 -0.0279214 -0.0270693 -0.0600136 -0.0879045 -0.0284977 -0.0229408 0.0550977 -0.0723599 0.0573999 0.0765689 0 0.0416384 0.0925394 0.0331791 -0.089939 -0.0192687 -0.0732577 0.0076077 0.0818251 -0.0212872 -0.0126075 0.0310915 
0.00482601 0.00367751 -0.0765637 -0.0425553 0.0144999 0.0871869 0.0158548 -0.0609817 -0.0130964 -0.0974492 -0.00170755 -0.0646837 0.0212696 -0.0383767 -0.0416384 0 -0.0356031 -0.0412383 0.0136934 -0.0958704 -0.0265796 0.00705 -0.0463137 0.0803434 0.0405681 0.0367212 
0.0783658 0.0702846 0.0304221 0.0588223 -0.0856732 -0.0180193 -0.0105845 0.0121343 0.0805328 0.0746329 0.0540894 0.0586688 0.0857651 0.0635395 -0.0925394 0.0356031 0 0.0127733 0.0431402 0.0928122 -0.0537334 0.0274039 -0.0597751 0.012632 -0.0958498 -0.0116071 
0.00976885 -0.0386303 -0.0806695 0.0934451 0.0967128 0.0719012 0.0626659 0.0990207 0.0547977 0.029817 -0.0251522 -0.0143964 0.028195 -0.0390478 -0.0331791 0.0412383 -0.0127733 0 0.0221008 0.0280906 -0.0443798 0.00604144 -0.0476391 -0.0204003 0.00967935 0.00296338 
0.0293491 0.0703215 -0.077864 -0.0383307 -0.0529193 0.0539186 0.0347638 0.0340224 0.0809346 0.0771015 0.00488698 0.00368031 0.00345974 0.0600495 0.089939 -0.0136934 -0.0431402 -0.0221008 0 -0.0758336 -0.0797296 -0.0632394 0.0898473 -0.0858192 -0.0117358 -0.0333007 
0.044857 0.0518868 0.0402294 -0.057547 0.0769935 -0.0664847 -0.0884665 -0.0342405 -0.011607 -0.084657 0.0690899 -0.0759701 -0.0993364 -0.0538065 0.0192687 0.0958704 -0.0928122 -0.0280906 0.0758336 0 0.0133237 0.0918022 -0.0165701 0.0981102 -0.0387963 0.0616262 
0.0589842 -0.00737528 -0.0416622 0.0237598 0.0747469 -0.0105575 -0.0846655 0.0499288 0.0715388 -0.0404112 0.0285303 0.0277273 -0.0833791 0.0303754 0.0732577 0.0265796 0.0537334 0.0443798 0.0797296 -0.0133237 0 -0.0877282 0.0772704 -0.00324237 0.053239 0.0541206 
-0.0802943 -0.0862238 0.0772277 0.0276532 -0.0957023 -0.0013164 0.0901543 -0.0667992 0.0260556 -0.0331329 -0.067331 -0.0855191 0.0651851 -0.0518828 -0.0076077 -0.00705 -0.0274039 -0.00604144 0.0632394 -0.0918022 0.0877282 0 0.00718052 -0.06594 0.0658006 0.00854996 
-0.0610758 -0.0492277 0.0842089 -0.0889981 -0.0785609 0.0807639 0.00514358 0.0519428 0.0410277 0.0484449 0.0283936 -0.0899099 0.0514903 -0.0198775 -0.0818251 0.0463137 0.0597751 0.0476391 -0.0898473 0.0165701 -0.0772704 -0.00718052 0 -0.0252882 -0.0690825 -0.0401349 
-0.0364847 -0.0297144 -0.0792746 0.0941516 -0.0852943 -0.0883818 -0.0153224 0.0371409 -0.063526 -0.0811263 -0.0294548 -0.0764408 0.0840508 0.0793782 0.0212872 -0.0803434 -0.012632 0.0204003 0.0858192 -0.0981102 0.00324237 0.06594 0.0252882 0 0.0903161 -0.0953271 
0.0663594 0.0339987 -0.0631243 0.0575402 0.0210917 0.0773688 0.0857052 -0.0852548 0.0214017 0.00524244 -0.0857778 -0.00620024 -0.0700935 -0.0983049 0.0126075 -0.0405681 0.0958498 -0.00967935 0.0117358 0.0387963 -0.053239 -0.0658006 0.0690825 -0.0903161 0 -0.0808725 
-0.010179 0.0777508 0.0587598 -0.0674539 0.0874261 -0.0017822 -0.0620134 0.0126339 0.0643068 -0.070632 0.034733 -0.00238008 -0.0253291 -0.0245808 -0.0310915 -0.0367212 0.0116071 -0.00296338 0.0333007 -0.0616262 -0.0541206 -0.00854996 0.0401349 0.0953271 0.0808725 0 
