25

16000 4500

30 55 80

3

0 94700 44900 76690 24970 34070 74750 42510 92750 64170 48250 75400 89190 19090 55840 85420 49760 64290 49900 87030 52300 97370 90680 82400 60810 58080 
95590 0 130351 162511 88690 72090 96310 68650 34510 98401 51300 31890 127691 114570 40450 54420 75060 73340 52060 159151 53250 106640 56900 69660 155760 153491 
45360 129790 0 32280 67850 65020 120110 86400 116710 59650 85030 99580 70010 27910 101200 109380 64430 109650 95260 42380 76260 94760 136740 127760 37350 23580 
77350 162990 32290 0 99840 98000 152100 119860 149910 85750 118010 132780 77070 59900 133190 141580 94840 141640 127250 20060 108460 118840 170220 160530 49100 34220 
24600 87820 67040 98840 0 45510 53410 21170 92270 82850 44920 72070 111610 41300 49490 95420 65150 42950 37620 109180 65350 112760 72000 61060 69800 75380 
34300 71950 65000 98010 45520 0 93810 48210 63120 47180 21330 45030 76490 48540 40160 55790 26690 79840 44980 97400 22670 74300 90620 92260 92230 87270 
74610 95700 119310 151200 52960 93650 0 46220 116410 132950 83050 103290 161710 92070 67820 127690 115250 24760 55840 161540 104560 162860 55500 39140 121400 127230 
42730 67860 86000 119320 21080 48180 46430 0 82520 91580 37580 63990 120340 60190 29680 87340 72890 32460 17690 129660 59090 120510 51410 49810 89520 94640 
93150 34480 117470 149630 92550 63480 116860 82620 0 84730 48210 22040 108870 107270 53060 23150 62450 93890 66030 145480 40640 80340 78540 91300 150060 140610 
64140 97880 59440 84770 82840 47060 132870 91520 84350 0 61740 67220 30200 66110 79970 64890 23120 122410 90070 74340 43900 42870 130770 134800 96250 83020 
48080 51640 84630 117640 44500 20950 83300 37700 48370 62840 0 28170 92130 66320 19850 51520 40560 69330 32320 117030 22890 85230 70310 74340 106540 105090 
75570 31770 100260 132420 72020 44870 103310 63980 21820 67520 27680 0 96810 89690 35650 25160 45240 84290 48620 128270 23430 75430 70880 83640 132850 123400 
89200 127730 71100 77550 112140 76800 162170 120820 108190 30030 91590 97070 0 84190 109820 86780 52970 151710 120460 58420 73750 41970 160620 164650 107910 94680 
19030 113730 26850 58640 41380 48530 92310 60070 106860 66380 66760 89730 84310 0 74870 99530 60290 81850 68930 68980 66410 105160 110270 99960 45510 39740 
55920 39630 100710 132510 49370 40280 67820 29720 52990 80360 19490 35620 109650 74900 0 60020 58080 51370 13130 136980 40410 102750 51120 55150 114380 113890 
85730 54370 110050 141930 95500 56060 127750 87460 23290 64900 51160 25170 87290 99850 60090 0 48770 108730 73060 131500 33220 57580 95320 108080 142640 133190 
49110 74220 64240 94340 64520 25890 114550 72130 61780 23500 39170 44650 52790 59260 57400 48820 0 103760 68900 83910 21330 49140 107860 111890 99320 87820 
64350 73020 109050 140940 42700 80280 24870 32850 93730 122690 69680 83800 151450 81810 51460 107610 104990 0 39480 151280 91190 152600 31540 18370 111140 116970 
49910 51280 94700 126500 37670 44910 55900 17780 65940 90120 31930 48570 119480 68890 13100 72970 69620 39450 0 136840 52850 115190 48180 47810 106110 107880 
87070 158670 42770 20040 109560 97570 161820 129580 145140 75000 117580 128010 58200 69620 136970 131380 84090 151360 136970 0 104650 99970 181320 171630 68790 53910 
52610 52980 76930 109100 65410 22940 104790 59190 40540 44190 22170 23410 73480 66730 40400 33210 21910 90820 52870 104450 0 63860 90860 94890 109520 100070 
96770 106640 94960 118310 112180 73550 162210 119790 80240 42170 83780 75550 42660 104280 102010 57150 48360 151420 114480 99180 63160 0 149220 156840 131770 118540 
90830 56450 136110 169590 71820 90490 55700 51460 78410 130950 69700 70570 160240 110300 50870 94380 108290 31550 48210 181660 90620 148740 0 17370 140260 146090 
82460 69130 127160 159810 60810 92100 39330 49770 91090 135330 74080 83250 164620 99920 55250 107060 112670 18370 47720 171880 95000 157720 17420 0 129250 135080 
60790 155020 37240 48700 70010 92320 121920 89680 149140 95990 106830 132010 106350 45610 114420 141810 99700 111460 106130 68460 108690 131100 140510 129570 0 15250 
58300 153140 23870 34170 75550 87430 127710 94760 140060 83500 106000 122930 93860 39880 114140 132730 88280 117250 108200 53930 99610 118610 146300 135360 15510 0 

0 Ciudad_0 0 0 32400 0
1 Ciudad_1 155 14132 17537 310
2 Ciudad_2 383 10098 14010 766
3 Ciudad_3 743 12796 16929 1486
4 Ciudad_4 129 26327 28854 258
5 Ciudad_5 535 2104 4542 1070
6 Ciudad_6 177 14309 17309 354
7 Ciudad_7 265 13691 16716 530
8 Ciudad_8 793 4566 6911 1586
9 Ciudad_9 811 3283 7386 1622
10 Ciudad_10 777 24970 27487 1554
11 Ciudad_11 114 12208 15307 228
12 Ciudad_12 180 23368 28054 360
13 Ciudad_13 230 15450 19380 460
14 Ciudad_14 216 5935 10608 432
15 Ciudad_15 327 19757 22595 654
16 Ciudad_16 639 8536 12021 1278
17 Ciudad_17 101 11304 14345 202
18 Ciudad_18 762 22699 27335 1524
19 Ciudad_19 336 12252 15263 672
20 Ciudad_20 332 11003 13306 664
21 Ciudad_21 134 18236 20761 268
22 Ciudad_22 210 20887 24984 420
23 Ciudad_23 754 22981 27291 1508
24 Ciudad_24 370 8904 12403 740
25 Ciudad_25 184 6925 10127 368

0 0.0548176 0.0634048 -0.0636154 -0.0382705 0.0658169 -0.0922578 -0.0529133 0.0238731 0.0893567 -0.0816421 -0.0314432 -0.0905057 -0.0759163 0.0625872 -0.057214 -0.007641 -0.031713 -0.0746041 -0.0292482 0.0102572 -0.0869647 -0.0656212 -0.00477922 -0.0971057 0.0628495 
-0.0548176 0 0.0490577 -0.08412 0.0702694 -0.0236651 0.00110535 0.0547372 0.098685 -0.0494538 -0.0363412 -0.0197762 0.026494 0.0556346 -0.045515 -0.00543433 -0.079327 0.0508022 -0.0819501 -0.0228135 -0.0404206 -0.0759 -0.0021107 0.0269376 0.0414004 -0.0690766 
-0.0634048 -0.0490577 0 -0.0728818 0.0406863 0.0444077 0.0282996 -0.0206264 -0.0806094 0.0701817 0.0773324 0.0737486 -0.0661627 -0.00859592 -0.073363 -0.0988511 -0.0637594 -0.0745456 0.0282118 0.0955502 -0.0746366 -0.095518 -0.086675 0.0352414 -0.0640681 -0.0586871 
0.0636154 0.08412 0.0728818 0 -0.0254556 -0.00880758 0.00587389 0.0745485 0.0227819 -0.0400116 0.00286566 0.0128443 0.00996285 0.0880843 -0.0947842 0.00472031 0.000713085 0.027199 0.00428554 0.023642 0.022989 -0.0999661 0.0575344 0.00582937 0.0952638 0.0475736 
0.0382705 -0.0702694 -0.0406863 0.0254556 0 -0.00719053 0.0129575 0.0617236 0.00474396 -0.0871251 0.0525575 0.0606695 -0.0801223 0.0823458 0.036578 0.00334219 0.0606516 0.0183148 -0.0998153 -0.0582035 0.0632152 0.0606633 -0.0874466 0.0611725 0.0127616 0.0779843 
-0.0658169 0.0236651 -0.0444077 0.00880758 0.00719053 0 -0.0704427 0.0410791 -0.0993746 -0.0756758 -0.0276481 0.0213947 0.0613291 0.0265472 0.0578312 -0.0969517 0.0615468 0.0932642 0.0662505 -0.0879441 -0.065382 0.0172853 -0.094975 0.0110519 -0.0347289 0.0862334 
0.0922578 -0.00110535 -0.0282996 -0.00587389 -0.0129575 0.0704427 0 0.0930208 -0.0286323 0.0250672 -0.0895748 -0.0477737 0.0878942 0.0548119 -0.0749548 0.0372764 0.089156 0.0763115 -0.0954325 -0.0032638 0.0338489 -0.0684469 0.0767867 0.0453407 0.0152896 -0.0600656 
0.0529133 -0.0547372 0.0206264 -0.0745485 -0.0617236 -0.0410791 -0.0930208 0 -0.0698213 -0.00229075 0.0895382 -0.0496352 0.0384369 0.0272924 -0.0105664 -0.064836 0.0770549 -0.00109082 0.0620497 -0.02831 -0.0828314 0.0753321 -0.0697799 -0.0853378 -0.041249 0.048442 
-0.0238731 -0.098685 0.0806094 -0.0227819 -0.00474396 0.0993746 0.0286323 0.0698213 0 0.000544258 0.0506346 0.0738156 0.0114893 -0.0210652 0.00567975 -0.0559534 0.0185204 -0.00846262 -0.055532 -0.0979048 -0.0436806 0.0655244 -0.0360298 0.085989 0.0730866 0.0927965 
-0.0893567 0.0494538 -0.0701817 0.0400116 0.0871251 0.0756758 -0.0250672 0.00229075 -0.000544258 0 -0.0376562 -0.0266835 0.0739328 0.00940534 0.0421033 -0.0214315 0.0576438 0.0600609 0.0218195 -0.0710617 -0.0521765 -0.0897356 -0.051405 0.0747567 0.0483289 0.0148927 
0.0816421 0.0363412 -0.0773324 -0.00286566 -0.0525575 0.0276481 0.0895748 -0.0895382 -0.0506346 0.0376562 0 0.00509584 0.0422539 -0.0257931 -0.0403421 0.0707901 -0.0537734 0.0354327 -0.0847341 0.0445729 -0.0161389 -0.0055419 -0.0231439 0.0467908 -0.0204861 -0.0401615 
0.0314432 0.0197762 -0.0737486 -0.0128443 -0.0606695 -0.0213947 0.0477737 0.0496352 -0.0738156 0.0266835 -0.00509584 0 -0.0270295 0.0345268 0.0145188 0.00763163 -0.0872784 0.038587 -0.0333475 -0.0693887 -0.0372976 -0.0375481 -0.0111853 -0.0731323 0.038159 -0.0770189 
0.0905057 -0.026494 0.0661627 -0.00996285 0.0801223 -0.0613291 -0.0878942 -0.0384369 -0.0114893 -0.0739328 -0.0422539 0.0270295 0 0.00230874 -0.0208685 -0.0445635 0.0647082 0.0698577 0.0569113 -0.0166198 -0.0120135 0.0209436 0.0342679 -0.0632505 -0.0982559 0.0128655 
0.0759163 -0.0556346 0.00859592 -0.0880843 -0.0823458 -0.0265472 -0.0548119 -0.0272924 0.0210652 -0.00940534 0.0257931 -0.0345268 -0.00230874 0 -0.0996081 0.000755059 0.0322575 -0.00350734 0.0854836 -0.0927503 0.0556075 -0.0675043 0.0973955 -0.0963953 -0.0830421 0.00581565 
-0.0625872 0.045515 0.073363 0.0947842 -0.036578 -0.0578312 0.0749548 0.0105664 -0.00567975 -0.0421033 0.0403421 -0.0145188 0.0208685 0.0996081 0 -0.0778092 0.0906125 0.0968671 0.0694015 0.000309164 -0.0538049 -0.0925283 0.0508612 0.0585372 0.0038311 0.0296152 
0.057214 0.00543433 0.0988511 -0.00472031 -0.00334219 0.0969517 -0.0372764 0.064836 0.0559534 0.0214315 -0.0707901 -0.00763163 0.0445635 -0.000755059 0.0778092 0 -0.029389 0.0948085 -0.0028238 0.0194915 -0.0757039 -0.0779471 -0.0841197 -0.0794158 -0.0571489 -0.0573043 
0.007641 0.079327 0.0637594 -0.000713085 -0.0606516 -0.0615468 -0.089156 -0.0770549 -0.0185204 -0.0576438 0.0537734 0.0872784 -0.0647082 -0.0322575 -0.0906125 0.029389 0 -0.0168454 0.0231301 -0.0502053 0.0845875 0.0700217 -0.0636847 -0.0079725 0.0844901 0.0839122 
0.031713 -0.0508022 0.0745456 -0.027199 -0.0183148 -0.0932642 -0.0763115 0.00109082 0.00846262 -0.0600609 -0.0354327 -0.038587 -0.0698577 0.00350734 -0.0968671 -0.0948085 0.0168454 0 -0.0380921 0.088194 0.05837 0.0500828 0.0871947 -0.0175908 0.0453054 0.0814712 
0.0746041 0.0819501 -0.0282118 -0.00428554 0.0998153 -0.0662505 0.0954325 -0.0620497 0.055532 -0.0218195 0.0847341 0.0333475 -0.0569113 -0.0854836 -0.0694015 0.0028238 -0.0231301 0.0380921 0 0.00170988 0.0105123 -0.0979138 0.038202 0.0676216 -0.000541021 0.0741497 
0.0292482 0.0228135 -0.0955502 -0.023642 0.0582035 0.0879441 0.0032638 0.02831 0.0979048 0.0710617 -0.0445729 0.0693887 0.0166198 0.0927503 -0.000309164 -0.0194915 0.0502053 -0.088194 -0.00170988 0 -0.00715877 -0.0950557 0.0566471 0.031762 0.0196071 0.0090867 
-0.0102572 0.0404206 0.0746366 -0.022989 -0.0632152 0.065382 -0.0338489 0.0828314 0.0436806 0.0521765 0.0161389 0.0372976 0.0120135 -0.0556075 0.0538049 0.0757039 -0.0845875 -0.05837 -0.0105123 0.00715877 0 0.00766015 0.0320083 -0.0717305 0.00785982 0.0931707 
0.0869647 0.0759 0.095518 0.0999661 -0.0606633 -0.0172853 0.0684469 -0.0753321 -0.0655244 0.0897356 0.0055419 0.0375481 -0.0209436 0.0675043 0.0925283 0.0779471 -0.0700217 -0.0500828 0.0979138 0.0950557 -0.00766015 0 0.0623396 -0.0309897 -0.0285536 0.0223178 
0.0656212 0.0021107 0.086675 -0.0575344 0.0874466 0.094975 -0.0767867 0.0697799 0.0360298 0.051405 0.0231439 0.0111853 -0.0342679 -0.0973955 -0.0508612 0.0841197 0.0636847 -0.0871947 -0.038202 -0.0566471 -0.0320083 -0.0623396 0 0.0338601 -0.0454839 -0.0788808 
0.00477922 -0.0269376 -0.0352414 -0.00582937 -0.0611725 -0.0110519 -0.0453407 0.0853378 -0.085989 -0.0747567 -0.0467908 0.0731323 0.0632505 0.0963953 -0.0585372 0.0794158 0.0079725 0.0175908 -0.0676216 -0.031762 0.0717305 0.0309897 -0.0338601 0 -0.0705428 -0.0651789 
0.0971057 -0.0414004 0.0640681 -0.0952638 -0.0127616 0.0347289 -0.0152896 0.041249 -0.0730866 -0.0483289 0.0204861 -0.038159 0.0982559 0.0830421 -0.0038311 0.0571489 -0.0844901 -0.0453054 0.000541021 -0.0196071 -0.00785982 0.0285536 0.0454839 0.0705428 0 0.0291018 
-0.0628495 0.0690766 0.0586871 -0.0475736 -0.0779843 -0.0862334 0.0600656 -0.048442 -0.0927965 -0.0148927 0.0401615 0.0770189 -0.0128655 -0.00581565 -0.0296152 0.0573043 -0.0839122 -0.0814712 -0.0741497 -0.0090867 -0.0931707 -0.0223178 0.0788808 0.0651789 -0.0291018 0 
