25

16000 4500

30 55 80

3

0 24210 30750 74830 45930 64050 20430 21190 21340 13490 50540 11370 48700 45050 21840 58701 82250 52450 31000 13010 75190 7150 14740 25620 16710 17140 
24180 0 18450 74020 29220 72401 13270 17810 34150 14300 54430 25590 59840 48940 12090 64682 91941 56340 27790 12010 85640 18700 18170 16810 17260 17560 
30490 18450 0 62400 19830 70410 11370 15910 37550 17980 46400 28990 60790 44200 9680 61940 89950 48620 21630 19800 84950 23570 21570 34780 18730 34150 
74270 74020 62360 0 61511 47970 62740 58280 61620 65310 24970 65430 59860 31620 63200 40290 65150 25850 46960 68000 65450 70140 63620 86790 62910 83790 
46320 29510 19800 61511 0 80680 28430 32970 54220 34470 51670 45660 73000 52410 26740 72050 100220 53890 31900 34650 95220 40070 38240 42280 35790 47080 
64170 72261 70340 48030 80630 0 62410 57290 46640 59121 32620 54420 21460 30220 63440 11780 21850 30790 49820 61811 20530 63210 57431 81681 57081 78130 
19260 13400 13000 62710 30090 62520 0 5910 26320 6750 43540 17760 49950 38050 4090 54370 82051 45450 16480 8570 75750 12340 10340 25920 7500 22920 
21320 17470 15880 58280 32970 57330 5940 0 25510 9060 38350 18190 45850 32860 6970 49180 76870 40260 11900 11800 71650 14290 11010 29990 7010 26990 
20900 33820 37390 62340 54030 46550 27070 26060 0 20640 38050 10010 30430 32560 28480 45320 64750 39960 28270 23330 57690 19940 16250 42160 20860 34860 
13090 14060 18170 65070 34510 58751 7850 8920 20520 0 40780 11960 46190 35290 9260 51032 78291 42690 18730 3660 71990 6090 4540 23530 4440 20260 
49970 54150 46430 24920 51690 32800 43380 38260 37320 41010 0 41130 35560 7320 44360 20890 52340 2730 27410 43700 49460 45840 39320 63570 38970 60300 
11350 25570 29140 65450 45780 53980 18820 18010 10410 12390 41160 0 38630 35670 20230 48631 72180 43070 24600 15080 65120 10390 8000 32610 12610 25310 
48540 59530 60640 59540 72860 21500 50700 45820 30210 46350 35250 38790 0 29310 51730 20520 35590 36500 42050 49040 28460 47580 43410 68910 44560 62500 
44570 48750 44190 31520 52400 30540 37980 32860 31920 35610 7230 35730 29680 0 39010 20040 50080 8340 25010 38300 46590 40440 33920 58170 33570 54900 
21600 12130 9780 63230 26870 63630 2480 7020 28660 9090 44320 20100 52130 39160 0 55480 83170 46540 17000 10910 77930 14690 12680 28010 9840 25260 
58780 64621 61900 40370 72120 11980 54350 49230 44990 51481 20920 49030 20740 19970 55380 0 31520 19090 41380 54171 28640 56311 49791 74041 49441 70771 
82600 92191 90270 65060 100560 21600 82340 77220 65070 79051 52550 72850 35370 50150 83370 31710 0 50720 69750 81741 26730 81640 76610 101611 77011 96560 
51880 56060 48670 25790 53930 30770 45290 40170 39230 42920 2730 43040 36300 8130 46320 18860 50310 0 29650 45610 47430 47750 41230 65480 40880 62210 
31120 27830 21610 46950 31900 49920 16550 11990 27770 19080 27370 24650 42240 25130 17010 41450 69460 29590 0 21820 64460 24090 19440 40600 16010 37600 
13040 12010 20250 68220 34410 61901 9930 11890 23490 3910 43930 14930 49200 38440 11340 54182 81441 45840 21760 0 75000 7340 7510 20080 7470 16810 
76260 86390 85010 65470 95300 20540 77080 71960 58420 73210 49400 66510 28550 46440 78110 28760 26810 47770 64490 75900 0 75300 70270 95770 71420 90220 
7070 18710 23830 70270 40170 62990 13510 14240 20280 6650 45980 10310 47640 40490 14920 56232 81190 47890 24050 7250 74130 0 9560 26000 9760 19000 
14850 18300 21980 63720 38510 57151 11660 10890 16590 5120 39430 8030 43350 33940 13070 49432 76210 41340 19380 7810 69150 9950 0 27680 5700 24410 
25590 16570 34750 87070 42360 81721 27300 30270 42690 23730 63750 32720 69020 58260 27980 74002 101261 65660 40840 20010 94820 26300 27330 0 27290 8960 
16800 17170 18800 62880 35890 57351 8630 7090 21430 4760 39380 12870 44790 33890 9890 49632 76891 41290 15980 7500 70590 9770 5750 27370 0 24100 
16970 17650 34490 83940 46870 78110 24170 27140 35400 20450 60470 25430 62760 54980 25580 70722 96310 62380 37710 16730 89250 19300 24050 8980 24010 0 

0 Ciudad_0 0 0 32400 0
1 Ciudad_1 112 7223 10628 224
2 Ciudad_2 201 6473 10385 402
3 Ciudad_3 494 19850 23983 988
4 Ciudad_4 100 14336 16863 200
5 Ciudad_5 113 22764 25202 226
6 Ciudad_6 460 8151 11151 920
7 Ciudad_7 251 27091 30116 502
8 Ciudad_8 243 20238 22583 486
9 Ciudad_9 744 23204 27307 1488
10 Ciudad_10 468 19097 21614 936
11 Ciudad_11 526 13664 16763 1052
12 Ciudad_12 549 17721 22407 1098
13 Ciudad_13 676 20322 24252 1352
14 Ciudad_14 727 14529 19202 1454
15 Ciudad_15 447 24517 27355 894
16 Ciudad_16 557 7146 10631 1114
17 Ciudad_17 736 6553 9594 1472
18 Ciudad_18 775 11716 16352 1550
19 Ciudad_19 470 16149 19160 940
20 Ciudad_20 411 19922 22225 822
21 Ciudad_21 600 6289 8814 1200
22 Ciudad_22 185 16656 20753 370
23 Ciudad_23 604 18009 22319 1208
24 Ciudad_24 247 1566 5065 494
25 Ciudad_25 539 8091 11293 1078

0 0.00432357 0.0307465 0.0382281 0.0253723 0.0438435 -0.0130423 -0.00184513 0.00633981 -0.0892895 0.0163914 -0.0184572 0.076187 -0.0616595 0.0897436 -0.012998 -0.00514297 -0.0219302 0.083844 -0.0955895 -0.0743567 0.0939513 0.0568207 -0.0955842 0.0190515 0.0432005 
-0.00432357 0 0.00473293 0.0548562 0.0195561 0.0251723 -0.0616013 0.076063 0.0340111 -0.0430254 -0.0695019 -0.0357168 -0.0233158 0.00696953 0.000371163 -0.0834334 0.0184354 0.04629 -0.0614614 0.0463232 0.0964197 0.0315866 -0.0820459 0.060156 -0.0355098 -0.0430838 
-0.0307465 -0.00473293 0 0.0209839 -0.0394471 -0.000273052 0.0327998 -0.0243862 -0.024508 -0.0359456 -0.0349829 -0.0862317 -0.0121766 0.0846805 -0.00757158 -0.0309484 -0.0397382 -0.0241439 0.0300018 0.0678285 -0.0947613 0.0841028 -0.0339744 -0.0685085 -0.0417392 -0.0308379 
-0.0382281 -0.0548562 -0.0209839 0 0.0435719 0.00371001 -0.0486688 0.0931515 -0.0957457 0.0957476 -0.0315703 0.0701456 -0.0491267 -0.0345206 0.0489965 0.092602 0.098557 -0.0551137 0.0237585 0.0801069 -0.0571493 0.0385067 0.0704973 -0.0346179 0.0470814 0.0561014 
-0.0253723 -0.0195561 0.0394471 -0.0435719 0 0.0261346 0.0934235 -0.0774816 -0.0182483 0.0297497 -0.0954953 -0.0599369 -0.0413136 -0.023739 -0.00428965 -0.0396016 0.00938359 -0.0751437 -0.0664813 0.0528329 0.058749 -0.0115148 -0.0764007 -0.0735686 0.0133603 0.0994353 
-0.0438435 -0.0251723 0.000273052 -0.00371001 -0.0261346 0 -0.0787032 0.0954898 0.068636 0.0102039 -0.00728456 -0.0768124 0.0881809 0.0836244 -0.00443458 -0.0356478 -0.0225919 -0.0731856 -0.00116161 -0.0504749 0.0552079 0.0793147 0.0480409 0.0585003 -0.0369622 0.0694457 
0.0130423 0.0616013 -0.0327998 0.0486688 -0.0934235 0.0787032 0 0.0792711 0.0120187 0.0808294 0.0381074 -0.0257575 0.008041 0.0364795 -0.0838032 -0.0611904 -0.0361232 -0.0287664 0.048753 0.0242848 -0.0522752 0.0358539 -0.0650463 0.0155215 0.0943145 0.00178928 
0.00184513 -0.076063 0.0243862 -0.0931515 0.0774816 -0.0954898 -0.0792711 0 -0.0974084 -0.0461836 0.0694416 -0.0121344 -0.0404041 -0.0816511 -0.0126708 0.0848366 -0.0662518 0.0390046 -0.0716263 0.00745387 -0.0416624 -0.0594079 0.0607994 0.0389149 0.0227034 -0.00766638 
-0.00633981 -0.0340111 0.024508 0.0957457 0.0182483 -0.068636 -0.0120187 0.0974084 0 0.00339865 0.0452848 0.0535737 -0.0883452 0.0314784 -0.064744 -0.076945 0.0241787 0.0993535 -0.0678004 -0.026665 -0.018127 0.0772096 -0.0894088 0.000935732 0.0430417 -0.0558027 
0.0892895 0.0430254 0.0359456 -0.0957476 -0.0297497 -0.0102039 -0.0808294 0.0461836 -0.00339865 0 0.0481307 -0.0995698 -0.0310942 -0.0975891 -0.0491524 -0.0844489 0.0639256 0.0730392 -0.0853722 0.0263028 0.0324062 -0.0931413 0.0100948 0.0609384 0.061978 0.086006 
-0.0163914 0.0695019 0.0349829 0.0315703 0.0954953 0.00728456 -0.0381074 -0.0694416 -0.0452848 -0.0481307 0 0.0537393 -0.0783208 0.00800868 0.0512203 -0.00192888 0.0821658 -0.0738996 -0.0466789 0.086122 0.0242922 -0.093832 0.0322226 -0.0995878 0.00722209 -0.0781827 
0.0184572 0.0357168 0.0862317 -0.0701456 0.0599369 0.0768124 0.0257575 0.0121344 -0.0535737 0.0995698 -0.0537393 0 -0.0556544 0.0226147 -0.0577087 -0.0588123 0.0537005 -0.0872645 -0.0136895 0.0388861 -0.00255134 -0.0475904 0.00477669 0.011961 0.0713612 -0.00727362 
-0.076187 0.0233158 0.0121766 0.0491267 0.0413136 -0.0881809 -0.008041 0.0404041 0.0883452 0.0310942 0.0783208 0.0556544 0 -0.0409607 -0.0533947 -0.040628 -0.00923912 -0.0611061 0.00932534 -0.0148302 0.0589119 -0.0505871 0.0664172 0.0833253 -0.0293853 -0.0115677 
0.0616595 -0.00696953 -0.0846805 0.0345206 0.023739 -0.0836244 -0.0364795 0.0816511 -0.0314784 0.0975891 -0.00800868 -0.0226147 0.0409607 0 -0.00530758 -0.0561072 -0.0278053 -0.0252063 -0.0696263 0.0778959 -0.0591729 -0.0424603 -0.0953971 -0.0887738 0.0991307 0.0837987 
-0.0897436 -0.000371163 0.00757158 -0.0489965 0.00428965 0.00443458 0.0838032 0.0126708 0.064744 0.0491524 -0.0512203 0.0577087 0.0533947 0.00530758 0 0.0620287 -0.0299384 0.0673511 3.7581e-05 0.0169396 0.0848551 0.0195114 0.0599966 -0.00958618 0.0461208 -0.0848962 
0.012998 0.0834334 0.0309484 -0.092602 0.0396016 0.0356478 0.0611904 -0.0848366 0.076945 0.0844489 0.00192888 0.0588123 0.040628 0.0561072 -0.0620287 0 0.0645119 0.0998124 -0.030867 0.00364198 0.0640233 0.0629716 -0.0926039 -0.0979511 -0.0926811 0.0500347 
0.00514297 -0.0184354 0.0397382 -0.098557 -0.00938359 0.0225919 0.0361232 0.0662518 -0.0241787 -0.0639256 -0.0821658 -0.0537005 0.00923912 0.0278053 0.0299384 -0.0645119 0 -0.07351 0.0595686 -0.0257066 0.0398641 -0.0286838 -0.0740065 0.00615049 -0.0406201 0.0538511 
0.0219302 -0.04629 0.0241439 0.0551137 0.0751437 0.0731856 0.0287664 -0.0390046 -0.0993535 -0.0730392 0.0738996 0.0872645 0.0611061 0.0252063 -0.0673511 -0.0998124 0.07351 0 -0.0416538 0.0835542 0.0643962 0.0348422 -0.0138129 -0.0513654 -0.019483 0.0132639 
-0.083844 0.0614614 -0.0300018 -0.0237585 0.0664813 0.00116161 -0.048753 0.0716263 0.0678004 0.0853722 0.0466789 0.0136895 -0.00932534 0.0696263 -3.7581e-05 0.030867 -0.0595686 0.0416538 0 0.0740597 0.0684537 0.0523666 0.0841769 0.0334773 -0.0577922 -0.0769661 
0.0955895 -0.0463232 -0.0678285 -0.0801069 -0.0528329 0.0504749 -0.0242848 -0.00745387 0.026665 -0.0263028 -0.086122 -0.0388861 0.0148302 -0.0778959 -0.0169396 -0.00364198 0.0257066 -0.0835542 -0.0740597 0 -0.0109692 0.0348519 0.0992445 0.0370265 -0.0317474 -0.0878964 
0.0743567 -0.0964197 0.0947613 0.0571493 -0.058749 -0.0552079 0.0522752 0.0416624 0.018127 -0.0324062 -0.0242922 0.00255134 -0.0589119 0.0591729 -0.0848551 -0.0640233 -0.0398641 -0.0643962 -0.0684537 0.0109692 0 -0.0425549 -0.0991443 0.0927741 -0.0668781 0.0722499 
-0.0939513 -0.0315866 -0.0841028 -0.0385067 0.0115148 -0.0793147 -0.0358539 0.0594079 -0.0772096 0.0931413 0.093832 0.0475904 0.0505871 0.0424603 -0.0195114 -0.0629716 0.0286838 -0.0348422 -0.0523666 -0.0348519 0.0425549 0 -0.0455955 -0.0156864 -0.0146004 -0.00138474 
-0.0568207 0.0820459 0.0339744 -0.0704973 0.0764007 -0.0480409 0.0650463 -0.0607994 0.0894088 -0.0100948 -0.0322226 -0.00477669 -0.0664172 0.0953971 -0.0599966 0.0926039 0.0740065 0.0138129 -0.0841769 -0.0992445 0.0991443 0.0455955 0 0.0519288 0.0474103 -0.0721533 
0.0955842 -0.060156 0.0685085 0.0346179 0.0735686 -0.0585003 -0.0155215 -0.0389149 -0.000935732 -0.0609384 0.0995878 -0.011961 -0.0833253 0.0887738 0.00958618 0.0979511 -0.00615049 0.0513654 -0.0334773 -0.0370265 -0.0927741 0.0156864 -0.0519288 0 -0.0937828 -0.0198778 
-0.0190515 0.0355098 0.0417392 -0.0470814 -0.0133603 0.0369622 -0.0943145 -0.0227034 -0.0430417 -0.061978 -0.00722209 -0.0713612 0.0293853 -0.0991307 -0.0461208 0.0926811 0.0406201 0.019483 0.0577922 0.0317474 0.0668781 0.0146004 -0.0474103 0.0937828 0 0.0977551 
-0.0432005 0.0430838 0.0308379 -0.0561014 -0.0994353 -0.0694457 -0.00178928 0.00766638 0.0558027 -0.086006 0.0781827 0.00727362 0.0115677 -0.0837987 0.0848962 -0.0500347 -0.0538511 -0.0132639 0.0769661 0.0878964 -0.0722499 0.00138474 0.0721533 0.0198778 -0.0977551 0 
