25

16000 4500

30 55 80

3

0 79700 74310 71220 80130 29000 84680 97940 92780 64120 27210 24200 86370 81700 69840 92050 52890 72510 91720 49230 48980 75490 88620 91930 96840 49600 
79700 0 68251 9140 21670 51850 12050 34360 18250 17830 58030 64450 15490 38490 17850 27030 132070 136480 13490 34160 128160 4210 10300 46090 49240 31600 
74160 68251 0 70282 50182 64870 58881 42600 50251 68960 54070 78250 78061 30391 77490 45511 125450 90530 55431 53550 121540 70762 57861 30960 29150 56520 
71140 9060 70242 0 23880 43290 15190 39100 23320 9660 49470 55890 19600 43230 13430 31770 123510 128310 21170 25990 119600 4850 17980 50830 53980 23040 
79740 21770 50152 23890 0 51890 11220 29910 14240 23140 55200 65260 35820 28820 36480 22580 132110 130060 17710 31240 128200 24370 17550 39050 43960 33620 
28480 51800 64690 43320 52230 0 56780 71730 64880 36220 11200 16910 58470 55490 41940 65840 78840 92010 63820 21330 74930 47590 60720 65720 70630 21700 
84580 12110 58791 15260 11180 56730 0 24900 8790 21030 61320 69870 25570 29030 27700 17570 136950 140160 7700 37360 133040 15590 7540 36630 39780 36340 
97660 34200 42650 39290 30150 71840 24830 0 16200 45060 70910 85210 44010 16620 51530 7960 152600 131011 21380 52940 148690 37890 23810 13460 16220 55910 
92540 18600 50001 23640 14500 64690 9150 16110 0 29410 67680 78060 28410 20240 35930 8780 145090 134401 5780 44040 141180 22290 8210 27840 30990 44720 
63960 17920 69200 9680 23140 36110 20960 44870 29090 0 40700 49250 28900 48900 18960 37540 116330 119060 28000 16740 112420 13960 25980 56600 59750 15720 
26940 57810 53940 49330 55500 11240 61330 70920 67960 40770 0 25950 64480 54680 47950 65030 77800 81110 68370 25260 73890 53600 66350 64910 69820 27710 
24080 64690 78230 56210 65470 16980 69630 84970 77760 49070 25940 0 71360 68730 54830 79080 74060 95030 76670 34570 70150 60480 73610 78960 83870 34550 
86430 15500 78161 19490 35740 58580 25650 44270 28160 28840 64760 71180 0 48400 23450 36940 138800 144040 23400 41690 134890 16540 20210 56000 59150 38330 
81440 38390 30371 43480 28960 55620 29020 16620 20390 48800 54690 68990 48200 0 55720 15310 135400 114771 25570 36720 131490 42080 28000 11220 16130 39690 
69770 17970 77610 13010 36400 41920 27570 51480 35680 18970 48100 54520 23620 55610 0 44150 120130 127380 30920 25030 116220 13760 27730 63210 66360 21670 
91560 26920 45351 32010 22870 65740 17550 8010 8920 37780 64810 79110 36730 15180 44250 0 146140 129751 14100 46840 142230 30610 16530 19910 23060 49810 
52610 131820 125390 123340 132250 79220 136800 152100 144900 116240 77890 74350 138490 135300 120060 145860 0 115300 143840 99450 15910 127610 140740 146090 151000 99820 
73090 136980 90870 128740 130260 92550 140400 131201 134821 119460 81490 95630 144340 114961 127810 130081 115650 0 140001 103950 103040 133020 142431 121050 119240 106840 
91650 13590 55531 21290 17760 63800 7730 21640 5530 28100 68390 76600 23400 25770 30920 14310 144130 139931 0 44430 140220 17280 3200 33370 36520 43410 
48830 34020 53270 25780 31230 20980 37060 52860 43880 16500 24680 34350 41000 36620 24470 46970 99190 103040 44100 0 95280 30060 42080 46850 51760 3500 
49240 128450 122020 119970 128880 75850 133430 148730 141530 112870 74510 70980 135120 131930 116690 142490 15800 102820 140470 96080 0 124240 137370 142720 147630 96450 
75490 4200 70762 4930 24400 47640 15570 38020 21910 13870 53820 60240 16400 42150 13640 30690 127860 132520 17150 30200 123950 0 13960 49750 52900 27390 
88640 10380 57951 18080 17570 60790 7540 24060 7950 26020 66310 73390 20190 28190 27710 16730 141120 142351 3190 42350 137210 14070 0 35790 38940 40540 
91640 46080 31060 51170 39160 65820 36710 13490 28080 56940 64890 79190 55890 11010 63410 19930 146580 120750 33260 46920 142670 49770 35690 0 6030 49890 
96820 49040 29200 54130 44340 71000 39670 16340 31040 59900 70070 84370 58850 16190 66370 22890 151760 118890 36220 52100 147850 52730 38650 6110 0 55070 
49500 31070 56180 22590 33620 21650 36000 55770 44130 15440 27590 34790 37740 39530 21210 49880 99860 105950 43040 3600 95950 26860 39990 49760 54670 0 

0 Ciudad_0 0 0 32400 0
1 Ciudad_1 471 22252 25657 942
2 Ciudad_2 314 12650 16562 628
3 Ciudad_3 575 19656 23789 1150
4 Ciudad_4 206 14218 16745 412
5 Ciudad_5 791 6503 8941 1582
6 Ciudad_6 379 18396 21396 758
7 Ciudad_7 799 20341 23366 1598
8 Ciudad_8 822 13474 15819 1644
9 Ciudad_9 236 24303 28406 472
10 Ciudad_10 484 16895 19412 968
11 Ciudad_11 260 20367 23466 520
12 Ciudad_12 300 12727 17413 600
13 Ciudad_13 327 23345 27275 654
14 Ciudad_14 231 16215 20888 462
15 Ciudad_15 539 11361 14199 1078
16 Ciudad_16 649 19941 23426 1298
17 Ciudad_17 560 4910 7951 1120
18 Ciudad_18 315 16646 21282 630
19 Ciudad_19 519 3657 6668 1038
20 Ciudad_20 705 3938 6241 1410
21 Ciudad_21 552 20152 22677 1104
22 Ciudad_22 688 14158 18255 1376
23 Ciudad_23 788 4096 8406 1576
24 Ciudad_24 672 23523 27022 1344
25 Ciudad_25 644 21818 25020 1288

0 0.0716798 -0.0118347 -0.0343938 -0.0709079 -0.0792693 -0.0902339 0.0803653 0.0434016 0.0287446 -0.052854 0.0935195 0.0837258 -0.0336921 -0.0516733 0.0459101 -0.0982006 0.00703616 0.0132572 -0.0183543 0.00511742 -0.0736776 -0.0625044 -0.0654835 -0.0765352 -0.0295236 
-0.0716798 0 -0.0185646 0.0422781 0.0842686 -0.0148553 0.0666767 0.0209756 -0.0494378 -0.0601852 0.0997386 -0.030554 0.0275236 0.0154658 0.0350687 0.0563481 0.0653178 -0.0765492 -0.0319815 0.0606783 0.0618557 -0.0749972 0.0778992 -0.0910999 -0.027324 0.0910701 
0.0118347 0.0185646 0 -0.0093737 -0.0761003 -0.0507418 0.0246455 0.0220853 -0.0141348 -0.0397362 0.0505502 0.0220821 0.00717367 -0.0546542 0.0927282 0.0954765 -0.0415923 -0.0885516 0.0688807 0.0134458 -0.0626335 -0.0488739 -0.0510657 0.0659734 -0.0784905 0.0393832 
0.0343938 -0.0422781 0.0093737 0 -0.0611499 -0.0819197 0.0737868 0.0932879 0.0524711 -0.0407484 0.0936058 -0.0808267 -0.0299706 0.0776774 0.0701895 -0.0721241 -0.0426777 -0.000771578 0.0780159 -0.0804827 0.0131901 -0.0731449 -0.0272338 0.0193458 0.0165758 0.00222887 
0.0709079 -0.0842686 0.0761003 0.0611499 0 -0.0616928 -0.0891382 -0.0926187 0.00020524 0.0395283 -0.0906974 0.0792693 -0.0382755 0.0940529 -0.0555699 -0.0751857 0.0563504 0.0565389 -0.0511587 -0.0283584 -0.066585 0.0647355 -0.0923992 0.0681758 0.0439616 0.0832015 
0.0792693 0.0148553 0.0507418 0.0819197 0.0616928 0 0.0863706 0.0864994 0.0909699 -0.0802717 -0.0133846 -0.0785224 0.0772947 0.0633058 0.0702214 0.0345493 -0.0137853 -0.0871793 0.0770868 0.0872697 0.0193453 0.0238506 -0.0419284 -0.00550361 0.0146517 0.0346494 
0.0902339 -0.0666767 -0.0246455 -0.0737868 0.0891382 -0.0863706 0 0.0778162 -0.0140521 0.0298606 0.0133193 -0.0936861 0.0576312 0.0715052 -0.0110336 0.0851736 0.0128146 -0.066968 0.0533648 -0.0590361 -0.0810415 -0.0110461 -0.04129 0.059664 0.0742872 -0.0528226 
-0.0803653 -0.0209756 -0.0220853 -0.0932879 0.0926187 -0.0864994 -0.0778162 0 -0.0198214 -0.0499624 -0.0236061 -0.0943916 -0.0766873 -0.000274205 -0.0754248 0.0526521 -0.0104033 -0.0962454 -0.00434579 0.059904 0.0640353 0.0250703 -0.0871229 0.0874187 -0.0244293 0.0860668 
-0.0434016 0.0494378 0.0141348 -0.0524711 -0.00020524 -0.0909699 0.0140521 0.0198214 0 -0.0431715 0.0969975 -0.0223341 -0.0203834 0.0482528 -0.0898169 -0.0742876 0.0448316 0.0277166 0.0261433 0.00883616 0.057536 0.000633906 -0.0303752 0.0596889 0.00757951 -0.0909366 
-0.0287446 0.0601852 0.0397362 0.0407484 -0.0395283 0.0802717 -0.0298606 0.0499624 0.0431715 0 0.024289 -0.0459936 0.0167079 -0.0669112 -0.0238822 0.016074 -0.0874351 0.0460014 -0.07241 0.0704518 0.0629611 -0.0203905 -0.0395595 0.0403774 0.085049 -0.0807869 
0.052854 -0.0997386 -0.0505502 -0.0936058 0.0906974 0.0133846 -0.0133193 0.0236061 -0.0969975 -0.024289 0 0.0704759 -0.0762408 0.000425039 0.0270066 -0.00432939 0.0296837 -0.0219405 0.0280361 0.00781484 -0.0711613 -0.0351312 0.0635294 -0.0962139 -0.0457683 -0.00102348 
-0.0935195 0.030554 -0.0220821 0.0808267 -0.0792693 0.0785224 0.0936861 0.0943916 0.0223341 0.0459936 -0.0704759 0 -0.0211715 0.0780209 -0.0310589 0.0204741 -0.00178734 -0.0838907 -0.0718736 0.0563504 0.0720913 -0.00444591 0.0734389 0.0723138 -0.0658933 -0.0980528 
-0.0837258 -0.0275236 -0.00717367 0.0299706 0.0382755 -0.0772947 -0.0576312 0.0766873 0.0203834 -0.0167079 0.0762408 0.0211715 0 -0.0229838 -0.0255105 0.00936444 0.00737345 0.0258935 -0.0761402 0.0629653 -0.0888193 -0.0201871 -0.0126313 0.058817 -0.0179436 0.014195 
0.0336921 -0.0154658 0.0546542 -0.0776774 -0.0940529 -0.0633058 -0.0715052 0.000274205 -0.0482528 0.0669112 -0.000425039 -0.0780209 0.0229838 0 -0.0217836 0.0618196 -0.0507595 0.0196697 0.043843 -0.0886205 -0.0980562 -0.0451168 0.0316634 -0.0132601 -0.0438431 0.0276759 
0.0516733 -0.0350687 -0.0927282 -0.0701895 0.0555699 -0.0702214 0.0110336 0.0754248 0.0898169 0.0238822 -0.0270066 0.0310589 0.0255105 0.0217836 0 -0.072653 -0.0361731 -0.0851221 -0.0641753 0.0940538 0.0141293 -0.0400337 0.00537044 -0.0448157 0.0762839 0.0299906 
-0.0459101 -0.0563481 -0.0954765 0.0721241 0.0751857 -0.0345493 -0.0851736 -0.0526521 0.0742876 -0.016074 0.00432939 -0.0204741 -0.00936444 -0.0618196 0.072653 0 -0.0884854 -0.000378539 -0.0572798 0.0574136 -0.01592 -0.024316 0.0904653 -0.0164813 -0.0368129 -0.0667378 
0.0982006 -0.0653178 0.0415923 0.0426777 -0.0563504 0.0137853 -0.0128146 0.0104033 -0.0448316 0.0874351 -0.0296837 0.00178734 -0.00737345 0.0507595 0.0361731 0.0884854 0 -0.0599995 0.0743929 -0.0209831 -0.0886428 -0.0992289 0.0171873 -0.0274861 -0.0633727 0.0287496 
-0.00703616 0.0765492 0.0885516 0.000771578 -0.0565389 0.0871793 0.066968 0.0962454 -0.0277166 -0.0460014 0.0219405 0.0838907 -0.0258935 -0.0196697 0.0851221 0.000378539 0.0599995 0 0.0520852 -0.0151998 -0.0501756 0.098271 -0.0804742 -0.0449834 0.0238617 0.0626276 
-0.0132572 0.0319815 -0.0688807 -0.0780159 0.0511587 -0.0770868 -0.0533648 0.00434579 -0.0261433 0.07241 -0.0280361 0.0718736 0.0761402 -0.043843 0.0641753 0.0572798 -0.0743929 -0.0520852 0 -0.0813898 -0.0908799 0.0287567 0.00317128 0.0979662 0.0321409 0.0524882 
0.0183543 -0.0606783 -0.0134458 0.0804827 0.0283584 -0.0872697 0.0590361 -0.059904 -0.00883616 -0.0704518 -0.00781484 -0.0563504 -0.0629653 0.0886205 -0.0940538 -0.0574136 0.0209831 0.0151998 0.0813898 0 0.0726266 0.0257455 0.0160465 -0.0272418 -0.0459113 -0.0218398 
-0.00511742 -0.0618557 0.0626335 -0.0131901 0.066585 -0.0193453 0.0810415 -0.0640353 -0.057536 -0.0629611 0.0711613 -0.0720913 0.0888193 0.0980562 -0.0141293 0.01592 0.0886428 0.0501756 0.0908799 -0.0726266 0 -0.00191281 -0.078761 0.021136 0.0220907 0.0819934 
0.0736776 0.0749972 0.0488739 0.0731449 -0.0647355 -0.0238506 0.0110461 -0.0250703 -0.000633906 0.0203905 0.0351312 0.00444591 0.0201871 0.0451168 0.0400337 0.024316 0.0992289 -0.098271 -0.0287567 -0.0257455 0.00191281 0 -0.000997846 0.0103476 -0.0724594 -0.0839463 
0.0625044 -0.0778992 0.0510657 0.0272338 0.0923992 0.0419284 0.04129 0.0871229 0.0303752 0.0395595 -0.0635294 -0.0734389 0.0126313 -0.0316634 -0.00537044 -0.0904653 -0.0171873 0.0804742 -0.00317128 -0.0160465 0.078761 0.000997846 0 0.032657 0.087848 -0.0894749 
0.0654835 0.0910999 -0.0659734 -0.0193458 -0.0681758 0.00550361 -0.059664 -0.0874187 -0.0596889 -0.0403774 0.0962139 -0.0723138 -0.058817 0.0132601 0.0448157 0.0164813 0.0274861 0.0449834 -0.0979662 0.0272418 -0.021136 -0.0103476 -0.032657 0 -0.0353449 -0.0257757 
0.0765352 0.027324 0.0784905 -0.0165758 -0.0439616 -0.0146517 -0.0742872 0.0244293 -0.00757951 -0.085049 0.0457683 0.0658933 0.0179436 0.0438431 -0.0762839 0.0368129 0.0633727 -0.0238617 -0.0321409 0.0459113 -0.0220907 0.0724594 -0.087848 0.0353449 0 0.0392474 
0.0295236 -0.0910701 -0.0393832 -0.00222887 -0.0832015 -0.0346494 0.0528226 -0.0860668 0.0909366 0.0807869 0.00102348 0.0980528 -0.014195 -0.0276759 -0.0299906 0.0667378 -0.0287496 -0.0626276 -0.0524882 0.0218398 -0.0819934 0.0839463 0.0894749 0.0257757 -0.0392474 0 
