25

16000 4500

30 55 80

3

0 13910 85651 89260 26010 95240 93900 96301 97130 63250 65490 72941 74120 80040 68730 90390 84930 13160 99310 51230 92141 25490 94091 88960 93321 76651 
13890 0 80261 83870 12400 89850 81930 90911 85160 69790 72030 67551 68760 86580 63340 85000 79690 17240 93920 57770 86751 20480 88701 83570 87931 71261 
85871 80391 0 31730 83320 29510 33040 11960 66592 71250 124710 15650 36350 67550 42120 27660 39020 73911 34200 117773 7990 100371 23100 28020 18780 14730 
89011 83531 31590 0 90810 8020 64630 32590 91152 46730 100190 24860 16960 39900 22110 4200 8780 77051 11320 100663 36000 103511 11720 5910 16950 23640 
25990 12370 83350 90850 0 96830 78650 94260 76170 81350 83590 72220 75740 96900 70320 91980 86670 28800 100900 69330 90010 27010 94140 90550 92600 75930 
94961 89481 29560 7980 96760 0 62600 30290 94182 53760 107220 27890 23410 45650 29140 4940 15810 83001 5530 109064 33970 109461 8150 6910 14020 26000 
93270 81180 32580 64320 78480 62100 0 38400 35900 97760 144400 40710 62860 93250 68630 60250 68860 85200 66790 130140 32760 101160 55690 60610 51370 42620 
96061 90581 12060 32110 94320 29890 39030 0 72582 75140 128600 23990 40240 71060 46010 28040 39940 84101 34160 126523 7190 110561 23480 28730 17730 20180 
96740 84650 66550 91290 76160 94400 36100 72570 0 118930 147870 67020 88290 118680 92700 90530 95170 88670 99090 133610 67260 96950 87990 88870 83670 68930 
62590 69790 71070 46750 80490 53820 98190 75160 118950 0 55920 57930 35120 19360 36200 50000 39910 57290 52850 60060 75480 88000 57520 51320 62750 58620 
65440 72640 124540 100220 83340 107290 144950 128630 148190 55900 0 110000 88590 72830 87940 103470 93380 60140 106320 23430 128950 90850 110990 104790 116220 112090 
72911 67441 15140 24490 72180 27690 40810 23920 66842 57270 109570 0 22370 52760 28140 23730 28370 60951 32810 101793 21630 87411 22480 22070 20940 4270 
73340 68241 36400 17260 75520 23410 63520 40490 88902 35280 88740 23260 0 31600 6150 18560 12820 61761 27420 84703 40810 88221 24210 17130 29440 23950 
79460 86660 66440 40240 97250 45880 93050 70530 118432 19670 72920 52790 31720 0 32800 43490 33400 74160 43800 77270 70850 104870 51010 44810 56240 53990 
68190 63001 42280 22240 70280 29290 69400 46370 92550 36190 87652 29140 6330 32510 0 24440 17260 56521 32380 79553 46690 82981 30090 23010 35320 29830 
90141 84661 27420 4190 91940 4910 60460 28420 90302 49970 103430 24010 18590 43140 24360 0 12020 78181 10040 102913 31830 104641 7550 1970 12780 22790 
84010 79071 38920 8670 86350 15740 68890 40310 94302 40080 93540 28630 12510 33250 16980 11920 0 72591 18490 95373 43330 99051 19440 13240 24670 28000 
12860 17460 74091 77700 28160 83680 85820 84741 89050 57650 59890 61381 62590 74440 57170 78830 73520 0 87750 45630 80581 37490 82531 77400 81761 65091 
99061 93581 34260 11320 100860 5540 67300 34180 99052 53220 106680 33020 27190 43900 32340 10070 18550 87101 0 110820 37810 113561 12470 12040 18060 31130 
51720 58920 117310 100780 69620 109040 131240 126580 134470 60060 23370 102320 84870 76990 79730 102980 95680 46420 110480 0 124690 77130 109840 101550 115070 105150 
92281 86801 8000 36100 89980 33880 32860 7090 66862 75680 129140 22060 40780 71980 46550 32030 43450 80321 38150 124834 0 106781 27470 32450 21720 20720 
25590 20380 100641 104250 27010 110230 101800 111291 96950 88250 90490 87931 89140 105040 83720 105380 100070 37620 114300 76230 107131 0 109081 103950 108311 91641 
94341 88861 23040 11660 94170 8150 56080 23770 87832 57440 110900 22840 24180 50610 29950 7590 19490 82381 12410 109874 27450 108841 0 8280 6650 20210 
88751 83271 27920 5870 90550 6930 60960 29240 88692 51220 104680 22400 17200 44390 22970 2020 13270 76791 12060 101523 32330 103251 8370 0 13600 21180 
93321 87841 18740 16790 92580 14020 51780 18040 83532 62570 116030 21250 29310 55740 35080 12720 24620 81361 18120 115004 21720 107821 6700 13410 0 18620 
76661 71181 14150 23650 75920 26130 42690 20410 68722 58820 112280 4590 23920 55000 29690 22890 28100 64701 31340 105043 20640 91161 20240 21230 18700 0 

0 Ciudad_0 0 0 32400 0
1 Ciudad_1 454 25707 29112 908
2 Ciudad_2 442 5554 9466 884
3 Ciudad_3 259 22070 26203 518
4 Ciudad_4 291 28207 30734 582
5 Ciudad_5 279 6436 8874 558
6 Ciudad_6 225 16163 19163 450
7 Ciudad_7 442 22524 25549 884
8 Ciudad_8 502 10288 12633 1004
9 Ciudad_9 777 8181 12284 1554
10 Ciudad_10 798 19046 21563 1596
11 Ciudad_11 357 16661 19760 714
12 Ciudad_12 187 23053 27739 374
13 Ciudad_13 365 8532 12462 730
14 Ciudad_14 370 17917 22590 740
15 Ciudad_15 426 4310 7148 852
16 Ciudad_16 252 11311 14796 504
17 Ciudad_17 314 1710 4751 628
18 Ciudad_18 463 10020 14656 926
19 Ciudad_19 259 10121 13132 518
20 Ciudad_20 453 19628 21931 906
21 Ciudad_21 133 21159 23684 266
22 Ciudad_22 480 13432 17529 960
23 Ciudad_23 503 9385 13695 1006
24 Ciudad_24 769 6419 9918 1538
25 Ciudad_25 386 9674 12876 772

0 0.0879349 -0.043105 0.0628387 -0.0273356 -0.00865314 0.0934583 0.0327027 0.0991694 0.0964324 0.091247 -0.0627452 0.076534 0.0779389 -0.0451732 0.0800943 -0.00179622 0.0244418 0.0902725 -0.0369128 -0.0152327 -0.0406359 -0.0975197 -0.042778 -0.056442 -0.064786 
-0.0879349 0 -0.0227375 0.0400951 -0.0723982 0.0240155 0.0328547 -0.0593152 -0.0960452 -0.0101376 -0.0469859 0.0252452 -0.0187841 0.0333055 0.0792348 0.0221058 -0.0551524 -0.0921083 -0.0689509 -0.0516474 0.0435001 -0.0400216 0.0866165 0.00473824 -0.0621718 0.00912843 
0.043105 0.0227375 0 -0.0508051 0.0238241 0.0326513 0.0978165 -0.0807057 -0.0939885 0.0495123 0.0971984 -0.0273542 0.0522367 0.0427319 0.0064305 -0.00339042 0.00980342 0.0956407 0.0494991 0.0714606 -0.0509415 0.0817528 -0.0524282 0.027239 0.012764 0.0807473 
-0.0628387 -0.0400951 0.0508051 0 -0.0858941 -0.00145908 -0.0602657 -0.0189847 0.0764379 0.0314964 -0.0668415 0.0241952 0.0701315 -0.0752523 -0.0206644 -0.0748052 -0.0988835 0.0926852 -0.0305273 0.0331624 -0.0186962 -0.0564225 -0.0933765 -0.0554693 -0.0806103 0.032448 
0.0273356 0.0723982 -0.0238241 0.0858941 0 0.0299533 -0.0135837 -0.0702498 0.015428 -0.0604033 0.0860197 0.0305387 -0.0985618 0.0307343 -0.0628542 0.0673763 0.0447704 -0.0199629 0.0233605 0.0688893 -0.0734267 0.00403299 -0.0227094 -0.054316 0.024954 0.0567428 
0.00865314 -0.0240155 -0.0326513 0.00145908 -0.0299533 0 0.0965126 -0.0546745 -0.0365982 -0.0810501 -0.0107618 -0.031318 -0.0399418 -0.0215494 0.00761289 -0.0519932 0.00413342 -0.0478055 0.0666993 -0.0815281 0.0671258 -0.0142143 0.0778327 -7.22864e-05 0.0593818 0.0789135 
-0.0934583 -0.0328547 -0.0978165 0.0602657 0.0135837 -0.0965126 0 0.0941166 0.0316167 0.0500271 -0.00943636 0.0155917 -0.0418072 -0.0603598 0.0354514 0.0603699 0.0910524 -0.0256294 0.0671362 -0.0665923 0.0285661 -0.0293064 0.0649815 0.0103311 -0.0218882 0.0370335 
-0.0327027 0.0593152 0.0807057 0.0189847 0.0702498 0.0546745 -0.0941166 0 0.0289881 0.029457 0.0957343 0.0593413 0.00345491 0.0872654 -0.0856129 -0.082624 -0.017472 -0.0301727 -0.0242914 0.0214057 -0.0869174 -0.07237 0.0955408 0.0784473 0.0973261 -0.0606226 
-0.0991694 0.0960452 0.0939885 -0.0764379 -0.015428 0.0365982 -0.0316167 -0.0289881 0 0.0835563 0.0604129 0.00245172 0.0148958 0.0374185 -0.0246695 -0.0237611 -0.0133729 -0.0739074 0.0314269 -0.0846253 0.0632709 0.0491805 -0.0638769 0.000185946 0.0693603 -0.0290206 
-0.0964324 0.0101376 -0.0495123 -0.0314964 0.0604033 0.0810501 -0.0500271 -0.029457 -0.0835563 0 -0.0718455 0.0985593 0.00717083 0.0864902 -0.0900344 -0.0332525 -0.0870575 0.0285705 0.0842574 -0.0439404 -0.0663667 0.0720552 0.0587337 -0.0831152 -0.0604831 0.0908872 
-0.091247 0.0469859 -0.0971984 0.0668415 -0.0860197 0.0107618 0.00943636 -0.0957343 -0.0604129 0.0718455 0 -0.020192 0.0430955 -0.0770561 0.0205666 0.0212303 -0.0134884 -0.0896814 -0.0579972 -0.000766099 0.0181012 0.09311 -0.0233237 -0.0462779 -0.0277506 -0.0780309 
0.0627452 -0.0252452 0.0273542 -0.0241952 -0.0305387 0.031318 -0.0155917 -0.0593413 -0.00245172 -0.0985593 0.020192 0 0.0876431 0.000193499 0.074955 -0.0127655 0.057843 0.0918007 -0.077065 -0.0456184 -0.0847242 -0.0741711 0.0239905 -0.0687195 0.0335348 -0.07822 
-0.076534 0.0187841 -0.0522367 -0.0701315 0.0985618 0.0399418 0.0418072 -0.00345491 -0.0148958 -0.00717083 -0.0430955 -0.0876431 0 0.09457 -0.069814 0.0640033 -0.0748221 0.00575011 -0.0727612 -0.0453327 0.00934078 0.0720065 0.0920368 -0.00742778 0.0186342 4.167e-06 
-0.0779389 -0.0333055 -0.0427319 0.0752523 -0.0307343 0.0215494 0.0603598 -0.0872654 -0.0374185 -0.0864902 0.0770561 -0.000193499 -0.09457 0 0.0816842 -0.0534123 0.0740091 -0.0758651 -0.0453886 0.0266802 0.0171043 0.0604125 0.0119614 0.0597617 -0.0742879 -0.0567488 
0.0451732 -0.0792348 -0.0064305 0.0206644 0.0628542 -0.00761289 -0.0354514 0.0856129 0.0246695 0.0900344 -0.0205666 -0.074955 0.069814 -0.0816842 0 -0.0474872 0.0901307 -0.0178937 -0.00750996 0.0925392 0.0474031 0.0457481 0.0639007 0.0776135 0.078015 0.0900129 
-0.0800943 -0.0221058 0.00339042 0.0748052 -0.0673763 0.0519932 -0.0603699 0.082624 0.0237611 0.0332525 -0.0212303 0.0127655 -0.0640033 0.0534123 0.0474872 0 -0.0812812 -0.0837758 -0.0910514 -0.0464562 0.0526558 -0.0534184 -0.0361465 0.0719453 0.00835982 0.0172417 
0.00179622 0.0551524 -0.00980342 0.0988835 -0.0447704 -0.00413342 -0.0910524 0.017472 0.0133729 0.0870575 0.0134884 -0.057843 0.0748221 -0.0740091 -0.0901307 0.0812812 0 -0.0439867 -0.0366299 -0.0552286 0.0538857 -0.0225525 0.0517774 0.00998299 0.0732931 -0.0279597 
-0.0244418 0.0921083 -0.0956407 -0.0926852 0.0199629 0.0478055 0.0256294 0.0301727 0.0739074 -0.0285705 0.0896814 -0.0918007 -0.00575011 0.0758651 0.0178937 0.0837758 0.0439867 0 0.0549589 -0.0859179 -0.0132779 -0.0633865 -0.00907959 -0.078132 -0.0978408 0.0372164 
-0.0902725 0.0689509 -0.0494991 0.0305273 -0.0233605 -0.0666993 -0.0671362 0.0242914 -0.0314269 -0.0842574 0.0579972 0.077065 0.0727612 0.0453886 0.00750996 0.0910514 0.0366299 -0.0549589 0 -0.00804039 -0.0848242 -0.0153975 -0.0441304 0.0797237 0.0804807 -0.00779962 
0.0369128 0.0516474 -0.0714606 -0.0331624 -0.0688893 0.0815281 0.0665923 -0.0214057 0.0846253 0.0439404 0.000766099 0.0456184 0.0453327 -0.0266802 -0.0925392 0.0464562 0.0552286 0.0859179 0.00804039 0 0.00125513 0.0608383 -0.0785624 -0.0640429 0.0418906 -0.0590395 
0.0152327 -0.0435001 0.0509415 0.0186962 0.0734267 -0.0671258 -0.0285661 0.0869174 -0.0632709 0.0663667 -0.0181012 0.0847242 -0.00934078 -0.0171043 -0.0474031 -0.0526558 -0.0538857 0.0132779 0.0848242 -0.00125513 0 -0.0941162 -0.0612064 0.0268967 -0.079662 -0.0190454 
0.0406359 0.0400216 -0.0817528 0.0564225 -0.00403299 0.0142143 0.0293064 0.07237 -0.0491805 -0.0720552 -0.09311 0.0741711 -0.0720065 -0.0604125 -0.0457481 0.0534184 0.0225525 0.0633865 0.0153975 -0.0608383 0.0941162 0 0.0940956 0.0429078 -0.0665389 0.0901724 
0.0975197 -0.0866165 0.0524282 0.0933765 0.0227094 -0.0778327 -0.0649815 -0.0955408 0.0638769 -0.0587337 0.0233237 -0.0239905 -0.0920368 -0.0119614 -0.0639007 0.0361465 -0.0517774 0.00907959 0.0441304 0.0785624 0.0612064 -0.0940956 0 -0.0157029 0.0778711 0.0245964 
0.042778 -0.00473824 -0.027239 0.0554693 0.054316 7.22864e-05 -0.0103311 -0.0784473 -0.000185946 0.0831152 0.0462779 0.0687195 0.00742778 -0.0597617 -0.0776135 -0.0719453 -0.00998299 0.078132 -0.0797237 0.0640429 -0.0268967 -0.0429078 0.0157029 0 -0.0555352 -0.00961848 
0.056442 0.0621718 -0.012764 0.0806103 -0.024954 -0.0593818 0.0218882 -0.0973261 -0.0693603 0.0604831 0.0277506 -0.0335348 -0.0186342 0.0742879 -0.078015 -0.00835982 -0.0732931 0.0978408 -0.0804807 -0.0418906 0.079662 0.0665389 -0.0778711 0.0555352 0 0.0255909 
0.064786 -0.00912843 -0.0807473 -0.032448 -0.0567428 -0.0789135 -0.0370335 0.0606226 0.0290206 -0.0908872 0.0780309 0.07822 -4.167e-06 0.0567488 -0.0900129 -0.0172417 0.0279597 -0.0372164 0.00779962 0.0590395 0.0190454 -0.0901724 -0.0245964 0.00961848 -0.0255909 0 
