25

16000 4500

30 55 80

3

0 84691 53260 79961 65720 52770 79150 89540 41820 36380 87010 42570 39980 85140 40570 24970 5450 78790 68270 33300 94040 79210 86830 88930 81350 65730 
84511 0 94941 14490 86280 96411 80270 113060 124051 55520 105520 58150 78581 42760 122801 108241 80951 101840 95520 98051 148761 134191 63790 107450 87390 121181 
52820 94361 0 89631 39310 10860 60990 47001 87310 46050 58260 52240 17130 94810 86060 72450 49100 35031 26730 37080 59090 47660 74350 55110 61790 36740 
79441 14400 89871 0 81210 91341 77260 108000 118981 48540 100460 51170 73511 28810 117731 103171 75881 96770 90450 92981 143691 129121 70350 102390 84730 116111 
65280 86760 38830 82030 0 48600 29160 28820 105720 50970 23060 57110 40720 93570 104470 89170 61560 19230 19490 69210 87330 78360 44190 23820 26790 71480 
52440 95631 10870 90901 49080 0 69280 56771 84730 47320 68030 53510 19500 96080 84320 71270 49100 44801 36500 29480 54590 40020 81900 64880 70450 27010 
78180 78740 60640 77021 28900 69040 0 52190 119140 58410 32770 64600 57340 95501 117890 102070 74460 46880 47750 86060 113550 103640 19060 39220 7820 93440 
89350 113280 47651 109710 29010 57421 52280 0 128642 76230 25560 82420 58030 120280 127392 113240 85630 12370 25970 82591 81090 78020 68670 19820 48170 77380 
41800 124711 86791 119981 104830 84810 118720 127894 0 76400 126170 82590 74331 125640 12780 40850 43710 115924 107380 59930 113230 98400 125940 128090 120510 87530 
35810 55610 46240 48520 50720 47710 58520 76110 75350 0 69960 6810 29880 50190 74100 59540 32250 65360 56020 49350 100060 85490 63110 71890 62830 72480 
85730 105660 57800 101320 22950 67570 32950 25370 127250 69870 0 76010 62890 112840 126000 110700 82010 28190 37220 91120 103330 96480 50400 6640 27030 90450 
41690 58340 52120 51250 55860 53590 63940 81990 81230 5970 75100 0 35760 52920 79980 65420 38130 71240 61900 55230 105940 91370 68530 77030 68100 78360 
39550 78521 17650 73791 40280 19520 57950 58400 74400 30210 62730 36400 0 78970 73150 59540 35830 47260 36040 28980 72800 58230 68000 60810 59640 45220 
84800 42620 95230 28750 93070 96700 95870 120370 125140 50180 112830 52810 78870 0 123890 108530 81240 109150 102310 98340 149050 134480 89370 114760 100750 121470 
40610 123521 85561 118791 103640 84111 117530 126664 12040 75210 124980 81400 73101 124450 0 39660 42520 114694 106190 60930 116820 101990 124750 126900 119320 91120 
25410 108851 72690 104121 89820 71240 103250 113640 40870 60540 111160 66730 60230 109300 39620 0 28700 101823 92370 48860 109600 94770 110930 113080 105500 81290 
4370 81181 48800 76451 61300 48750 74730 85120 43750 32870 82590 39060 35520 81630 42500 28530 0 74370 63850 30710 91450 76620 82410 84510 76930 63140 
78370 101710 35531 96980 18890 45301 46650 12320 116522 65250 28270 71440 46550 108600 115272 101662 74650 0 14490 70471 77210 71190 61880 22630 43440 65970 
68550 96110 26720 91380 19300 36490 47290 25140 107711 56170 37450 62360 35670 102840 106461 92440 64830 14000 0 60950 72050 63080 62220 32600 44920 57830 
32990 97941 37080 93211 68950 29460 86220 81931 59840 49630 91040 55820 29440 98390 60930 48630 30630 69961 60720 0 63100 48270 94520 88570 87910 34830 
93810 148921 59530 144191 87020 54750 114420 81550 113370 100610 104210 106800 72940 149370 117100 110320 91450 77220 71700 63220 0 15580 128410 99040 112640 28440 
78870 134231 47190 129501 77170 40060 103610 78020 98430 85920 95530 92110 58250 134680 102160 95380 76510 70241 61850 48280 14830 0 116970 90931 102790 13500 
85790 61740 74100 70760 44050 81780 18380 68570 126230 62800 50230 68990 68160 89420 124980 109680 82070 62220 62510 94800 127580 117100 0 56680 25500 106900 
87710 107640 54760 103300 23550 64530 39250 19750 129230 71850 6630 77990 60970 114820 127980 112680 83990 22670 33200 88630 98910 92151 56760 0 33330 86901 
80760 85770 61930 85391 26360 70420 8660 47440 121970 63620 26520 69810 59920 101050 120720 105420 77040 43330 45080 88640 112920 103950 25270 32970 0 94730 
65370 121171 37110 116441 72070 27000 94240 77561 87540 72860 90880 79050 45190 121620 91270 81880 63010 65591 57200 34780 28310 13480 107600 86281 95040 0 

0 Ciudad_0 0 0 32400 0
1 Ciudad_1 667 18891 22296 1334
2 Ciudad_2 192 14255 18167 384
3 Ciudad_3 317 18182 22315 634
4 Ciudad_4 395 8292 10819 790
5 Ciudad_5 398 3342 5780 796
6 Ciudad_6 136 21566 24566 272
7 Ciudad_7 812 11418 14443 1624
8 Ciudad_8 545 13449 15794 1090
9 Ciudad_9 300 10020 14123 600
10 Ciudad_10 469 19095 21612 938
11 Ciudad_11 626 15634 18733 1252
12 Ciudad_12 606 4584 9270 1212
13 Ciudad_13 165 5738 9668 330
14 Ciudad_14 174 20396 25069 348
15 Ciudad_15 303 8405 11243 606
16 Ciudad_16 166 2468 5953 332
17 Ciudad_17 199 12655 15696 398
18 Ciudad_18 521 10257 14893 1042
19 Ciudad_19 404 10662 13673 808
20 Ciudad_20 599 7852 10155 1198
21 Ciudad_21 464 23344 25869 928
22 Ciudad_22 579 19127 23224 1158
23 Ciudad_23 113 10954 15264 226
24 Ciudad_24 403 23192 26691 806
25 Ciudad_25 746 15771 18973 1492

0 0.0682676 -0.00735692 0.00560446 0.0451141 -0.00584212 -0.0309937 0.00561464 0.0252573 0.0819435 0.0724174 -0.00851139 -0.000512204 -0.0280156 -0.0322627 -0.0457742 0.0380329 0.0291476 -0.00244535 -0.0515647 0.0453618 -0.0119986 -0.0375678 0.0560154 -0.0296729 -0.00893673 
-0.0682676 0 0.0631297 -0.0713124 -0.0315222 0.0161623 0.0695803 -0.0228233 -0.0646381 0.00391196 0.0706295 0.066762 -0.0225099 0.0176337 -0.0400533 -0.0827043 0.0422865 -0.0775057 0.0769984 -0.0996579 0.02462 0.0284593 -0.0416898 -0.00356208 0.0634824 0.0340999 
0.00735692 -0.0631297 0 0.0364377 0.034476 0.0482998 0.0891508 0.0929045 0.0264259 0.0551578 0.0536027 0.0646323 0.0237965 -0.0734784 0.0597298 0.0762694 0.0498437 0.0126341 0.0906608 -0.0250633 0.0450661 0.0152406 0.0788827 0.0857558 0.02064 0.0435092 
-0.00560446 0.0713124 -0.0364377 0 0.0697214 0.0671769 0.0189856 -0.0127327 -0.0856003 0.0239474 -0.016614 -0.0080503 -0.0878619 0.080699 -0.0656676 -0.0508259 0.0205599 0.0216623 -0.0257475 -0.0688152 -0.0876816 0.0497331 -0.0244562 -0.0465786 -0.0454781 -0.0444646 
-0.0451141 0.0315222 -0.034476 -0.0697214 0 -0.0595955 0.0242034 0.0884189 0.0569645 0.0465821 -0.0311823 0.035468 0.00670267 0.0150172 -0.0620644 -0.0182226 -0.0776287 0.0436803 0.0799143 -0.0518796 0.0437428 0.0954785 -0.0128041 -0.00745663 0.0896662 -0.0744046 
0.00584212 -0.0161623 -0.0482998 -0.0671769 0.0595955 0 0.065517 -0.0631652 0.073413 0.0725368 0.0430776 -0.0309991 -0.0640824 -0.077429 0.0210587 -0.0837673 -0.0741147 -0.0420133 0.0803694 0.0122265 -0.0720971 -0.00132907 0.0920097 -0.0316023 0.0817112 -0.0568789 
0.0309937 -0.0695803 -0.0891508 -0.0189856 -0.0242034 -0.065517 0 0.0564479 0.00268678 -2.86368e-05 -0.0473009 0.0492816 -0.0618425 -0.092611 0.0362585 0.00107667 0.00218117 -0.00125781 -0.0695231 0.0489725 0.0579593 0.0587716 -0.065181 0.0483506 -0.0254679 -0.0781139 
-0.00561464 0.0228233 -0.0929045 0.0127327 -0.0884189 0.0631652 -0.0564479 0 -0.0202622 0.0163205 -0.00811712 -0.0962863 0.0109854 -0.0254656 0.074336 -0.0641281 -0.0740363 0.0266915 -0.0643011 -0.0604364 -0.0345843 -0.0620451 -0.029599 -0.0964004 -0.00586917 0.0107646 
-0.0252573 0.0646381 -0.0264259 0.0856003 -0.0569645 -0.073413 -0.00268678 0.0202622 0 -0.0972144 -0.0942287 -0.0250499 -0.0255241 0.0736636 -0.0626501 -0.0912881 0.0610395 0.0626462 -0.0162656 -0.07498 0.0956936 -0.000566785 -0.0493374 -0.0931463 0.0182499 -0.0237308 
-0.0819435 -0.00391196 -0.0551578 -0.0239474 -0.0465821 -0.0725368 2.86368e-05 -0.0163205 0.0972144 0 -0.0518975 -0.0103497 0.0393213 -0.0279296 0.00878063 0.0440387 -0.0119766 0.0949388 0.00668123 -0.0519904 0.0281482 -0.0959201 -0.0343191 -0.0706443 0.0938844 0.0232433 
-0.0724174 -0.0706295 -0.0536027 0.016614 0.0311823 -0.0430776 0.0473009 0.00811712 0.0942287 0.0518975 0 -0.096871 -0.0740317 0.0186337 0.0890111 -0.0216366 -0.079082 0.0425976 0.0228901 -0.0133548 0.0840852 -0.0983552 0.0580025 -0.0129459 -0.025973 0.0264493 
0.00851139 -0.066762 -0.0646323 0.0080503 -0.035468 0.0309991 -0.0492816 0.0962863 0.0250499 0.0103497 0.096871 0 0.0886578 0.0160183 0.0190606 0.095247 -0.0690019 0.0953974 -0.0291252 -0.0367321 -0.024779 -0.0928863 0.00387151 0.0314561 0.0599751 0.0926402 
0.000512204 0.0225099 -0.0237965 0.0878619 -0.00670267 0.0640824 0.0618425 -0.0109854 0.0255241 -0.0393213 0.0740317 -0.0886578 0 0.0199255 -0.0449705 -0.0938082 -0.0482625 -0.0582165 0.0829478 -0.0380426 -0.0397048 -0.0778535 -8.7217e-05 -0.070234 -0.0235748 0.0147184 
0.0280156 -0.0176337 0.0734784 -0.080699 -0.0150172 0.077429 0.092611 0.0254656 -0.0736636 0.0279296 -0.0186337 -0.0160183 -0.0199255 0 -0.0866017 -0.0738338 -0.0851453 0.0888696 0.0730335 0.0169364 -0.0066005 -0.0497052 -0.0266727 0.0513588 0.0916354 0.0114885 
0.0322627 0.0400533 -0.0597298 0.0656676 0.0620644 -0.0210587 -0.0362585 -0.074336 0.0626501 -0.00878063 -0.0890111 -0.0190606 0.0449705 0.0866017 0 -0.0887426 -0.0323982 0.0926735 0.0194908 0.0576208 0.0794536 0.0650929 -0.0481178 -0.0174218 0.0331083 -0.0282536 
0.0457742 0.0827043 -0.0762694 0.0508259 0.0182226 0.0837673 -0.00107667 0.0641281 0.0912881 -0.0440387 0.0216366 -0.095247 0.0938082 0.0738338 0.0887426 0 -0.0982487 -0.066798 0.0668485 0.00232704 -0.0941771 0.0106675 0.0578637 0.0484562 0.0425346 -0.0164504 
-0.0380329 -0.0422865 -0.0498437 -0.0205599 0.0776287 0.0741147 -0.00218117 0.0740363 -0.0610395 0.0119766 0.079082 0.0690019 0.0482625 0.0851453 0.0323982 0.0982487 0 -0.0865428 0.050806 0.00730907 0.0760515 -0.0261527 -0.098341 0.0283758 -0.00941165 0.085078 
-0.0291476 0.0775057 -0.0126341 -0.0216623 -0.0436803 0.0420133 0.00125781 -0.0266915 -0.0626462 -0.0949388 -0.0425976 -0.0953974 0.0582165 -0.0888696 -0.0926735 0.066798 0.0865428 0 -0.0889461 0.00072097 -0.0288775 0.0984614 -0.0118479 0.0242061 -0.0760668 0.0830304 
0.00244535 -0.0769984 -0.0906608 0.0257475 -0.0799143 -0.0803694 0.0695231 0.0643011 0.0162656 -0.00668123 -0.0228901 0.0291252 -0.0829478 -0.0730335 -0.0194908 -0.0668485 -0.050806 0.0889461 0 0.0220358 -0.0865111 0.0965531 0.0746236 -0.039326 -0.0403932 0.0334377 
0.0515647 0.0996579 0.0250633 0.0688152 0.0518796 -0.0122265 -0.0489725 0.0604364 0.07498 0.0519904 0.0133548 0.0367321 0.0380426 -0.0169364 -0.0576208 -0.00232704 -0.00730907 -0.00072097 -0.0220358 0 0.0361283 -0.0100789 0.0212887 0.0368934 -0.0138627 -0.0663911 
-0.0453618 -0.02462 -0.0450661 0.0876816 -0.0437428 0.0720971 -0.0579593 0.0345843 -0.0956936 -0.0281482 -0.0840852 0.024779 0.0397048 0.0066005 -0.0794536 0.0941771 -0.0760515 0.0288775 0.0865111 -0.0361283 0 -0.0414807 0.0125341 -0.0777192 0.0966763 0.0824825 
0.0119986 -0.0284593 -0.0152406 -0.0497331 -0.0954785 0.00132907 -0.0587716 0.0620451 0.000566785 0.0959201 0.0983552 0.0928863 0.0778535 0.0497052 -0.0650929 -0.0106675 0.0261527 -0.0984614 -0.0965531 0.0100789 0.0414807 0 0.0673188 -0.0568553 -0.0669265 -0.0499711 
0.0375678 0.0416898 -0.0788827 0.0244562 0.0128041 -0.0920097 0.065181 0.029599 0.0493374 0.0343191 -0.0580025 -0.00387151 8.7217e-05 0.0266727 0.0481178 -0.0578637 0.098341 0.0118479 -0.0746236 -0.0212887 -0.0125341 -0.0673188 0 -0.0275762 -0.0851939 -0.0725274 
-0.0560154 0.00356208 -0.0857558 0.0465786 0.00745663 0.0316023 -0.0483506 0.0964004 0.0931463 0.0706443 0.0129459 -0.0314561 0.070234 -0.0513588 0.0174218 -0.0484562 -0.0283758 -0.0242061 0.039326 -0.0368934 0.0777192 0.0568553 0.0275762 0 -0.0256664 0.0206333 
0.0296729 -0.0634824 -0.02064 0.0454781 -0.0896662 -0.0817112 0.0254679 0.00586917 -0.0182499 -0.0938844 0.025973 -0.0599751 0.0235748 -0.0916354 -0.0331083 -0.0425346 0.00941165 0.0760668 0.0403932 0.0138627 -0.0966763 0.0669265 0.0851939 0.0256664 0 -0.0909663 
0.00893673 -0.0340999 -0.0435092 0.0444646 0.0744046 0.0568789 0.0781139 -0.0107646 0.0237308 -0.0232433 -0.0264493 -0.0926402 -0.0147184 -0.0114885 0.0282536 0.0164504 -0.085078 -0.0830304 -0.0334377 0.0663911 -0.0824825 0.0499711 0.0725274 -0.0206333 0.0909663 0 
