25

16000 4500

30 55 80

4

0 80340 16850 77120 85900 41160 85300 58460 8820 90380 89990 62500 64530 64370 27870 48710 46240 59630 70770 75340 51510 86430 85180 49040 31910 72000 
79470 0 86250 23340 165030 57210 12910 25340 81960 169850 10370 23270 34180 78830 62701 54540 49050 28530 37660 11150 32810 23620 157600 39330 111380 24370 
16840 86640 0 82340 82750 45000 91600 65070 25380 94610 96290 68800 69750 65060 31710 52550 50150 65390 75990 81640 58120 92191 75320 54260 40310 77220 
76030 21850 82051 0 158290 46210 18890 26320 78520 166460 26850 17040 16480 62710 54370 43540 38050 18760 18780 12340 32010 13400 153401 28500 107940 5910 
85860 165470 82760 158820 0 121540 170430 140470 89460 19820 175120 144200 146470 130610 108250 127670 126690 141330 154710 157040 133520 170911 26100 130740 63880 153700 
41050 56800 44830 46170 121480 0 57810 39310 44700 130970 65770 36850 33200 30960 13380 9300 9440 29000 37830 48630 36240 56940 109040 19710 72960 41050 
84380 13010 91160 20340 169940 58090 0 30250 86870 174810 9250 27270 33290 79710 65672 55420 49930 29640 36180 14150 37720 13820 162510 40450 116290 23310 
57970 24940 64750 27070 140230 40120 29900 0 60460 148350 34590 12980 28270 62340 45320 38050 32560 16830 35220 19940 9880 33820 136100 22150 89880 26060 
8760 83000 25330 79780 89380 44660 87960 61120 0 92540 92650 65160 67190 68080 31370 52010 49050 62290 73430 78000 54170 89090 88660 51700 33770 74660 
90830 171170 95150 168100 20120 131580 176200 149290 93170 0 181300 153330 155510 145340 118290 139610 137140 150460 162080 166170 142340 177410 46160 139870 59860 162980 
89140 10250 95920 27930 174700 65660 9260 35010 91630 180990 0 32940 40860 87280 72371 62990 57500 37210 43770 18970 42480 22560 167270 48020 122470 30900 
61280 23230 68060 18630 143540 36890 27250 13100 63770 151660 32880 0 18190 58510 43011 34220 28730 8200 25140 18070 16940 26420 139410 19250 93190 15390 
64740 34100 69460 16550 146110 33290 33140 27770 67230 155170 41100 18440 0 46950 41450 27370 25130 13940 7850 24090 30030 27830 140610 15900 96650 11990 
64440 78310 65150 62740 130620 30940 79320 61620 68200 144920 87280 58360 46960 0 40290 24970 31620 50510 45320 70140 60140 74020 112010 41220 97270 58280 
27740 62820 31520 54350 108170 13370 65491 44990 31390 117660 72470 43610 41380 40370 0 20920 19970 37180 47620 56311 38040 64621 100270 26760 59650 49230 
48560 54010 52340 43380 127620 9270 55020 37320 52210 138990 62980 34060 27410 24920 20890 0 7320 26210 30630 45840 35840 54150 113750 16920 80470 38260 
46300 48610 50080 37980 126730 9370 49620 31920 49340 136730 57580 28660 25010 31520 20040 7230 0 20810 28560 40440 29960 48750 117640 11520 78210 32860 
58750 28100 65250 19370 141010 29330 29280 16110 61240 149130 37240 8150 13780 50950 37490 26660 21170 0 20730 20100 16980 28410 136600 11690 90660 14490 
70990 37460 75710 18140 154490 37750 35810 34600 73480 161800 43770 25270 7930 45310 47700 30600 28560 20770 0 27450 36860 29390 143710 22150 103280 14670 
74410 11080 81190 13510 156670 48650 14040 20280 76900 164790 18970 17830 24050 70270 56232 45980 40490 20200 27530 0 27750 18710 152540 31010 106320 14240 
50800 32790 57580 33800 133060 36710 37750 9590 53290 141180 42440 17660 29700 60350 38150 36060 30120 16940 36650 27790 0 41270 128930 20440 82710 30030 
85920 23620 91941 13270 170721 57100 13870 34150 88410 176350 22440 26440 27790 74020 64682 54430 48940 28650 29410 18700 41410 0 163291 39460 117830 17810 
85180 158030 75320 153620 26090 108900 162990 136460 88780 45680 167680 140190 140640 111570 100260 113720 117450 136460 143600 153030 129510 163471 0 125540 71660 148500 
49190 39110 53910 28440 130560 19620 40300 21510 51680 139570 48260 19340 15850 41240 26671 16950 11460 11490 22090 31120 20540 39430 125260 0 81100 23320 
31860 112200 40340 108980 64030 73020 117160 90320 33920 59380 122180 94360 96390 96440 59730 80570 78100 91490 102960 107200 83370 118290 71420 80900 0 103860 
71930 24300 76870 5940 153520 41020 22960 25510 74420 162360 30920 14950 11900 58280 49180 38350 32860 14460 14700 14290 29920 17470 148220 23310 103840 0 

0 Ciudad_0 0 0 32400 0
1 Ciudad_1 781 15811 19216 1562
2 Ciudad_2 822 24215 28127 1644
3 Ciudad_3 809 22588 26721 1618
4 Ciudad_4 281 9439 11966 562
5 Ciudad_5 268 10833 13271 536
6 Ciudad_6 697 15700 18700 1394
7 Ciudad_7 213 10711 13736 426
8 Ciudad_8 477 995 3340 954
9 Ciudad_9 651 5016 9119 1302
10 Ciudad_10 820 24104 26621 1640
11 Ciudad_11 109 8138 11237 218
12 Ciudad_12 743 18229 22915 1486
13 Ciudad_13 725 23622 27552 1450
14 Ciudad_14 605 16710 21383 1210
15 Ciudad_15 824 23238 26076 1648
16 Ciudad_16 518 12335 15820 1036
17 Ciudad_17 400 21040 24081 800
18 Ciudad_18 227 4627 9263 454
19 Ciudad_19 554 11455 14466 1108
20 Ciudad_20 714 15459 17762 1428
21 Ciudad_21 540 19645 22170 1080
22 Ciudad_22 428 20177 24274 856
23 Ciudad_23 789 7446 11756 1578
24 Ciudad_24 498 8150 11649 996
25 Ciudad_25 540 18750 21952 1080

0 0.00202454 0.0392007 -0.0966895 0.0891284 0.0847213 0.0741169 -0.0200339 0.0587215 0.0985548 -0.0618555 -0.0567717 0.060198 -0.0193893 0.00219835 0.0859471 0.00484879 -0.0766929 0.0853584 -0.0856188 0.0841025 -0.0525064 -0.0781347 -0.0655397 -0.0921352 0.024073 
-0.00202454 0 0.0564931 0.0306169 0.025777 0.0109197 -0.00889266 -0.00120403 -0.097965 0.0578472 0.0366784 -0.028475 0.0400834 0.064993 -0.0438777 0.0941687 0.0280026 0.0400333 -0.0148638 0.00491652 0.0358504 -0.024516 0.0272509 0.086766 -0.0332112 -0.0134233 
-0.0392007 -0.0564931 0 0.00384556 0.0505416 -0.0366593 -0.0158682 0.0903844 0.0670941 0.0662432 -0.016352 0.078356 -0.0073067 -0.0847221 -0.0895611 0.0368762 0.00652086 0.0920581 -0.0805198 -0.0506892 0.0982367 0.0834264 0.000573703 -0.017183 0.0699335 0.0513538 
0.0966895 -0.0306169 -0.00384556 0 -0.0137545 -0.0779735 0.0414584 -0.0394416 -0.0998758 -0.0504945 0.0339598 -0.0835466 -0.0263686 0.0246835 -0.0793114 0.0483168 0.0327154 0.0344862 -0.0989768 -0.0646096 -0.0939657 -0.0101624 0.0649531 0.0541269 0.0738655 -0.0489001 
-0.0891284 -0.025777 -0.0505416 0.0137545 0 0.0217983 0.0506021 -0.00602456 0.0684292 0.0804521 0.075335 0.0780743 -0.0214761 0.0577883 -0.00877787 -0.0543044 -0.0309626 0.0617729 0.0936055 0.021135 0.0564876 0.0690703 -0.0973141 0.0839198 0.0890173 0.0914423 
-0.0847213 -0.0109197 0.0366593 0.0779735 -0.0217983 0 -0.0510382 0.019048 0.0423264 -0.00218472 0.0281578 -0.0469874 -0.093921 -0.0355253 0.0194039 -0.0331954 0.0668504 -0.0501811 0.0809747 0.0905757 -0.0167675 0.0965141 0.063305 0.037097 -0.00769159 -0.0739227 
-0.0741169 0.00889266 0.0158682 -0.0414584 -0.0506021 0.0510382 0 0.0718688 -0.00109373 -0.045901 -0.0581083 0.000899544 0.00699195 0.0522213 -0.0411816 -0.0350936 0.0731314 -0.0278841 0.0465941 0.0167532 -0.0855821 0.062406 -0.0473322 -0.0874233 0.0232586 -0.015944 
0.0200339 0.00120403 -0.0903844 0.0394416 0.00602456 -0.019048 -0.0718688 0 -0.0759291 -0.0143954 0.0695352 -0.0465659 0.0866214 0.0813341 -0.0743641 0.0974607 0.0570338 -0.0386605 -0.0298559 0.0159607 -0.00944431 0.0903716 -0.0614902 0.0642243 0.0195543 0.0975695 
-0.0587215 0.097965 -0.0670941 0.0998758 -0.0684292 -0.0423264 0.00109373 0.0759291 0 0.0322718 -0.0653011 -0.0564333 -0.0917063 -0.01798 -0.058217 0.0361603 0.0623959 0.082025 0.0682205 -0.0190114 -0.00510421 -0.0652852 0.0666699 -0.0742067 -0.027668 0.0633649 
-0.0985548 -0.0578472 -0.0662432 0.0504945 -0.0804521 0.00218472 0.045901 0.0143954 -0.0322718 0 0.0214777 -0.0689986 -0.0420309 -0.0146566 0.0995615 0.0491295 0.0734533 0.0726827 0.01938 0.0909232 -0.0601508 0.023875 -0.0717632 -0.0354477 0.0381718 -0.0772515 
0.0618555 -0.0366784 0.016352 -0.0339598 -0.075335 -0.0281578 0.0581083 -0.0695352 0.0653011 -0.0214777 0 -0.0677399 0.0284954 -0.0329165 -0.0820636 -0.0809414 -0.0335354 -0.0911345 -0.0902147 0.0397751 0.0441505 -0.039682 0.0982367 0.0276065 -0.0633891 -0.0989178 
0.0567717 0.028475 -0.078356 0.0835466 -0.0780743 0.0469874 -0.000899544 0.0465659 0.0564333 0.0689986 0.0677399 0 -0.0312044 0.0824227 -0.0108261 -0.0122863 -0.0886457 0.0577006 0.0946217 0.015702 -0.0608169 0.019631 -0.0616184 -0.00338168 0.0218151 0.0324842 
-0.060198 -0.0400834 0.0073067 0.0263686 0.0214761 0.093921 -0.00699195 -0.0866214 0.0917063 0.0420309 -0.0284954 0.0312044 0 0.00883757 -0.0731092 0.0904161 -0.0928057 -0.00447853 0.0543258 -0.0580505 0.00228937 0.00523505 -0.0940717 0.0949392 -0.0990573 0.0125359 
0.0193893 -0.064993 0.0847221 -0.0246835 -0.0577883 0.0355253 -0.0522213 -0.0813341 0.01798 0.0146566 0.0329165 -0.0824227 -0.00883757 0 0.00638326 -0.0391055 0.0724259 -0.00238018 0.0661542 -0.0649594 -0.0306549 -0.00855043 0.0265498 0.0195209 -0.0867256 -0.0458834 
-0.00219835 0.0438777 0.0895611 0.0793114 0.00877787 -0.0194039 0.0411816 0.0743641 0.058217 -0.0995615 0.0820636 0.0108261 0.0731092 -0.00638326 0 0.0628524 -0.0464157 -0.0731834 -0.08909 0.0105222 -0.0911233 -0.0336217 0.0191031 0.076404 -0.0474384 -0.0861315 
-0.0859471 -0.0941687 -0.0368762 -0.0483168 0.0543044 0.0331954 0.0350936 -0.0974607 -0.0361603 -0.0491295 0.0809414 0.0122863 -0.0904161 0.0391055 -0.0628524 0 0.0802822 -0.0874459 0.0499036 0.0222225 -0.0929908 -0.0492142 0.0802456 0.068358 -0.0591996 0.0259198 
-0.00484879 -0.0280026 -0.00652086 -0.0327154 0.0309626 -0.0668504 -0.0731314 -0.0570338 -0.0623959 -0.0734533 0.0335354 0.0886457 0.0928057 -0.0724259 0.0464157 -0.0802822 0 -0.0646463 -0.0888444 -0.076504 -0.0946082 0.0474716 0.0715582 0.0972608 0.0633472 0.0255614 
0.0766929 -0.0400333 -0.0920581 -0.0344862 -0.0617729 0.0501811 0.0278841 0.0386605 -0.082025 -0.0726827 0.0911345 -0.0577006 0.00447853 0.00238018 0.0731834 0.0874459 0.0646463 0 0.0239297 -0.0029817 -0.0213587 0.0557473 0.00547466 0.0679131 -0.0810686 -0.0126537 
-0.0853584 0.0148638 0.0805198 0.0989768 -0.0936055 -0.0809747 -0.0465941 0.0298559 -0.0682205 -0.01938 0.0902147 -0.0946217 -0.0543258 -0.0661542 0.08909 -0.0499036 0.0888444 -0.0239297 0 0.0290338 0.0581283 -0.0457505 -0.0950845 -0.0787538 -0.0303147 -0.0252033 
0.0856188 -0.00491652 0.0506892 0.0646096 -0.021135 -0.0905757 -0.0167532 -0.0159607 0.0190114 -0.0909232 -0.0397751 -0.015702 0.0580505 0.0649594 -0.0105222 -0.0222225 0.076504 0.0029817 -0.0290338 0 0.00592205 -0.00932163 -0.0276083 -0.0942334 0.091131 0.0922858 
-0.0841025 -0.0358504 -0.0982367 0.0939657 -0.0564876 0.0167675 0.0855821 0.00944431 0.00510421 0.0601508 -0.0441505 0.0608169 -0.00228937 0.0306549 0.0911233 0.0929908 0.0946082 0.0213587 -0.0581283 -0.00592205 0 -0.0824615 0.0167121 0.00712179 -0.0224446 0.0435401 
0.0525064 0.024516 -0.0834264 0.0101624 -0.0690703 -0.0965141 -0.062406 -0.0903716 0.0652852 -0.023875 0.039682 -0.019631 -0.00523505 0.00855043 0.0336217 0.0492142 -0.0474716 -0.0557473 0.0457505 0.00932163 0.0824615 0 -0.026022 0.0015048 -0.0399965 0.0121812 
0.0781347 -0.0272509 -0.000573703 -0.0649531 0.0973141 -0.063305 0.0473322 0.0614902 -0.0666699 0.0717632 -0.0982367 0.0616184 0.0940717 -0.0265498 -0.0191031 -0.0802456 -0.0715582 -0.00547466 0.0950845 0.0276083 -0.0167121 0.026022 0 -0.0498712 0.0466945 0.0670853 
0.0655397 -0.086766 0.017183 -0.0541269 -0.0839198 -0.037097 0.0874233 -0.0642243 0.0742067 0.0354477 -0.0276065 0.00338168 -0.0949392 -0.0195209 -0.076404 -0.068358 -0.0972608 -0.0679131 0.0787538 0.0942334 -0.00712179 -0.0015048 0.0498712 0 -0.0101852 -0.0885222 
0.0921352 0.0332112 -0.0699335 -0.0738655 -0.0890173 0.00769159 -0.0232586 -0.0195543 0.027668 -0.0381718 0.0633891 -0.0218151 0.0990573 0.0867256 0.0474384 0.0591996 -0.0633472 0.0810686 0.0303147 -0.091131 0.0224446 0.0399965 -0.0466945 0.0101852 0 -0.0897752 
-0.024073 0.0134233 -0.0513538 0.0489001 -0.0914423 0.0739227 0.015944 -0.0975695 -0.0633649 0.0772515 0.0989178 -0.0324842 -0.0125359 0.0458834 0.0861315 -0.0259198 -0.0255614 0.0126537 0.0252033 -0.0922858 -0.0435401 -0.0121812 -0.0670853 0.0885222 0.0897752 0 
