25

16000 4500

30 55 80

3

0 56410 41410 90380 93320 29930 99340 64150 86480 40750 33340 38400 89490 53860 79810 27540 63580 31730 63040 98050 73570 87050 35650 6840 79700 19500 
56180 0 66560 82840 148080 64440 137411 91240 130780 69810 85801 52240 126800 80560 84600 81050 13890 62861 53220 152810 30820 137351 37700 61440 97920 68221 
40680 66680 0 132452 109200 68170 73110 28030 116180 3780 38951 75480 124320 15040 44910 55490 60260 10480 39690 109590 92790 79260 29480 44400 40820 27610 
91140 82530 131361 0 151530 72240 203632 153261 103760 130161 119850 53680 96020 143271 160980 102660 95470 118780 131070 162040 60910 166090 108760 92410 169571 108930 
93190 148110 109050 151460 0 97320 128301 112200 57520 106730 74720 113560 69230 109610 143830 69330 153710 104010 144050 12510 162400 51940 122780 88530 127230 89350 
29960 64440 68201 71910 97100 0 126381 90101 69820 67001 53010 19930 68640 80111 105930 35290 77550 58351 89160 104630 68450 101510 60560 28170 106321 47991 
98730 137691 72760 203711 128671 125841 0 47441 156710 70700 77370 136561 165950 59901 71970 101190 127371 78100 94641 116641 163801 77161 101600 99740 47530 80240 
64710 90700 28110 154703 112330 90471 47491 0 132810 26710 50570 101191 141540 13370 36180 72820 79560 35950 48190 106440 119700 71770 55640 66840 18600 48130 
86350 130821 115760 103890 58260 69860 157920 132860 0 113670 85770 80251 18190 125980 157851 62190 143841 105910 145860 68350 130391 96610 121080 80910 149170 90650 
40300 69150 3020 131223 107100 66991 71350 27180 113930 0 36100 75100 122070 14780 44880 53240 62850 9950 42200 107490 95260 77160 31950 43890 40790 25180 
33280 85611 39180 120392 74590 53010 77480 51000 85790 36460 0 66880 93930 45130 78900 25630 87150 33550 75440 78970 104120 56030 55460 29680 67470 19220 
39950 51650 77180 53510 113610 21050 138261 101370 79840 76520 68570 0 75860 89630 111090 53510 64670 67500 87650 121140 51220 118310 59370 41220 116770 57650 
88770 126451 123530 97170 69790 68450 165690 140630 18390 121440 93540 75881 0 133750 166220 69960 139471 113680 150910 79880 126021 108140 123500 83330 157480 98420 
53260 80760 15030 144183 109570 79951 59181 13280 126180 14300 45120 88060 134320 0 34490 65490 69830 22870 39860 108010 106870 73910 43560 56850 27970 38140 
79530 84180 44710 161010 144270 105710 72060 36300 158160 44530 78880 110730 167610 34470 0 97470 73040 52760 32640 141200 114360 106530 52580 84680 26250 69410 
28440 82250 55610 102520 69410 35160 101450 72710 62480 53520 25590 52210 70620 65830 97701 0 90640 45760 85710 74140 95990 67870 61540 23000 89020 30500 
63350 13770 60210 95300 153490 77330 126191 80020 143670 63510 87320 65130 139690 69740 73380 89520 0 60000 42000 158220 44350 136890 34330 68820 86700 69880 
31240 62871 10680 119612 103780 58401 77980 36010 106350 10910 33470 66040 114490 23020 52890 45660 60160 0 42850 106530 88981 77630 28400 34960 48800 18020 
62770 53150 39330 131160 144040 88950 94061 48120 146540 42030 75531 87560 150920 40080 32900 85850 42010 42730 0 144430 83730 112030 30620 68700 50580 58210 
97730 152650 109190 161100 12420 104580 117721 106760 68120 106870 79260 120820 79830 108750 141780 73870 158250 106530 143780 0 169440 41040 127320 93070 121420 93890 
73660 30920 92770 60660 162440 68460 164011 120030 129930 96020 104270 51390 125950 106770 114290 95520 44570 89071 83900 169220 0 159170 63910 76250 126710 87920 
86291 137421 79160 165760 52980 101410 78021 71740 96440 76840 55321 118610 108150 74360 106760 67870 137010 77950 112510 40660 159031 0 105320 82581 86400 70741 
35750 37790 29460 108680 122590 60970 101421 55520 121270 32710 55670 59190 123900 43460 52810 60850 34440 28290 30580 127320 63900 105240 0 41680 62930 38230 
6850 61570 44970 91660 88550 28430 100200 66300 80420 43680 29790 39680 83440 56790 85410 21440 69050 35290 68970 93280 76250 83160 41580 0 82610 21650 
79110 97600 40480 170453 127860 106221 47910 18560 149150 40290 66670 115170 157290 27490 26310 88570 86460 48530 50410 121970 126600 87300 62540 82590 0 63880 
19530 68351 27630 109712 89180 47921 81050 47730 91030 25110 19270 56140 99170 38220 69490 30340 69840 18210 58160 93910 87890 71591 38150 21590 64040 0 

0 Ciudad_0 0 0 32400 0
1 Ciudad_1 280 9284 12689 560
2 Ciudad_2 123 24387 28299 246
3 Ciudad_3 244 6611 10744 488
4 Ciudad_4 549 18585 21112 1098
5 Ciudad_5 544 23476 25914 1088
6 Ciudad_6 330 16212 19212 660
7 Ciudad_7 233 17508 20533 466
8 Ciudad_8 437 4422 6767 874
9 Ciudad_9 329 9157 13260 658
10 Ciudad_10 507 21931 24448 1014
11 Ciudad_11 480 8930 12029 960
12 Ciudad_12 157 7301 11987 314
13 Ciudad_13 108 7813 11743 216
14 Ciudad_14 747 20472 25145 1494
15 Ciudad_15 442 14186 17024 884
16 Ciudad_16 782 16538 20023 1564
17 Ciudad_17 185 6405 9446 370
18 Ciudad_18 779 22213 26849 1558
19 Ciudad_19 292 9486 12497 584
20 Ciudad_20 657 9708 12011 1314
21 Ciudad_21 298 6494 9019 596
22 Ciudad_22 816 4760 8857 1632
23 Ciudad_23 238 16566 20876 476
24 Ciudad_24 473 12150 15649 946
25 Ciudad_25 421 19158 22360 842

0 0.000813866 0.0164089 0.00923254 -0.0324491 -0.0241312 -0.00182915 -0.000492123 0.0265699 -0.0947988 -0.0887762 0.0155111 -0.00766869 -0.0658805 0.0789789 -0.0641022 0.0260727 -0.0213054 0.0850677 0.00686771 -0.0972996 -0.0580488 -0.0254144 -0.0184344 0.0806105 -0.0901079 
-0.000813866 0 0.00680106 -0.0293904 0.0607166 0.0606552 -0.0447794 0.0434289 -0.0776868 -0.0136032 -0.0516328 -0.099004 0.0546573 -0.0982905 -0.0270189 0.0796684 -0.0681084 -0.00462087 0.0278202 -0.0758053 -0.00729333 -0.083417 0.0204343 -0.0042115 -0.0675688 -0.0559401 
-0.0164089 -0.00680106 0 0.0598538 -0.0887281 -0.0294226 0.0501324 0.0914788 -0.0882874 -0.0200632 -0.0912052 -0.0674909 0.0930292 -0.0366147 0.0597582 -0.0632428 0.0706923 0.0940477 0.00188381 -0.0567991 0.0101052 -0.0725885 -0.0814006 -0.0126585 0.0443315 0.079087 
-0.00923254 0.0293904 -0.0598538 0 -0.0976775 -0.0325084 -0.0165683 0.032899 0.0804009 0.0487815 -0.000392469 0.0421224 -0.0100062 0.0261005 -0.0426826 -0.0193512 -0.0522114 0.0937005 -0.0639956 -0.00170077 0.035242 0.0494647 -0.0625878 0.0889919 -0.0304844 0.0325783 
0.0324491 -0.0607166 0.0887281 0.0976775 0 0.0701776 -0.0330293 0.0250968 -0.00541604 0.0777503 0.0376196 0.055717 0.0321067 0.0322924 0.081914 -0.0222948 -0.0629836 -0.0679082 0.0253006 0.0492605 -0.0288001 0.0648637 0.0231356 0.0476383 -0.0612114 -0.00193249 
0.0241312 -0.0606552 0.0294226 0.0325084 -0.0701776 0 -0.0804887 0.00436802 -0.0795874 0.000533607 0.0444569 0.07655 0.00943733 0.0757846 -0.0372901 -0.0260236 -0.0383384 0.0655922 -0.00412578 -0.0654067 -0.00757802 -0.0199672 0.0363777 -0.0494693 -0.0996888 -0.0384826 
0.00182915 0.0447794 -0.0501324 0.0165683 0.0330293 0.0804887 0 -0.0729841 0.067637 -0.0142159 0.0768822 -0.0254375 0.0325728 -0.0229441 0.0918766 0.047512 0.00440097 0.066042 -0.0877507 -0.0602414 -0.0606111 0.0972456 -0.0336024 0.021069 -0.0774063 -0.00283172 
0.000492123 -0.0434289 -0.0914788 -0.032899 -0.0250968 -0.00436802 0.0729841 0 0.0134389 -0.0424146 -0.0322197 -0.0106249 0.0474926 0.0669249 0.0819516 -0.0432988 -0.0170855 0.0123831 0.068037 -0.0928121 -0.0859413 -0.0366326 0.0306711 0.0035261 0.0757808 -0.0504335 
-0.0265699 0.0776868 0.0882874 -0.0804009 0.00541604 0.0795874 -0.067637 -0.0134389 0 -0.0788649 -0.044166 0.0709749 0.0305395 0.000774005 -0.00326764 -0.0232878 0.0139895 -0.0622223 0.0780248 -0.0756754 0.0113242 0.0532677 0.0555618 -0.082775 -0.0218985 -0.0817814 
0.0947988 0.0136032 0.0200632 -0.0487815 -0.0777503 -0.000533607 0.0142159 0.0424146 0.0788649 0 0.0555704 -0.0304364 -0.0417502 -0.0184203 -0.0195735 0.0642393 0.0946642 -0.018466 -0.0532381 0.0388934 -0.0670047 -0.0781397 -0.0548842 0.0802144 0.038041 -0.0148251 
0.0887762 0.0516328 0.0912052 0.000392469 -0.0376196 -0.0444569 -0.0768822 0.0322197 0.044166 -0.0555704 0 0.0383848 0.0661237 -0.076568 -0.0930565 0.0953379 -0.0746048 0.00178467 -0.0947823 -0.00555803 0.0654189 0.063005 -0.0856922 -0.0130447 -0.02364 0.0870933 
-0.0155111 0.099004 0.0674909 -0.0421224 -0.055717 -0.07655 0.0254375 0.0106249 -0.0709749 0.0304364 -0.0383848 0 0.0800933 -0.0856614 0.0349063 -0.0891996 0.0669506 0.0956331 0.0732921 -0.0624257 0.0689978 0.0162401 -0.0929106 -0.0512233 -0.0369172 0.0969329 
0.00766869 -0.0546573 -0.0930292 0.0100062 -0.0321067 -0.00943733 -0.0325728 -0.0474926 -0.0305395 0.0417502 -0.0661237 -0.0800933 0 0.0810805 0.035856 0.0458039 -0.0166686 0.0184803 -0.0800154 -0.0783853 -0.0843456 0.028364 0.0471229 -0.027174 -0.0755218 0.00864463 
0.0658805 0.0982905 0.0366147 -0.0261005 -0.0322924 -0.0757846 0.0229441 -0.0669249 -0.000774005 0.0184203 0.076568 0.0856614 -0.0810805 0 -0.0650067 0.00961108 -0.0895461 0.0748067 0.0706652 -0.0873646 0.0123769 -0.0774373 -0.0300031 0.00448675 -0.00789727 0.094372 
-0.0789789 0.0270189 -0.0597582 0.0426826 -0.081914 0.0372901 -0.0918766 -0.0819516 0.00326764 0.0195735 0.0930565 -0.0349063 -0.035856 0.0650067 0 0.0420287 0.03638 0.0587511 -0.00237011 -0.0824304 0.086016 0.00359397 0.0522618 0.055126 0.0793348 -0.0394662 
0.0641022 -0.0796684 0.0632428 0.0193512 0.0222948 0.0260236 -0.047512 0.0432988 0.0232878 -0.0642393 -0.0953379 0.0891996 -0.0458039 -0.00961108 -0.0420287 0 -0.0732903 -0.0961873 0.0814913 0.0908773 -0.0312045 -0.0368327 -0.0751787 0.0683368 0.00218263 -0.021221 
-0.0260727 0.0681084 -0.0706923 0.0522114 0.0629836 0.0383384 -0.00440097 0.0170855 -0.0139895 -0.0946642 0.0746048 -0.0669506 0.0166686 0.0895461 -0.03638 0.0732903 0 -0.0987835 -0.0528653 -0.0156324 -0.074772 0.0442881 -0.0197084 0.0640497 0.084719 0.0722667 
0.0213054 0.00462087 -0.0940477 -0.0937005 0.0679082 -0.0655922 -0.066042 -0.0123831 0.0622223 0.018466 -0.00178467 -0.0956331 -0.0184803 -0.0748067 -0.0587511 0.0961873 0.0987835 0 -0.0880653 0.0413189 0.0805858 0.0728713 0.0404556 -0.0229208 0.00287295 0.0585335 
-0.0850677 -0.0278202 -0.00188381 0.0639956 -0.0253006 0.00412578 0.0877507 -0.068037 -0.0780248 0.0532381 0.0947823 -0.0732921 0.0800154 -0.0706652 0.00237011 -0.0814913 0.0528653 0.0880653 0 0.0971296 -0.0954199 -0.0171919 0.0434874 -0.0568165 0.06517 -0.0502064 
-0.00686771 0.0758053 0.0567991 0.00170077 -0.0492605 0.0654067 0.0602414 0.0928121 0.0756754 -0.0388934 0.00555803 0.0624257 0.0783853 0.0873646 0.0824304 -0.0908773 0.0156324 -0.0413189 -0.0971296 0 0.0547423 0.0242233 -0.0363092 -0.0891921 -0.0502144 -0.0936269 
0.0972996 0.00729333 -0.0101052 -0.035242 0.0288001 0.00757802 0.0606111 0.0859413 -0.0113242 0.0670047 -0.0654189 -0.0689978 0.0843456 -0.0123769 -0.086016 0.0312045 0.074772 -0.0805858 0.0954199 -0.0547423 0 -0.0465318 -0.0588279 -0.0413189 0.0585825 0.0946 
0.0580488 0.083417 0.0725885 -0.0494647 -0.0648637 0.0199672 -0.0972456 0.0366326 -0.0532677 0.0781397 -0.063005 -0.0162401 -0.028364 0.0774373 -0.00359397 0.0368327 -0.0442881 -0.0728713 0.0171919 -0.0242233 0.0465318 0 0.0931657 -0.074013 0.0648201 0.040801 
0.0254144 -0.0204343 0.0814006 0.0625878 -0.0231356 -0.0363777 0.0336024 -0.0306711 -0.0555618 0.0548842 0.0856922 0.0929106 -0.0471229 0.0300031 -0.0522618 0.0751787 0.0197084 -0.0404556 -0.0434874 0.0363092 0.0588279 -0.0931657 0 -0.0195648 -0.0806754 -0.0744396 
0.0184344 0.0042115 0.0126585 -0.0889919 -0.0476383 0.0494693 -0.021069 -0.0035261 0.082775 -0.0802144 0.0130447 0.0512233 0.027174 -0.00448675 -0.055126 -0.0683368 -0.0640497 0.0229208 0.0568165 0.0891921 0.0413189 0.074013 0.0195648 0 0.0844963 -0.0915152 
-0.0806105 0.0675688 -0.0443315 0.0304844 0.0612114 0.0996888 0.0774063 -0.0757808 0.0218985 -0.038041 0.02364 0.0369172 0.0755218 0.00789727 -0.0793348 -0.00218263 -0.084719 -0.00287295 -0.06517 0.0502144 -0.0585825 -0.0648201 0.0806754 -0.0844963 0 -0.023422 
0.0901079 0.0559401 -0.079087 -0.0325783 0.00193249 0.0384826 0.00283172 0.0504335 0.0817814 0.0148251 -0.0870933 -0.0969329 -0.00864463 -0.094372 0.0394662 0.021221 -0.0722667 -0.0585335 0.0502064 0.0936269 -0.0946 -0.040801 0.0744396 0.0915152 0.023422 0 
