25

16000 4500

30 55 80

3

0 80710 59620 88840 64000 28420 86030 96060 68970 85320 87770 90660 32220 86270 99160 55680 40820 97140 84850 88500 93220 65020 57940 69310 98340 29010 
80610 0 52571 164130 67891 78540 9950 21730 74310 159560 53470 144000 57620 149030 31760 85401 91060 22480 98721 152310 114271 114770 124720 13680 27690 92010 
59660 53021 0 136440 16480 39220 54850 69810 103090 140780 91840 97770 27630 145750 51750 35200 47800 67860 123550 147720 138620 124500 82700 41701 74831 56750 
88170 163270 135581 0 131761 97360 169920 180250 135940 41050 171110 82830 112520 79600 188430 112081 89730 181330 135760 72840 132910 99740 54730 155160 182120 80641 
64990 67421 16210 133441 0 42110 69610 84570 116480 144230 106521 90930 37460 150841 65240 25340 44960 82620 136940 151800 152010 129830 79860 56101 89231 58300 
28010 78330 39070 97760 41090 0 84750 95260 92120 103820 104830 68440 22680 110481 88050 28760 16960 96340 109480 110760 117850 91950 46730 65100 97620 17730 
85930 10060 54950 170420 70030 84910 0 16160 78331 164320 55400 150370 63990 153790 27250 88100 97430 13270 102312 157070 117862 119530 130060 20270 23760 97350 
96050 22140 69990 180820 85070 95220 16350 0 72971 175800 45500 161540 74500 156952 39560 103680 109440 11040 96952 162060 112502 120462 140160 32640 10680 107450 
69330 74220 103570 135990 117200 92610 77750 73121 0 109521 38440 155640 85330 86091 97340 119050 105650 83811 26080 90141 41630 49601 124360 69470 68741 95910 
85470 159380 140210 39870 142350 103660 164290 175740 109042 0 146552 114240 114400 42510 181370 122670 101740 177090 104400 35750 98950 68120 78210 151270 172850 89940 
87840 53710 92810 171970 107930 104760 54980 45370 38890 146330 0 170950 85220 122961 79900 121030 119520 56060 61290 128171 76840 86471 143070 53180 40080 109940 
90400 144260 97950 82700 90070 68500 150590 162840 157060 114360 172510 0 87550 141920 148570 66790 52590 163680 169160 136150 176840 142260 41920 131000 165200 64870 
32250 57380 27630 113010 37030 22640 63800 74520 85070 113450 84800 87540 0 118340 71040 36310 35440 75600 105530 120390 117950 97090 66690 44150 76880 34890 
85900 148320 145210 78750 149551 109821 153230 157612 85511 42560 123021 141000 117810 0 171440 135991 115001 164430 69950 8400 61830 38370 99110 142420 153042 101801 
99150 31840 52020 189140 64560 88470 27280 39590 97750 181510 79100 148500 71380 172210 0 86030 98530 29840 122161 175490 137711 137950 133430 31560 49190 106080 
55780 85151 35120 111881 24430 28680 87870 103370 118790 122670 120560 66790 36260 135671 85690 0 23400 101420 136330 133730 145160 119500 58300 73250 106961 36740 
40960 90820 47750 89971 44440 17260 97240 109430 105520 101710 119530 52480 35410 115281 98210 24760 0 110240 121330 112770 129700 99110 35280 77590 111790 16350 
97210 22620 67840 181980 82920 96380 13220 11070 83611 177240 56140 162700 75660 165300 29830 101530 110530 0 107592 168810 123142 129410 141320 32900 21030 108610 
84890 98920 123940 135760 137570 109720 102001 97241 25990 104060 61390 169440 105510 69890 122040 136160 121570 107931 0 77060 15860 39550 132890 94170 92861 108250 
88700 152410 147760 72840 150940 111210 157320 162840 90061 36650 128541 136270 120610 8410 175530 134080 113150 168540 77550 0 69410 42920 94380 146510 158562 101180 
93250 114470 138790 130620 152420 118290 117551 112791 41540 98920 76940 176690 118060 61790 137590 145220 129930 123481 15890 69170 0 36560 136540 109720 108411 116610 
65140 114750 124450 98800 128830 92030 118870 120952 49041 67880 86551 142090 97050 38390 137870 119670 98680 128690 39640 42440 36390 0 103840 108850 116572 85480 
57840 124130 82420 55010 79110 46750 129450 139480 123660 77500 142880 42010 66350 100120 133040 59140 35120 140560 132340 94350 136560 103480 0 110930 141840 32470 
69320 13680 41561 156020 56881 65270 20070 32200 69650 151450 52330 130520 44350 143030 31540 73480 77790 32810 94061 146310 109611 108770 112110 0 35650 79200 
98340 27890 74391 182830 89711 97710 23770 10680 69141 172510 40170 164030 76990 153122 49210 107221 111930 20860 93122 158332 108672 116632 142650 35520 0 109940 
28600 91800 56940 80991 56750 18210 97120 107150 95240 89720 109250 64850 34710 101911 105920 37070 16080 108230 107870 100560 116240 85740 32640 78860 109510 0 

0 Ciudad_0 0 0 32400 0
1 Ciudad_1 503 20720 24125 1006
2 Ciudad_2 347 15483 19395 694
3 Ciudad_3 494 5061 9194 988
4 Ciudad_4 302 21199 23726 604
5 Ciudad_5 428 27075 29513 856
6 Ciudad_6 639 13747 16747 1278
7 Ciudad_7 453 15254 18279 906
8 Ciudad_8 762 22265 24610 1524
9 Ciudad_9 379 12579 16682 758
10 Ciudad_10 810 10318 12835 1620
11 Ciudad_11 815 6870 9969 1630
12 Ciudad_12 169 21431 26117 338
13 Ciudad_13 826 17095 21025 1652
14 Ciudad_14 497 12402 17075 994
15 Ciudad_15 299 15235 18073 598
16 Ciudad_16 452 18208 21693 904
17 Ciudad_17 320 24075 27116 640
18 Ciudad_18 709 15649 20285 1418
19 Ciudad_19 608 7569 10580 1216
20 Ciudad_20 665 5131 7434 1330
21 Ciudad_21 534 16601 19126 1068
22 Ciudad_22 318 10153 14250 636
23 Ciudad_23 695 4513 8823 1390
24 Ciudad_24 766 14436 17935 1532
25 Ciudad_25 371 6529 9731 742

0 -0.092357 -0.0507595 -0.0481672 -0.07215 0.0630915 -0.0264658 0.0399609 -0.00167358 -0.0992707 -0.0736028 -0.0866363 0.0453929 0.0134576 -0.0884856 -0.0847599 0.00384296 0.00960832 -0.0930654 0.0518646 -0.0837717 -0.0704009 -0.00619651 0.0132012 0.0499708 -0.0916059 
0.092357 0 0.0762738 -0.0768738 -0.035364 0.0491754 0.095854 -0.0570543 0.0637269 -0.0202161 -0.00272296 -0.0596098 0.0626381 -0.036378 0.0435194 0.0108248 -0.0792916 0.0679932 0.0313767 -0.0575795 0.0363845 0.0492478 -0.092011 -0.0630751 0.0407559 0.0207663 
0.0507595 -0.0762738 0 0.0938185 0.0345981 -0.0394928 -0.00236767 0.0581057 0.0604081 0.0241956 0.0641543 -0.0659349 0.00053394 0.0282083 0.098555 -0.0925459 0.00014401 0.0604431 -0.0652367 -0.0683598 -0.0578198 -0.0111181 0.0729802 0.0729965 -0.0605317 0.0900206 
0.0481672 0.0768738 -0.0938185 0 -0.0396684 -0.045315 0.0245773 -0.0708616 0.0725511 0.00290493 0.0296604 -0.0452966 0.0219004 -0.0316598 0.0913155 -0.011754 -0.0443309 0.00143308 0.00143604 0.0194708 0.0875506 0.0289666 0.0152605 -0.0651006 -0.0962864 0.0533 
0.07215 0.035364 -0.0345981 0.0396684 0 0.0752023 -0.0647161 0.0843162 -0.0873638 0.0635777 -0.0103395 -0.0477611 -0.0257218 0.0254203 -0.0926971 0.000152858 0.00036483 0.022613 0.0808702 0.0708593 0.0228819 0.0475893 -0.036712 -0.0871821 0.0213571 -0.0715398 
-0.0630915 -0.0491754 0.0394928 0.045315 -0.0752023 0 0.0182973 -0.00322339 0.0337011 -0.0130879 0.0159908 0.0204287 -0.0945287 0.019239 -0.00313362 -0.0137166 -0.052158 -0.0786955 -0.010775 -0.0283065 -0.0396177 0.0456903 0.0203791 0.000574183 -0.0492668 0.0325068 
0.0264658 -0.095854 0.00236767 -0.0245773 0.0647161 -0.0182973 0 0.0357831 -0.0385037 0.0607096 0.0393277 -0.0262551 0.0352276 -0.0676033 -0.0821458 0.0809179 -0.0306794 0.0385725 0.0514089 0.0976093 0.0595927 0.0188109 0.0630206 -0.00878439 -0.00199556 0.00197073 
-0.0399609 0.0570543 -0.0581057 0.0708616 -0.0843162 0.00322339 -0.0357831 0 -0.0449002 -0.0622838 0.0499468 0.0414332 0.055667 0.0586807 0.0429883 0.0401131 -0.0681555 -0.0915974 0.0602343 0.0337167 -0.0546835 0.0385298 -0.0451062 -0.0183485 -0.0466056 0.0423869 
0.00167358 -0.0637269 -0.0604081 -0.0725511 0.0873638 -0.0337011 0.0385037 0.0449002 0 0.0596122 0.0392391 -0.0727587 0.0713887 0.0801298 -0.0385399 -0.0508661 0.00906242 -0.0893443 -0.0512714 -0.0240874 -0.0828356 -0.0747992 -0.091484 -0.0552449 0.0210436 -0.0924512 
0.0992707 0.0202161 -0.0241956 -0.00290493 -0.0635777 0.0130879 -0.0607096 0.0622838 -0.0596122 0 -0.0422968 -0.0470438 0.0371404 -0.0332933 0.0383134 -0.0565183 0.00207978 0.0695706 -0.0934307 0.0129618 0.0287559 -0.0876161 0.0633691 -0.097334 0.0724524 0.0522305 
0.0736028 0.00272296 -0.0641543 -0.0296604 0.0103395 -0.0159908 -0.0393277 -0.0499468 -0.0392391 0.0422968 0 -0.0962745 -0.0480079 0.0165686 -0.0676789 -0.0624162 -0.0326254 0.0971865 -0.0415317 0.0806936 -0.0240592 -0.00308229 0.0128888 0.0813441 0.0142929 0.0906229 
0.0866363 0.0596098 0.0659349 0.0452966 0.0477611 -0.0204287 0.0262551 -0.0414332 0.0727587 0.0470438 0.0962745 0 0.0451766 0.0209101 -0.0558077 -0.0573548 0.0634112 0.0165889 -0.000872544 -0.0768634 -0.0611159 0.0268408 -0.0396574 -0.0923292 0.0412234 0.0984384 
-0.0453929 -0.0626381 -0.00053394 -0.0219004 0.0257218 0.0945287 -0.0352276 -0.055667 -0.0713887 -0.0371404 0.0480079 -0.0451766 0 0.00271222 0.0594521 0.0506337 -0.0171147 0.0335725 0.0562092 0.0991094 -0.0809675 -0.0401087 -0.0320483 0.0532505 0.00210939 0.0699995 
-0.0134576 0.036378 -0.0282083 0.0316598 -0.0254203 -0.019239 0.0676033 -0.0586807 -0.0801298 0.0332933 -0.0165686 -0.0209101 -0.00271222 0 0.0128911 -0.0151381 0.00391817 0.00100698 0.0424681 0.0655222 -0.0901272 0.0279276 0.0265401 -0.0519061 0.0420804 -0.00537919 
0.0884856 -0.0435194 -0.098555 -0.0913155 0.0926971 0.00313362 0.0821458 -0.0429883 0.0385399 -0.0383134 0.0676789 0.0558077 -0.0594521 -0.0128911 0 0.0772945 0.0371069 -0.0810895 0.0824999 -0.0103975 -0.0399339 -0.0730225 -0.0443028 -0.0610638 0.0827995 0.0153121 
0.0847599 -0.0108248 0.0925459 0.011754 -0.000152858 0.0137166 -0.0809179 -0.0401131 0.0508661 0.0565183 0.0624162 0.0573548 -0.0506337 0.0151381 -0.0772945 0 -0.0625059 0.0523404 -0.0946887 0.0695228 -0.0963384 -0.0780017 -0.0892643 -0.0765933 -0.0548881 0.0387795 
-0.00384296 0.0792916 -0.00014401 0.0443309 -0.00036483 0.052158 0.0306794 0.0681555 -0.00906242 -0.00207978 0.0326254 -0.0634112 0.0171147 -0.00391817 -0.0371069 0.0625059 0 -0.0997917 -0.0817878 -0.00361888 0.0933282 -0.0456392 -0.0957203 -0.0302703 0.0203655 -0.0166684 
-0.00960832 -0.0679932 -0.0604431 -0.00143308 -0.022613 0.0786955 -0.0385725 0.0915974 0.0893443 -0.0695706 -0.0971865 -0.0165889 -0.0335725 -0.00100698 0.0810895 -0.0523404 0.0997917 0 -0.0676214 -0.0521514 0.0359171 -0.0317663 -0.0564812 -0.0659194 0.00748529 0.0170924 
0.0930654 -0.0313767 0.0652367 -0.00143604 -0.0808702 0.010775 -0.0514089 -0.0602343 0.0512714 0.0934307 0.0415317 0.000872544 -0.0562092 -0.0424681 -0.0824999 0.0946887 0.0817878 0.0676214 0 -0.0520077 -0.0733219 0.0414434 -0.0716706 -0.0108173 -0.0900791 0.0599718 
-0.0518646 0.0575795 0.0683598 -0.0194708 -0.0708593 0.0283065 -0.0976093 -0.0337167 0.0240874 -0.0129618 -0.0806936 0.0768634 -0.0991094 -0.0655222 0.0103975 -0.0695228 0.00361888 0.0521514 0.0520077 0 -0.0389114 -0.0150773 0.0546005 -0.0584431 -0.0983853 -0.0699805 
0.0837717 -0.0363845 0.0578198 -0.0875506 -0.0228819 0.0396177 -0.0595927 0.0546835 0.0828356 -0.0287559 0.0240592 0.0611159 0.0809675 0.0901272 0.0399339 0.0963384 -0.0933282 -0.0359171 0.0733219 0.0389114 0 0.0807084 -0.0746034 0.0650638 0.0990946 -0.0069763 
0.0704009 -0.0492478 0.0111181 -0.0289666 -0.0475893 -0.0456903 -0.0188109 -0.0385298 0.0747992 0.0876161 0.00308229 -0.0268408 0.0401087 -0.0279276 0.0730225 0.0780017 0.0456392 0.0317663 -0.0414434 0.0150773 -0.0807084 0 -0.0963681 -0.0733416 0.0989415 0.0395538 
0.00619651 0.092011 -0.0729802 -0.0152605 0.036712 -0.0203791 -0.0630206 0.0451062 0.091484 -0.0633691 -0.0128888 0.0396574 0.0320483 -0.0265401 0.0443028 0.0892643 0.0957203 0.0564812 0.0716706 -0.0546005 0.0746034 0.0963681 0 -0.0648994 -0.0743665 0.0518683 
-0.0132012 0.0630751 -0.0729965 0.0651006 0.0871821 -0.000574183 0.00878439 0.0183485 0.0552449 0.097334 -0.0813441 0.0923292 -0.0532505 0.0519061 0.0610638 0.0765933 0.0302703 0.0659194 0.0108173 0.0584431 -0.0650638 0.0733416 0.0648994 0 0.0371062 -0.0538318 
-0.0499708 -0.0407559 0.0605317 0.0962864 -0.0213571 0.0492668 0.00199556 0.0466056 -0.0210436 -0.0724524 -0.0142929 -0.0412234 -0.00210939 -0.0420804 -0.0827995 0.0548881 -0.0203655 -0.00748529 0.0900791 0.0983853 -0.0990946 -0.0989415 0.0743665 -0.0371062 0 -0.0268673 
0.0916059 -0.0207663 -0.0900206 -0.0533 0.0715398 -0.0325068 -0.00197073 -0.0423869 0.0924512 -0.0522305 -0.0906229 -0.0984384 -0.0699995 0.00537919 -0.0153121 -0.0387795 0.0166684 -0.0170924 -0.0599718 0.0699805 0.0069763 -0.0395538 -0.0518683 0.0538318 0.0268673 0 
