25

16000 4500

30 55 80

3

0 48770 39340 22230 64390 98320 41770 93700 66370 66160 99660 75010 58210 77060 76780 58720 65100 85990 34180 98420 92610 39820 51200 55380 80930 48290 
48740 0 53340 32280 110290 99400 76170 130960 112070 83910 90410 70320 30070 123200 116280 80480 59910 132130 79880 144320 77390 79730 97100 86940 89500 68390 
39030 53410 0 28220 71790 63860 71050 79180 87490 100960 134800 110150 37800 88980 100300 89410 99040 96080 57700 100710 127750 34500 54700 84660 117910 86230 
22240 32260 28160 0 79130 88730 63440 102450 83470 78760 107140 81760 37670 94120 93880 72980 71350 102730 51280 113160 98860 48570 65940 74210 91250 60890 
64740 110470 71490 79420 0 114450 57720 64800 25060 87370 143520 118870 109010 18900 46380 75820 112210 26000 33370 45370 139720 38500 17870 60500 106030 81290 
98080 99420 63910 88880 114560 0 128100 79910 133170 158870 192070 166860 72670 131750 151120 147320 154830 138850 109290 128701 179050 78870 96000 141710 178900 143270 
41730 76130 71530 63500 57750 128570 0 107380 46000 37250 89200 64550 92540 60290 44080 25700 58720 72010 25920 100030 86230 53500 56390 15800 55910 25680 
93850 131090 79630 102620 65590 80000 107470 0 87650 140140 183170 158520 114210 79330 106840 128590 148610 73790 85770 54270 176120 54680 56590 120380 158050 125400 
66201 111851 87560 84181 25300 135531 45890 86890 0 70392 129010 104360 120811 17150 22310 60330 98530 28410 33441 61950 126040 54710 39440 44910 90152 67400 
66120 83940 101020 78740 87120 162281 37180 139690 70471 0 61170 38020 110040 82852 55920 12120 42660 93882 61750 127652 61570 85810 92220 28150 20240 19390 
99770 90630 135020 106990 143730 192400 89070 183240 129530 60980 0 25940 120240 142892 115960 70480 35770 154072 112970 184480 13310 129360 137200 86670 40880 63930 
74510 70320 109760 81710 118470 165980 63810 157980 104270 37400 25890 0 101330 118560 92740 45630 10490 130280 87710 159220 24780 104100 111940 61760 27730 38670 
58220 30380 37910 37620 109360 72280 92520 114130 120010 109770 120320 101630 0 126550 130420 103990 90290 133650 87820 138280 107300 72070 92270 103290 117660 89960 
77440 123300 89210 94840 19330 132170 60310 78320 17570 82983 143233 118780 126730 0 32730 75362 112950 11720 44890 44800 140460 56220 35590 59942 102743 81830 
76641 116530 100391 94621 46370 151222 44550 105700 22020 55791 116041 93331 131251 32780 0 49340 89150 41630 43881 75821 116660 72510 58250 33920 75551 59140 
58710 80460 89900 72920 75880 151161 25940 128570 60470 12120 70610 46270 104230 75111 49340 0 44430 86141 50510 117230 70090 74690 80980 16390 30780 14420 
64990 59910 98930 71300 112290 154500 58590 148460 99050 42650 35930 10480 89990 113340 89490 44690 0 125060 80460 149700 27750 94580 102420 56540 36340 33450 
86120 131980 95900 102020 26020 138860 71980 72990 28580 93883 154133 130450 133420 11880 41560 86262 124620 0 53570 35480 152130 62910 42280 70842 113643 93490 
34380 80200 57830 52060 33150 109601 25890 85770 33510 61830 112990 88340 88690 44640 43920 50280 80630 53570 0 75430 108140 31890 34510 38310 80490 49470 
98280 144010 100640 112960 45110 128932 99910 53770 61790 127553 183760 159110 138160 44840 75750 116920 149200 35200 75560 0 176710 67650 48250 101600 147130 123020 
92500 77580 127750 98810 139800 179350 86100 175970 126560 61540 13340 25000 107190 140850 116880 69950 27750 152570 107970 177210 0 122090 129930 84050 43350 60960 
39850 79670 34500 48620 38910 78720 53470 54560 54680 86140 129170 104520 72020 56100 72510 74590 94610 63200 31770 67830 122120 0 21820 66380 104050 71400 
51350 97080 55030 66030 18070 95930 56590 56430 39380 92530 136830 112180 92550 35260 58570 80980 102270 42360 34480 48350 129780 22040 0 69100 111130 78480 
55380 86690 85180 74050 60720 144241 15840 119800 44720 28070 86650 62000 103090 59361 33590 16360 56170 70391 38230 102070 83680 66340 68780 0 46730 26170 
81150 89490 118000 91250 106010 178970 56070 158150 90511 20620 41440 28280 117790 102892 75960 31010 36320 113922 80640 147360 43970 104270 111110 47040 0 34420 
48060 68220 86390 60680 81280 146200 25550 125060 67500 19410 63930 39280 89720 81790 59190 14780 33450 93510 49450 123050 60960 71190 79080 26240 34180 0 

0 Ciudad_0 0 0 32400 0
1 Ciudad_1 481 3364 6769 962
2 Ciudad_2 542 11572 15484 1084
3 Ciudad_3 215 2229 6362 430
4 Ciudad_4 567 12289 14816 1134
5 Ciudad_5 264 10155 12593 528
6 Ciudad_6 188 13556 16556 376
7 Ciudad_7 586 17184 20209 1172
8 Ciudad_8 310 21577 23922 620
9 Ciudad_9 552 22749 26852 1104
10 Ciudad_10 794 10651 13168 1588
11 Ciudad_11 429 22264 25363 858
12 Ciudad_12 530 12735 17421 1060
13 Ciudad_13 226 17343 21273 452
14 Ciudad_14 256 5111 9784 512
15 Ciudad_15 787 15789 18627 1574
16 Ciudad_16 192 11415 14900 384
17 Ciudad_17 417 23181 26222 834
18 Ciudad_18 634 20678 25314 1268
19 Ciudad_19 504 15029 18040 1008
20 Ciudad_20 655 13279 15582 1310
21 Ciudad_21 597 7919 10444 1194
22 Ciudad_22 363 14400 18497 726
23 Ciudad_23 716 18225 22535 1432
24 Ciudad_24 372 12612 16111 744
25 Ciudad_25 561 22813 26015 1122

0 0.0202112 -0.0393328 0.0112947 0.0856671 0.0886215 0.0635321 -0.0127226 -0.062995 0.0987913 0.058854 -0.0321128 0.0740285 -0.0547203 -0.0667221 -0.0120298 0.0615512 0.0124928 0.02957 0.0824234 0.09249 -0.0399376 -0.0745201 0.0407598 0.00628347 0.089754 
-0.0202112 0 0.0442795 -0.00089845 0.010595 0.0562877 -0.0192038 -0.0239164 -0.0852265 -0.0784319 0.0286051 0.00384567 -0.075602 0.0714666 -0.0569867 -0.0156591 0.0962638 -0.0261234 -0.028451 0.0489772 -0.0844016 0.0428174 0.0304196 -0.0465517 -0.0737142 0.0436819 
0.0393328 -0.0442795 0 0.0400423 -0.04102 -0.0678533 -0.0293886 0.00296466 -0.0648096 0.0873679 0.0192123 -0.0585931 -0.0398626 -0.0546177 0.0913692 0.0478694 0.0661447 0.0109185 0.0688307 0.0930026 0.0401041 0.0813817 -0.0477372 -0.0908454 -0.0622959 0.0260204 
-0.0112947 0.00089845 -0.0400423 0 -0.090366 -0.0622937 0.0301281 0.0320019 -0.0617999 -0.0345092 -0.0512482 0.0763719 -0.0510202 0.0868968 -0.0141436 -0.0103253 -0.0305629 0.000402535 -0.0872866 0.0123645 0.00441674 0.0432032 -0.00540816 0.0582054 -0.0332314 -0.082756 
-0.0856671 -0.010595 0.04102 0.090366 0 -0.0727962 -0.0060176 0.043298 0.0357256 -0.0807213 0.0767032 0.0934116 0.0896766 0.096048 0.00214243 0.0255311 0.0457339 -0.0415775 -0.0356747 -0.0847677 -0.087894 0.087013 0.0398824 0.0665455 -0.0252878 -0.00280953 
-0.0886215 -0.0562877 0.0678533 0.0622937 0.0727962 0 -0.0036083 -0.0765953 -0.061393 0.017718 -0.0616448 0.088394 -0.0361067 -0.074756 0.0348799 -0.087509 -0.0239485 0.0372217 -0.0862636 0.0547398 -0.0684724 0.0517421 -0.0221426 -0.0991829 0.0251054 0.0883072 
-0.0635321 0.0192038 0.0293886 -0.0301281 0.0060176 0.0036083 0 0.0594156 0.0139837 -0.0817807 -0.0621066 -0.0338582 -0.0491481 -0.0445094 0.0466375 -0.0324917 0.0735535 0.0370606 -0.0256443 -0.0827474 0.08781 -0.0323931 -0.0760408 -0.0246671 0.0452447 -0.0330754 
0.0127226 0.0239164 -0.00296466 -0.0320019 -0.043298 0.0765953 -0.0594156 0 0.0313817 -0.00784128 0.0118629 -0.00784854 0.0938523 0.0990617 0.045725 0.0894952 -0.0952759 0.00356411 0.0100019 -0.0831211 0.0504807 -0.0985235 0.0161264 0.033272 0.0585812 0.0796122 
0.062995 0.0852265 0.0648096 0.0617999 -0.0357256 0.061393 -0.0139837 -0.0313817 0 -0.0730343 -0.0538157 0.0156035 0.0499254 0.0376825 -0.0272993 -0.0908726 -0.0855817 -0.0347449 -0.0635141 -0.0382674 -0.0735237 0.060958 0.0330038 0.0729811 0.0589219 0.0735998 
-0.0987913 0.0784319 -0.0873679 0.0345092 0.0807213 -0.017718 0.0817807 0.00784128 0.0730343 0 -0.051316 0.0879094 -0.0232726 0.0197552 -0.0430214 -0.0656854 -0.0897149 -0.0346049 -0.00965988 0.077438 0.0511281 0.0493169 -0.0817727 0.0744229 0.0452947 0.0787529 
-0.058854 -0.0286051 -0.0192123 0.0512482 -0.0767032 0.0616448 0.0621066 -0.0118629 0.0538157 0.051316 0 -0.075753 -0.0818098 0.0701296 0.0145533 -0.0385867 -0.077722 -0.0698765 0.0791875 -0.074587 0.0720246 -0.093468 -0.0872963 -0.0765681 0.0641008 0.0291701 
0.0321128 -0.00384567 0.0585931 -0.0763719 -0.0934116 -0.088394 0.0338582 0.00784854 -0.0156035 -0.0879094 0.075753 0 0.0478705 0.0541367 0.000616748 0.0205329 0.0550209 -0.0754059 -0.050984 0.0982842 -0.0790374 0.057071 0.0216333 -0.0505838 -0.0204616 0.0949661 
-0.0740285 0.075602 0.0398626 0.0510202 -0.0896766 0.0361067 0.0491481 -0.0938523 -0.0499254 0.0232726 0.0818098 -0.0478705 0 -0.0317872 -0.0543932 0.0366476 0.032498 -0.0841609 0.0713756 0.0225988 0.0868867 -0.0324448 -0.0848716 0.0709322 -0.0139265 -0.0136178 
0.0547203 -0.0714666 0.0546177 -0.0868968 -0.096048 0.074756 0.0445094 -0.0990617 -0.0376825 -0.0197552 -0.0701296 -0.0541367 0.0317872 0 0.0294878 0.0274975 0.0181962 0.0663936 0.0153887 -0.0442334 -0.0794264 -0.0325245 -0.0579981 -0.09255 -0.0382317 0.0341647 
0.0667221 0.0569867 -0.0913692 0.0141436 -0.00214243 -0.0348799 -0.0466375 -0.045725 0.0272993 0.0430214 -0.0145533 -0.000616748 0.0543932 -0.0294878 0 -0.0378381 0.0674381 0.0138281 -0.0570686 0.0915976 0.0983558 -0.015076 -0.0600843 0.089844 0.0866772 0.0865149 
0.0120298 0.0156591 -0.0478694 0.0103253 -0.0255311 0.087509 0.0324917 -0.0894952 0.0908726 0.0656854 0.0385867 -0.0205329 -0.0366476 -0.0274975 0.0378381 0 -0.030567 0.0410685 -0.0508604 -0.0900154 -0.087554 -0.058488 0.0179191 -0.0318934 0.0430709 -0.0684366 
-0.0615512 -0.0962638 -0.0661447 0.0305629 -0.0457339 0.0239485 -0.0735535 0.0952759 0.0855817 0.0897149 0.077722 -0.0550209 -0.032498 -0.0181962 -0.0674381 0.030567 0 -0.0751762 0.0974741 0.0840951 -0.0582355 -0.00357882 0.0303946 -0.0402274 0.0280374 -0.0043687 
-0.0124928 0.0261234 -0.0109185 -0.000402535 0.0415775 -0.0372217 -0.0370606 -0.00356411 0.0347449 0.0346049 0.0698765 0.0754059 0.0841609 -0.0663936 -0.0138281 -0.0410685 0.0751762 0 0.0899272 0.00734874 -0.0142217 0.0743529 -0.0466626 0.0489349 0.0139356 -0.0262303 
-0.02957 0.028451 -0.0688307 0.0872866 0.0356747 0.0862636 0.0256443 -0.0100019 0.0635141 0.00965988 -0.0791875 0.050984 -0.0713756 -0.0153887 0.0570686 0.0508604 -0.0974741 -0.0899272 0 0.0320232 -0.0331811 0.0947757 -0.0559811 -0.0439497 -0.0911629 -0.0120254 
-0.0824234 -0.0489772 -0.0930026 -0.0123645 0.0847677 -0.0547398 0.0827474 0.0831211 0.0382674 -0.077438 0.074587 -0.0982842 -0.0225988 0.0442334 -0.0915976 0.0900154 -0.0840951 -0.00734874 -0.0320232 0 -0.0403711 -0.0991037 0.0221302 -0.0242001 0.0816227 0.0117054 
-0.09249 0.0844016 -0.0401041 -0.00441674 0.087894 0.0684724 -0.08781 -0.0504807 0.0735237 -0.0511281 -0.0720246 0.0790374 -0.0868867 0.0794264 -0.0983558 0.087554 0.0582355 0.0142217 0.0331811 0.0403711 0 -0.0968823 -0.0681983 -0.0148065 -0.0384635 -0.0436245 
0.0399376 -0.0428174 -0.0813817 -0.0432032 -0.087013 -0.0517421 0.0323931 0.0985235 -0.060958 -0.0493169 0.093468 -0.057071 0.0324448 0.0325245 0.015076 0.058488 0.00357882 -0.0743529 -0.0947757 0.0991037 0.0968823 0 0.00515575 -0.0965518 1.40839e-05 -0.00874162 
0.0745201 -0.0304196 0.0477372 0.00540816 -0.0398824 0.0221426 0.0760408 -0.0161264 -0.0330038 0.0817727 0.0872963 -0.0216333 0.0848716 0.0579981 0.0600843 -0.0179191 -0.0303946 0.0466626 0.0559811 -0.0221302 0.0681983 -0.00515575 0 -0.0407939 0.0889142 -0.0456666 
-0.0407598 0.0465517 0.0908454 -0.0582054 -0.0665455 0.0991829 0.0246671 -0.033272 -0.0729811 -0.0744229 0.0765681 0.0505838 -0.0709322 0.09255 -0.089844 0.0318934 0.0402274 -0.0489349 0.0439497 0.0242001 0.0148065 0.0965518 0.0407939 0 0.0895439 0.0165118 
-0.00628347 0.0737142 0.0622959 0.0332314 0.0252878 -0.0251054 -0.0452447 -0.0585812 -0.0589219 -0.0452947 -0.0641008 0.0204616 0.0139265 0.0382317 -0.0866772 -0.0430709 -0.0280374 -0.0139356 0.0911629 -0.0816227 0.0384635 -1.40839e-05 -0.0889142 -0.0895439 0 -0.0135957 
-0.089754 -0.0436819 -0.0260204 0.082756 0.00280953 -0.0883072 0.0330754 -0.0796122 -0.0735998 -0.0787529 -0.0291701 -0.0949661 0.0136178 -0.0341647 -0.0865149 0.0684366 0.0043687 0.0262303 0.0120254 -0.0117054 0.0436245 0.00874162 0.0456666 -0.0165118 0.0135957 0 
