25

16000 4500

30 55 80

3

0 75060 84260 13460 65680 55550 29690 76890 10270 12810 59590 64550 21780 43780 54590 25380 33610 47670 22700 99820 22430 23450 74590 22640 49560 50710 
75200 0 151290 85940 16570 25590 63750 144010 81721 69020 24330 12820 56380 40840 26300 97590 43130 118500 58550 173390 94820 66420 42360 76210 27330 27290 
82690 151181 0 84100 141761 137322 89710 11490 74860 94080 141362 142631 103810 115900 133451 90960 114992 39130 94121 43670 90860 86261 138450 78510 126931 126581 
12740 86680 84280 0 77300 67170 40090 76910 11740 19460 71210 76170 33350 55400 66210 12340 45230 47690 33780 93610 9700 32740 86210 29580 61180 62330 
66020 16810 141970 76760 0 24180 54430 134690 72401 59840 23620 13870 47200 27790 18700 88410 33970 109180 49230 163291 85640 57100 29220 66890 18170 17260 
55570 25620 137382 66310 24210 0 50540 130102 64050 48700 4520 14130 35730 31000 7150 77960 24360 101450 44650 153600 75190 53210 45930 62342 14740 16710 
29390 63570 89760 40290 54150 49970 0 82480 32800 35560 54010 55020 30340 27410 45840 52210 28550 58290 10820 113750 49460 9270 51690 16140 39320 38970 
75160 143481 11420 76570 134061 129622 82010 0 67330 86550 133662 134931 96280 108200 125751 83430 107292 31600 86421 49460 83330 78561 130750 70810 119231 118881 
8990 81681 75900 11730 72261 64170 32620 68530 0 21460 68210 73131 30400 49820 63210 21940 42230 39310 26870 93200 20530 25070 80630 21450 57431 57081 
13270 68910 94440 19580 59530 48540 35250 87070 21500 0 52580 57540 14230 42050 47580 31230 27460 57850 25810 108120 28460 33800 72860 34120 43410 44560 
59570 24400 141382 70310 23620 4460 54540 134102 68050 52700 0 12910 39730 34180 11150 81960 28360 105450 48650 157600 79190 57210 47820 66342 18740 19890 
64480 12760 142960 75220 13820 14270 55420 135680 72960 57610 13010 0 44640 33290 14150 86870 33270 110170 50220 162510 84100 58090 43040 67880 19000 19000 
21430 56320 103900 32170 46940 35770 30030 96530 29910 14100 39810 44770 0 30360 34810 43820 14870 67310 22020 119460 41050 30670 61170 37771 30720 31970 
44800 40600 115940 55580 27830 31120 27370 108660 49920 42240 34100 33140 30440 0 24090 67230 21370 85150 25420 140610 64460 33290 31900 43000 19440 16010 
54510 26000 133530 65250 18710 7070 45980 126240 62990 47640 11080 14040 34670 24050 0 76900 23300 100390 40780 152540 74130 48650 40170 58440 9560 9760 
24410 98470 91250 12390 89090 78960 52010 83880 21910 31250 83000 87960 45140 67190 78000 0 57020 54660 45700 88660 3920 44660 98000 41500 72970 74120 
35880 43350 117062 46620 33970 22620 30910 109782 44360 29700 26660 31620 17060 22380 21660 58270 0 81760 24330 133910 55500 32980 52460 42022 17570 19820 
46150 117921 39180 47560 108501 101040 58300 31810 38320 57540 105080 109371 67270 85220 100080 54420 79100 0 61340 57360 54320 53480 109240 42970 93671 93321 
22860 58620 94200 34010 49200 44270 10730 86920 27130 25880 48310 50070 22070 25460 40890 45930 21940 61410 0 116830 43180 9330 56270 19120 34370 34020 
99310 173500 43750 93890 163471 153990 113720 49630 92880 108020 158030 162990 120220 140640 153030 88780 132050 57420 116760 0 92150 108900 164660 98390 148000 148291 
21710 95770 91010 9770 86390 76260 49400 83640 20540 28550 80300 85260 42440 64490 75300 3900 54320 54420 43090 92100 0 42050 95300 38890 70270 71420 
22270 66360 86370 32780 56940 52760 9300 79090 25290 33850 56800 57810 30670 33200 48630 44700 30540 53580 9300 109040 41950 0 60500 11290 42110 41760 
75560 42280 138510 86340 29510 46320 51670 131230 80680 73000 47930 43390 61200 31900 40070 97990 51250 109320 56180 164780 95220 60430 0 67300 38240 35790 
21060 76210 78280 29720 66790 62401 16230 71000 21410 33790 66441 67660 38150 43050 58480 41640 40071 43040 19150 98500 38890 11290 67430 0 51960 51610 
49530 27680 126970 60270 18300 14850 39430 119690 57151 43350 18890 19130 30710 19380 9950 71920 17460 93941 34230 147560 69150 42100 38510 51890 0 5700 
50970 27370 126920 61710 17170 16800 39380 119640 57351 44790 19780 18820 32150 15980 9770 73360 19320 94130 34180 148241 70590 42050 35890 51840 5750 0 

0 Ciudad_0 0 0 32400 0
1 Ciudad_1 670 20788 24193 1340
2 Ciudad_2 439 9299 13211 878
3 Ciudad_3 725 22575 26708 1450
4 Ciudad_4 622 14842 17369 1244
5 Ciudad_5 337 10720 13158 674
6 Ciudad_6 317 17411 20411 634
7 Ciudad_7 649 23177 26202 1298
8 Ciudad_8 301 18213 20558 602
9 Ciudad_9 374 26093 30196 748
10 Ciudad_10 819 13175 15692 1638
11 Ciudad_11 679 22818 25917 1358
12 Ciudad_12 798 17066 21752 1596
13 Ciudad_13 222 5844 9774 444
14 Ciudad_14 132 4100 8773 264
15 Ciudad_15 230 24456 27294 460
16 Ciudad_16 327 16554 20039 654
17 Ciudad_17 144 15978 19019 288
18 Ciudad_18 636 20604 25240 1272
19 Ciudad_19 295 9568 12579 590
20 Ciudad_20 493 13545 15848 986
21 Ciudad_21 694 7837 10362 1388
22 Ciudad_22 610 19798 23895 1220
23 Ciudad_23 650 19110 23420 1300
24 Ciudad_24 499 8247 11746 998
25 Ciudad_25 413 13756 16958 826

0 -0.0659222 -0.00188712 -0.0703713 -0.00947903 0.0324015 -0.00719619 -0.0587652 -0.0840958 -0.0378348 -0.0770824 0.00909764 0.0087863 0.0899768 -0.0453739 0.0127968 -0.0401884 -0.0137094 0.0058331 0.00755404 -0.0833195 -0.0335958 -0.0544171 0.0894424 -0.0193315 0.0467652 
0.0659222 0 -0.0296511 -0.0507228 0.0583657 0.0439792 -0.0712302 -0.0684594 -0.0858418 -0.02217 0.0479648 0.0518934 0.00774659 -0.0594495 0.00673698 -0.0863375 0.0301041 0.0357753 -0.0817258 -0.0465687 0.0849869 -0.0662403 0.0753179 0.0548448 0.0832593 -0.0941239 
0.00188712 0.0296511 0 0.0815303 0.0467957 0.0166246 -0.0862457 -0.0528349 -0.039913 0.0910362 -0.037829 0.0206806 -0.00396774 0.0479507 0.0325315 -0.0378733 0.0475548 -0.0600556 -0.0290842 -0.0414253 0.0047935 0.076933 0.0841165 -0.000475332 -0.0775412 -0.0645183 
0.0703713 0.0507228 -0.0815303 0 0.0156273 0.0215811 0.00571627 0.0493791 0.00517934 0.0661898 0.0106415 0.0800716 -0.0864873 0.0506882 0.0246968 0.014781 -0.0439478 -0.0600025 0.0296299 0.0610019 0.0793775 -0.00126385 0.0865663 -0.069597 0.018097 0.0407778 
0.00947903 -0.0583657 -0.0467957 -0.0156273 0 0.0431995 0.0508499 0.0185223 0.0672469 0.0436569 -0.0437335 -0.0520224 0.0763495 -0.0281495 0.0644406 -0.0869016 0.0329896 -0.0707779 0.00272244 0.0488298 -0.0770934 -0.0933257 -0.0434626 0.0426708 0.0441745 -0.0395849 
-0.0324015 -0.0439792 -0.0166246 -0.0215811 -0.0431995 0 -0.0941254 0.015517 -0.0222602 -0.0414419 0.030831 0.0107949 -0.0242028 -0.0699333 -0.037366 0.0529743 -0.0453138 0.0247215 0.0980935 0.0791658 -0.0190477 0.0947207 -0.078185 0.0738402 -0.0689512 -0.0842253 
0.00719619 0.0712302 0.0862457 -0.00571627 -0.0508499 0.0941254 0 -0.0389144 0.0411205 0.0673602 -0.0106646 0.026594 0.00767364 -0.0434908 -0.0367275 0.0278941 0.0607999 -0.0933515 0.0513659 0.0529464 -0.0816415 0.0765393 -0.0587079 0.065156 0.0325249 -0.00863213 
0.0587652 0.0684594 0.0528349 -0.0493791 -0.0185223 -0.015517 0.0389144 0 0.0820017 -0.0650661 0.0118548 -0.061258 -0.0253137 0.0634105 -0.0588271 0.0128433 -0.0944111 0.00987079 -0.0305689 0.0434271 0.0924245 -0.0390944 -0.069462 -0.0769684 -0.0288441 -0.0525008 
0.0840958 0.0858418 0.039913 -0.00517934 -0.0672469 0.0222602 -0.0411205 -0.0820017 0 -0.0588176 0.0259609 -0.0872282 -0.0279959 -0.0240105 0.0314014 -0.0586267 0.0193043 0.091699 -0.060885 0.0063026 0.0276031 0.0780586 -0.0560816 -0.0645936 -0.0750935 -0.0348155 
0.0378348 0.02217 -0.0910362 -0.0661898 -0.0436569 0.0414419 -0.0673602 0.0650661 0.0588176 0 0.00380446 0.0223265 0.0203148 -0.00396618 -0.0906604 0.0180313 -0.0287347 -0.0976551 0.0908731 -0.043797 0.0622043 0.0205339 -0.0710952 -0.0758032 -0.0604179 0.0268104 
0.0770824 -0.0479648 0.037829 -0.0106415 0.0437335 -0.030831 0.0106646 -0.0118548 -0.0259609 -0.00380446 0 -0.0499056 -0.0147585 0.0659515 -0.0796913 -0.0167393 0.0319352 0.0202445 -0.0409673 -0.0504493 0.0269918 0.0745439 0.0613982 -0.0489129 0.060399 -0.0606266 
-0.00909764 -0.0518934 -0.0206806 -0.0800716 0.0520224 -0.0107949 -0.026594 0.061258 0.0872282 -0.0223265 0.0499056 0 0.0317364 0.0205169 0.0120791 -0.0642139 -0.0520763 -0.000622632 0.0909109 0.0281676 0.0225109 -2.32408e-05 0.0431201 -0.00716275 0.00795458 -0.0411629 
-0.0087863 -0.00774659 0.00396774 0.0864873 -0.0763495 0.0242028 -0.00767364 0.0253137 0.0279959 -0.0203148 0.0147585 -0.0317364 0 -0.0107235 -0.0361583 -0.017354 0.0670317 -0.0825583 -0.0586888 -0.00413498 -0.0724757 -0.0457773 -0.0180711 0.092077 0.0904978 0.041728 
-0.0899768 0.0594495 -0.0479507 -0.0506882 0.0281495 0.0699333 0.0434908 -0.0634105 0.0240105 0.00396618 -0.0659515 -0.0205169 0.0107235 0 0.0893899 -0.0706755 0.0350224 -0.0246398 0.0922181 -0.0678912 0.0179269 -0.0199581 -0.0645265 0.071561 0.030251 -0.0778008 
0.0453739 -0.00673698 -0.0325315 -0.0246968 -0.0644406 0.037366 0.0367275 0.0588271 -0.0314014 0.0906604 0.0796913 -0.0120791 0.0361583 -0.0893899 0 0.0250451 -0.0588315 0.0234395 -0.0281063 -0.0829291 -0.0881423 -0.0194533 0.066653 -0.0903223 0.0484497 -0.0800086 
-0.0127968 0.0863375 0.0378733 -0.014781 0.0869016 -0.0529743 -0.0278941 -0.0128433 0.0586267 -0.0180313 0.0167393 0.0642139 0.017354 0.0706755 -0.0250451 0 -0.0573606 0.0275064 0.0800909 0.0312294 0.0155924 0.00706122 0.0843885 -0.0212831 -0.049338 -0.0885773 
0.0401884 -0.0301041 -0.0475548 0.0439478 -0.0329896 0.0453138 -0.0607999 0.0944111 -0.0193043 0.0287347 -0.0319352 0.0520763 -0.0670317 -0.0350224 0.0588315 0.0573606 0 0.0478296 -0.0399802 -0.0205285 -0.00320729 0.0599873 -0.0652987 0.0802028 -0.0106607 -0.0796536 
0.0137094 -0.0357753 0.0600556 0.0600025 0.0707779 -0.0247215 0.0933515 -0.00987079 -0.091699 0.0976551 -0.0202445 0.000622632 0.0825583 0.0246398 -0.0234395 -0.0275064 -0.0478296 0 0.0559343 -0.0268214 -0.00452658 -0.0595072 0.00641193 0.0347385 0.0998709 -0.0155537 
-0.0058331 0.0817258 0.0290842 -0.0296299 -0.00272244 -0.0980935 -0.0513659 0.0305689 0.060885 -0.0908731 0.0409673 -0.0909109 0.0586888 -0.0922181 0.0281063 -0.0800909 0.0399802 -0.0559343 0 0.00278159 0.0676648 -0.0277488 0.090627 0.095579 0.0205175 -0.0683751 
-0.00755404 0.0465687 0.0414253 -0.0610019 -0.0488298 -0.0791658 -0.0529464 -0.0434271 -0.0063026 0.043797 0.0504493 -0.0281676 0.00413498 0.0678912 0.0829291 -0.0312294 0.0205285 0.0268214 -0.00278159 0 -0.0439242 -0.0640365 -0.0668939 -0.0595978 -0.0704713 0.0782443 
0.0833195 -0.0849869 -0.0047935 -0.0793775 0.0770934 0.0190477 0.0816415 -0.0924245 -0.0276031 -0.0622043 -0.0269918 -0.0225109 0.0724757 -0.0179269 0.0881423 -0.0155924 0.00320729 0.00452658 -0.0676648 0.0439242 0 0.0586588 -0.0365013 -0.0539682 -0.0279959 -0.00686874 
0.0335958 0.0662403 -0.076933 0.00126385 0.0933257 -0.0947207 -0.0765393 0.0390944 -0.0780586 -0.0205339 -0.0745439 2.32408e-05 0.0457773 0.0199581 0.0194533 -0.00706122 -0.0599873 0.0595072 0.0277488 0.0640365 -0.0586588 0 0.0658678 -0.0401841 -0.0969204 0.0752979 
0.0544171 -0.0753179 -0.0841165 -0.0865663 0.0434626 0.078185 0.0587079 0.069462 0.0560816 0.0710952 -0.0613982 -0.0431201 0.0180711 0.0645265 -0.066653 -0.0843885 0.0652987 -0.00641193 -0.090627 0.0668939 0.0365013 -0.0658678 0 -0.0436586 0.0220377 -0.080074 
-0.0894424 -0.0548448 0.000475332 0.069597 -0.0426708 -0.0738402 -0.065156 0.0769684 0.0645936 0.0758032 0.0489129 0.00716275 -0.092077 -0.071561 0.0903223 0.0212831 -0.0802028 -0.0347385 -0.095579 0.0595978 0.0539682 0.0401841 0.0436586 0 -0.0999836 -0.0388422 
0.0193315 -0.0832593 0.0775412 -0.018097 -0.0441745 0.0689512 -0.0325249 0.0288441 0.0750935 0.0604179 -0.060399 -0.00795458 -0.0904978 -0.030251 -0.0484497 0.049338 0.0106607 -0.0998709 -0.0205175 0.0704713 0.0279959 0.0969204 -0.0220377 0.0999836 0 -0.00642772 
-0.0467652 0.0941239 0.0645183 -0.0407778 0.0395849 0.0842253 0.00863213 0.0525008 0.0348155 -0.0268104 0.0606266 0.0411629 -0.041728 0.0778008 0.0800086 0.0885773 0.0796536 0.0155537 0.0683751 -0.0782443 0.00686874 -0.0752979 0.080074 0.0388422 0.00642772 0 
