25

16000 4500

30 55 80

3

0 57660 81520 70050 80960 61440 91570 90910 88300 94190 84390 97930 49920 34320 87310 24160 60070 55440 35760 68620 61750 90650 53220 87640 98610 93240 
57760 0 46490 63830 35900 52320 77600 38640 105341 72840 63550 73360 56490 76390 76470 34390 60230 26240 23040 27850 20600 72030 100020 34620 96621 65540 
81390 46050 0 29010 13360 23310 35140 22320 74811 27500 20970 28020 34040 111170 34010 69870 32850 42250 58110 25780 31960 28610 130070 22170 55130 20200 
70170 63430 28650 0 36240 13290 22800 48650 49601 28890 19640 33180 22490 99950 18540 70000 11990 42220 61710 43060 45560 24730 118850 46770 35301 28530 
81330 35860 13260 36280 0 28730 43660 15800 82081 39450 29610 40130 39460 101230 42530 57960 40120 33030 46200 13870 20050 38090 124860 13920 63650 32310 
61470 52340 23450 13700 28970 0 35220 41450 57411 34970 25170 38710 14120 91250 30960 61140 14160 30590 49410 34300 34470 31980 110150 39570 48451 33950 
92140 77280 35040 22370 43750 34880 0 55610 46000 18360 15360 23020 44460 121920 6950 91960 33960 61930 81570 56780 61590 10980 140820 54280 24420 19720 
90990 38630 22290 48850 15920 41300 55720 0 94651 48080 41550 48600 52030 110890 54590 67620 52690 44230 55860 25070 29730 49190 134520 6820 75710 40780 
88300 105251 74301 49621 81791 57101 45730 94271 0 61940 56520 66600 54670 119820 43620 89770 47361 80580 92970 87601 87771 55350 140660 92391 25310 63300 
94150 72300 27400 29050 39610 34910 19100 47970 62630 0 10730 5220 46490 124030 22470 90650 36910 59420 79060 52030 57800 10940 142930 47820 41520 8920 
83800 62950 20700 19070 29420 24560 15070 41270 56150 10730 0 14320 36140 113580 13940 80460 26840 49230 68870 42450 47600 9340 132480 39950 35060 9670 
97960 72820 27920 33230 40130 38720 23590 48490 67120 5300 14320 0 50300 127840 26960 94220 41000 62990 82630 52550 58730 15430 146740 48340 46010 8580 
49940 56530 34180 22400 39700 14100 43920 52180 54750 46660 36860 50400 0 79720 39660 49770 12420 31250 49470 39910 40080 43000 98620 50300 52320 45750 
34330 76210 111310 99840 100650 91230 121360 110600 119830 124060 114180 127800 79710 0 117100 52550 89860 75130 55450 88310 81440 120440 24280 107330 128400 123030 
87800 76190 33950 18040 42660 30540 6890 54520 43720 22350 14550 27010 40120 117580 0 87620 29620 57970 77610 55400 59620 15920 136480 53190 22900 23440 
24070 34260 69410 69890 57560 60800 91410 67510 89780 89870 80270 93460 49760 52690 87150 0 59910 32040 12360 45220 38350 87510 71720 64240 98450 88460 
60020 60080 32540 11770 40030 14050 33290 52510 47391 36110 26860 40400 12340 89800 29030 59840 0 36490 55310 42430 42600 32370 108700 50630 43760 35750 
55570 26330 42190 42470 32830 30610 61800 44070 80560 59000 49400 62590 31250 75470 57770 32200 36590 0 20610 21670 15450 56640 99100 39660 75261 57790 
35750 22940 57920 61730 46070 49310 81220 56020 92970 78420 68820 82010 49470 55650 77190 12380 55290 20590 0 33730 26860 76060 79280 52750 95871 76970 
68940 27730 25660 43070 13810 34220 56600 25010 87621 52010 42550 52530 39910 88840 55360 45570 42510 21750 33810 0 7660 51030 112470 20640 75341 44710 
62060 20380 31570 45840 19720 34330 61550 29840 87731 57700 47860 58440 40020 81960 59570 38690 42620 15870 26930 7380 0 56150 105590 26550 78521 50620 
91460 72060 28720 25700 38530 32280 10720 49290 55140 10310 9460 14970 43780 121240 15410 88560 33640 57330 76970 51560 56560 0 140140 49060 34030 11670 
53400 100060 130380 118910 124500 110300 140430 134450 140833 143130 133250 146870 98780 24310 136170 71910 108930 98980 79300 112160 105290 139510 0 131180 147470 142100 
88000 34590 22190 46680 13750 39130 54060 6770 92481 48100 40010 48620 49860 107900 52930 64630 50520 39830 52870 20670 26740 48490 131530 0 74050 40800 
97500 96481 54570 34501 63280 47591 24380 75140 24890 40590 35170 45250 51190 127280 22380 97320 42640 75271 96161 74911 78171 34000 146180 73810 0 41950 
93240 64990 20090 28510 32300 34000 19860 40660 63390 8930 9600 8570 45580 123020 23230 88810 36280 58190 77050 44720 50900 11700 141920 40510 42280 0 

0 Ciudad_0 0 0 32400 0
1 Ciudad_1 192 3172 6577 384
2 Ciudad_2 324 19700 23612 648
3 Ciudad_3 483 17540 21673 966
4 Ciudad_4 223 12542 15069 446
5 Ciudad_5 288 25226 27664 576
6 Ciudad_6 620 11041 14041 1240
7 Ciudad_7 486 21820 24845 972
8 Ciudad_8 260 20061 22406 520
9 Ciudad_9 469 12160 16263 938
10 Ciudad_10 804 5230 7747 1608
11 Ciudad_11 723 5565 8664 1446
12 Ciudad_12 275 16151 20837 550
13 Ciudad_13 708 3851 7781 1416
14 Ciudad_14 537 21548 26221 1074
15 Ciudad_15 724 2687 5525 1448
16 Ciudad_16 498 24981 28466 996
17 Ciudad_17 548 24945 27986 1096
18 Ciudad_18 454 9662 14298 908
19 Ciudad_19 210 19696 22707 420
20 Ciudad_20 130 16617 18920 260
21 Ciudad_21 602 15845 18370 1204
22 Ciudad_22 447 6442 10539 894
23 Ciudad_23 753 22926 27236 1506
24 Ciudad_24 469 23762 27261 938
25 Ciudad_25 201 7489 10691 402

0 -0.0497266 -0.0488323 0.0245093 -0.0196158 -0.0225009 -0.0925195 -0.0163107 -0.0681897 -0.0338295 -0.0625714 -0.0399474 -0.0920198 -0.0384321 0.0462262 0.024415 0.0323978 0.0357605 0.0490143 -0.0217082 0.0012323 0.0597457 0.0596267 0.092609 0.0468921 -0.0209165 
0.0497266 0 -0.0911561 0.033564 0.00795471 0.0494828 -0.0632319 -0.044315 -0.0785526 0.0338075 0.0630243 -0.0523158 -0.0213607 -0.0218649 -0.0268543 -0.0742113 -0.0671125 -0.0377 0.0463105 0.0436375 0.0378041 0.00194974 0.0443304 -0.0138573 0.0693109 -0.00669519 
0.0488323 0.0911561 0 -0.0881423 -0.0818491 0.0797596 0.0123586 0.0372579 -0.0876458 0.0281767 0.00242619 -0.0987491 -0.0169055 -0.0250076 -0.0812414 0.0131375 0.0653935 -0.0379409 0.0077582 0.0819031 0.0242472 -0.0737392 0.0478854 -0.0247958 -0.0860187 0.00380362 
-0.0245093 -0.033564 0.0881423 0 0.0260062 -0.00294356 -0.0228836 -0.0822003 0.0119402 0.0375361 0.00774668 -0.00289023 -0.042856 -0.09198 -0.0421889 -0.0175244 -0.0306955 -0.0380957 0.063027 -0.0778292 0.0965812 -0.096417 0.014729 0.0205595 -0.0680841 0.0403416 
0.0196158 -0.00795471 0.0818491 -0.0260062 0 -0.0290444 0.0266611 0.0358033 0.0207826 0.032898 -0.0884037 -0.0482282 0.0570862 -0.0273774 0.0193853 -0.0619772 -0.0889352 -0.0899923 -0.0784466 -0.00812917 -0.0179031 -0.0458072 0.07464 -0.064832 -0.069779 0.0733933 
0.0225009 -0.0494828 -0.0797596 0.00294356 0.0290444 0 0.0692715 -0.0109041 0.00242127 -0.0136185 -0.0786153 0.0732403 -0.0309909 0.02298 0.0512949 -0.0181978 -0.0979214 -0.00342501 -0.0809533 0.0900897 0.0211557 0.0713184 -0.00219536 0.0379239 -0.0343072 0.00411725 
0.0925195 0.0632319 -0.0123586 0.0228836 -0.0266611 -0.0692715 0 0.0795774 -0.0264921 -0.0781229 -0.0375325 -0.0142909 -0.000842047 0.0194099 -0.0427349 -0.0229918 0.0840495 0.0862979 -0.0177198 -0.0218039 0.0217558 -0.0894292 -0.0108319 0.0563992 0.0837999 0.0102802 
0.0163107 0.044315 -0.0372579 0.0822003 -0.0358033 0.0109041 -0.0795774 0 -0.0387324 0.0410244 -0.0826205 -0.00108775 0.0112784 0.00858958 0.0507769 0.0476146 0.090022 -0.031804 0.0331922 0.0254949 -0.0242995 0.0942414 0.0816509 -0.0181209 -0.0346887 -0.0292318 
0.0681897 0.0785526 0.0876458 -0.0119402 -0.0207826 -0.00242127 0.0264921 0.0387324 0 -0.0455027 -0.0642983 0.053618 0.0260405 0.0514742 -0.0755997 0.0157898 -0.0415204 -0.0601485 -0.0101765 0.0726885 -0.0988811 0.0778528 -0.048486 0.0880803 0.0359524 -0.00602485 
0.0338295 -0.0338075 -0.0281767 -0.0375361 -0.032898 0.0136185 0.0781229 -0.0410244 0.0455027 0 -0.0450317 0.0693703 -0.0526225 0.0541883 0.00181235 -0.0373411 0.0247592 -0.066219 -0.0525954 0.0559937 -0.073031 -0.0205284 -0.0416495 0.0616605 0.07097 0.0924035 
0.0625714 -0.0630243 -0.00242619 -0.00774668 0.0884037 0.0786153 0.0375325 0.0826205 0.0642983 0.0450317 0 -0.028138 -0.00752127 0.0380459 -0.0872381 0.0736792 -0.0727661 -0.00639113 0.0878217 -0.0271577 0.0547116 -0.0909219 -0.00548398 0.073582 0.0232296 -0.0689997 
0.0399474 0.0523158 0.0987491 0.00289023 0.0482282 -0.0732403 0.0142909 0.00108775 -0.053618 -0.0693703 0.028138 0 -0.0689893 0.0323136 -0.0128543 0.0445149 -0.0788354 0.00619116 -0.0717259 0.0953296 -0.0709689 0.0336064 -0.0137848 0.0714849 -0.0344392 0.0647096 
0.0920198 0.0213607 0.0169055 0.042856 -0.0570862 0.0309909 0.000842047 -0.0112784 -0.0260405 0.0526225 0.00752127 0.0689893 0 0.0346772 -0.00191239 -0.0777599 -0.0770521 0.0093153 -0.0266231 -0.054897 0.0341021 0.0303373 0.0791769 -0.0997067 0.0211283 -0.00972562 
0.0384321 0.0218649 0.0250076 0.09198 0.0273774 -0.02298 -0.0194099 -0.00858958 -0.0514742 -0.0541883 -0.0380459 -0.0323136 -0.0346772 0 0.0206228 -0.00621107 -0.0279351 -0.0937563 0.0784525 -0.0713572 -0.093194 0.0855642 0.0230179 -0.0883781 -0.0605415 -0.0596408 
-0.0462262 0.0268543 0.0812414 0.0421889 -0.0193853 -0.0512949 0.0427349 -0.0507769 0.0755997 -0.00181235 0.0872381 0.0128543 0.00191239 -0.0206228 0 -0.0554708 0.0764374 -0.0355083 0.0823341 0.0744242 -0.0814487 -0.0395218 -0.0668793 0.0325849 0.0561416 0.087443 
-0.024415 0.0742113 -0.0131375 0.0175244 0.0619772 0.0181978 0.0229918 -0.0476146 -0.0157898 0.0373411 -0.0736792 -0.0445149 0.0777599 0.00621107 0.0554708 0 -0.062682 -0.0159237 -0.0226435 0.0488612 -0.0212548 -0.00938383 0.0692984 0.0315534 -0.0427684 0.0184477 
-0.0323978 0.0671125 -0.0653935 0.0306955 0.0889352 0.0979214 -0.0840495 -0.090022 0.0415204 -0.0247592 0.0727661 0.0788354 0.0770521 0.0279351 -0.0764374 0.062682 0 0.0450501 0.0387916 -0.00768268 -0.018571 -0.0194567 -0.0241223 0.0258478 0.0655402 -0.0218906 
-0.0357605 0.0377 0.0379409 0.0380957 0.0899923 0.00342501 -0.0862979 0.031804 0.0601485 0.066219 0.00639113 -0.00619116 -0.0093153 0.0937563 0.0355083 0.0159237 -0.0450501 0 0.0853226 -0.0776754 -0.0598912 0.00788465 -0.0101045 -0.0657931 0.0129332 -0.0845925 
-0.0490143 -0.0463105 -0.0077582 -0.063027 0.0784466 0.0809533 0.0177198 -0.0331922 0.0101765 0.0525954 -0.0878217 0.0717259 0.0266231 -0.0784525 -0.0823341 0.0226435 -0.0387916 -0.0853226 0 -0.0182994 0.0838558 -0.0262812 0.045244 -0.087577 -0.0639242 0.0254503 
0.0217082 -0.0436375 -0.0819031 0.0778292 0.00812917 -0.0900897 0.0218039 -0.0254949 -0.0726885 -0.0559937 0.0271577 -0.0953296 0.054897 0.0713572 -0.0744242 -0.0488612 0.00768268 0.0776754 0.0182994 0 0.0216336 0.0923307 0.0335245 -0.0135694 -0.0428546 -0.0778418 
-0.0012323 -0.0378041 -0.0242472 -0.0965812 0.0179031 -0.0211557 -0.0217558 0.0242995 0.0988811 0.073031 -0.0547116 0.0709689 -0.0341021 0.093194 0.0814487 0.0212548 0.018571 0.0598912 -0.0838558 -0.0216336 0 0.0120629 0.00910596 -0.0126026 -0.0280334 0.0511487 
-0.0597457 -0.00194974 0.0737392 0.096417 0.0458072 -0.0713184 0.0894292 -0.0942414 -0.0778528 0.0205284 0.0909219 -0.0336064 -0.0303373 -0.0855642 0.0395218 0.00938383 0.0194567 -0.00788465 0.0262812 -0.0923307 -0.0120629 0 0.0392445 0.0516211 -0.00731678 -0.0715773 
-0.0596267 -0.0443304 -0.0478854 -0.014729 -0.07464 0.00219536 0.0108319 -0.0816509 0.048486 0.0416495 0.00548398 0.0137848 -0.0791769 -0.0230179 0.0668793 -0.0692984 0.0241223 0.0101045 -0.045244 -0.0335245 -0.00910596 -0.0392445 0 0.0525401 -0.00320138 0.0344701 
-0.092609 0.0138573 0.0247958 -0.0205595 0.064832 -0.0379239 -0.0563992 0.0181209 -0.0880803 -0.0616605 -0.073582 -0.0714849 0.0997067 0.0883781 -0.0325849 -0.0315534 -0.0258478 0.0657931 0.087577 0.0135694 0.0126026 -0.0516211 -0.0525401 0 -0.0731251 -0.094282 
-0.0468921 -0.0693109 0.0860187 0.0680841 0.069779 0.0343072 -0.0837999 0.0346887 -0.0359524 -0.07097 -0.0232296 0.0344392 -0.0211283 0.0605415 -0.0561416 0.0427684 -0.0655402 -0.0129332 0.0639242 0.0428546 0.0280334 0.00731678 0.00320138 0.0731251 0 0.0246212 
0.0209165 0.00669519 -0.00380362 -0.0403416 -0.0733933 -0.00411725 -0.0102802 0.0292318 0.00602485 -0.0924035 0.0689997 -0.0647096 0.00972562 0.0596408 -0.087443 -0.0184477 0.0218906 0.0845925 -0.0254503 0.0778418 -0.0511487 0.0715773 -0.0344701 0.094282 -0.0246212 0 
